     2.001      17.11
     6.002      20.82
        10         21
        14      21.05
        18      20.91
     22.01      21.02
     26.01      21.43
     30.01      21.54
     34.01      21.55
     38.01      21.77
     42.01      21.96
     46.01      22.14
     50.01       22.4
     54.01      22.47
     58.02       22.3
     62.02      22.41
     66.02      22.74
     70.02      22.84
     74.02      22.68
     78.02      23.06
     82.02      23.28
     86.02      23.31
     90.02      23.35
     94.03      23.29
     98.03      23.33
       102       23.5
       106      23.59
       110      23.61
       114      23.74
       118      23.65
       122      23.63
       126      23.86
       130      23.99
       134      24.12
       138      23.85
       142      24.11
       146      24.28
       150      24.23
       154      24.19
       158      24.03
       162      24.37
       166      24.42
       170      24.51
       174       24.6
       178      24.64
     182.1      24.61
     186.1      24.67
     190.1      24.69
     194.1      24.72
     198.1      24.73
     202.1       24.8
     206.1      24.83
     210.1      24.53
     214.1      24.84
     218.1      25.05
     222.1      25.03
     226.1         25
     230.1      25.11
     234.1       25.2
     238.1      25.14
     242.1      25.15
     246.1      25.23
     250.1       25.3
     254.1      25.35
     258.1      25.31
     262.1      25.36
     266.1      25.36
     270.1      25.39
     274.1      24.82
     278.1      25.33
     282.1      24.99
     286.1      25.28
     290.1      25.56
     294.1      25.67
     298.1      25.73
     302.1      25.73
     306.1      25.87
     310.1      26.09
     314.1      26.09
     318.1      26.19
     322.1      25.97
     326.1      26.12
     330.1      26.56
     334.1      26.63
     338.1      26.32
     342.1      26.41
     346.1      26.57
     350.1      26.47
