     6.002  2.388e+08
        10  2.351e+08
        14  1.778e+08
     18.01  1.398e+08
     22.01  1.054e+08
     26.01  8.776e+07
     30.01  7.303e+07
     34.01  6.612e+07
     38.01  6.907e+07
     42.01  6.621e+07
     46.01  7.532e+07
     50.02  5.598e+07
     54.02  3.825e+07
     58.02  2.962e+07
     62.02  2.494e+07
     66.02  2.023e+07
     70.02  1.876e+07
     74.02  1.598e+07
     78.02  1.422e+07
     82.03  1.409e+07
     86.03  1.559e+07
     90.03  1.461e+07
     94.03  1.184e+07
     98.03  1.143e+07
       102  1.103e+07
       106  1.206e+07
       110  1.451e+07
       114   1.41e+07
       118  1.213e+07
       122  1.149e+07
       126  1.058e+07
       130  9.319e+06
       134  9.029e+06
       138  8.241e+06
       142  7.242e+06
       146  6.709e+06
       150  6.806e+06
       154  5.917e+06
       158  5.393e+06
     162.1  5.049e+06
     166.1  4.519e+06
     170.1  4.209e+06
     174.1  4.019e+06
     178.1  3.423e+06
     182.1   3.43e+06
     186.1  3.436e+06
     190.1   2.82e+06
     194.1  2.963e+06
     198.1  3.491e+06
     202.1   2.79e+06
     206.1  2.626e+06
     210.1  2.178e+06
     214.1  1.986e+06
     218.1  1.877e+06
     222.1  1.909e+06
     226.1  1.573e+06
     230.1  1.351e+06
     234.1  1.486e+06
     238.1   1.38e+06
     242.1  1.424e+06
     246.1  1.367e+06
     250.1  1.194e+06
     254.1  9.267e+05
     258.1  7.845e+05
     262.1  5.421e+05
     266.1  5.813e+05
     270.1  5.037e+05
     274.1    2.7e+05
     278.1  3.282e+05
     282.1  2.922e+05
     286.1   2.54e+05
     290.1  1.244e+05
     294.1  1.151e+05
     298.1  1.271e+05
     302.1  1.255e+05
     306.1  1.138e+05
     310.1  1.004e+05
     314.1  7.525e+04
     318.1   4.87e+04
     322.1    4.7e+04
     326.1  2.277e+04
     330.1       9407
     334.1       8666
     338.1  2.599e+04
     342.1  1.473e+04
     346.1  1.125e+04
     350.1          0
