     2.001  5.244e+09
     6.002  4.128e+10
        10  1.004e+11
        14   1.63e+11
     18.01  2.263e+11
     22.01  2.846e+11
     26.01   3.42e+11
     30.01  3.971e+11
     34.01  4.536e+11
     38.01  5.196e+11
     42.01  5.896e+11
     46.01  6.767e+11
     50.02  7.471e+11
     54.02  7.991e+11
     58.02  8.423e+11
     62.02  8.811e+11
     66.02  9.147e+11
     70.02  9.477e+11
     74.02  9.775e+11
     78.02  1.005e+12
     82.03  1.034e+12
     86.03  1.068e+12
     90.03  1.101e+12
     94.03  1.129e+12
     98.03  1.157e+12
       102  1.186e+12
       106  1.218e+12
       110  1.258e+12
       114  1.298e+12
       118  1.334e+12
       122   1.37e+12
       126  1.403e+12
       130  1.434e+12
       134  1.464e+12
       138  1.493e+12
       142  1.518e+12
       146  1.543e+12
       150  1.569e+12
       154  1.592e+12
       158  1.613e+12
     162.1  1.634e+12
     166.1  1.653e+12
     170.1  1.671e+12
     174.1  1.688e+12
     178.1  1.703e+12
     182.1  1.719e+12
     186.1  1.735e+12
     190.1  1.749e+12
     194.1  1.763e+12
     198.1  1.781e+12
     202.1  1.795e+12
     206.1  1.808e+12
     210.1   1.82e+12
     214.1  1.831e+12
     218.1  1.841e+12
     222.1  1.851e+12
     226.1   1.86e+12
     230.1  1.868e+12
     234.1  1.877e+12
     238.1  1.885e+12
     242.1  1.894e+12
     246.1  1.902e+12
     250.1   1.91e+12
     254.1  1.916e+12
     258.1  1.921e+12
     262.1  1.924e+12
     266.1  1.928e+12
     270.1  1.932e+12
     274.1  1.934e+12
     278.1  1.936e+12
     282.1  1.938e+12
     286.1   1.94e+12
     290.1  1.941e+12
     294.1  1.942e+12
     298.1  1.943e+12
     302.1  1.943e+12
     306.1  1.944e+12
     310.1  1.945e+12
     314.1  1.946e+12
     318.1  1.946e+12
     322.1  1.947e+12
     326.1  1.947e+12
     330.1  1.947e+12
     334.1  1.947e+12
     338.1  1.947e+12
     342.1  1.947e+12
     346.1  1.947e+12
     350.1  1.947e+12
