     2.001  1.216e-17
     6.002  9.897e-18
        10  8.524e-18
        14  6.211e-18
     18.01  5.595e-18
     22.01  4.855e-18
     26.01  4.919e-18
     30.01  3.941e-18
     34.01  3.506e-18
     38.01  3.261e-18
     42.01  3.185e-18
     46.01   2.83e-18
     50.02  2.095e-18
     54.02  1.451e-18
     58.02  1.248e-18
     62.02  1.043e-18
     66.02  9.024e-19
     70.02  8.429e-19
     74.02   6.75e-19
     78.02   6.41e-19
     82.03  6.951e-19
     86.03   8.44e-19
     90.03  6.468e-19
     94.03  5.218e-19
     98.03  4.683e-19
       102  5.192e-19
       106  5.515e-19
       110   5.81e-19
       114  5.032e-19
       118  4.571e-19
       122   4.49e-19
       126   3.79e-19
       130  3.619e-19
       134   3.29e-19
       138  3.123e-19
       142  2.825e-19
       146  2.721e-19
       150  2.425e-19
       154  2.312e-19
       158   2.15e-19
     162.1  2.035e-19
     166.1  1.867e-19
     170.1  1.696e-19
     174.1  1.472e-19
     178.1  1.432e-19
     182.1  1.494e-19
     186.1   1.43e-19
     190.1  1.185e-19
     194.1  1.283e-19
     198.1  1.407e-19
     202.1  1.244e-19
     206.1  1.643e-19
     210.1  3.146e-19
     214.1  1.783e-19
     218.1  9.031e-20
     222.1  7.109e-20
     226.1  6.185e-20
     230.1  6.585e-20
     234.1  6.179e-20
     238.1  6.436e-20
     242.1  5.818e-20
     246.1  6.024e-20
     250.1  5.505e-20
     254.1  4.662e-20
     258.1  4.793e-20
     262.1  4.211e-20
     266.1  4.553e-20
     270.1  3.443e-20
     274.1  3.044e-20
     278.1  3.595e-20
     282.1  3.889e-20
     286.1  2.506e-20
     290.1    1.8e-20
     294.1  2.557e-20
     298.1  2.051e-20
     302.1  3.817e-20
     306.1  4.196e-20
     310.1  4.234e-20
     314.1  6.637e-20
     318.1  2.395e-20
     322.1  2.643e-20
     326.1  6.977e-21
     330.1  2.349e-21
     334.1  1.605e-20
     338.1  1.268e-20
     342.1  1.756e-20
     346.1  7.488e-21
     350.1      1e-23
