     2.001       20.3
     6.002      20.53
        10      20.69
        14      21.03
     18.01      21.15
     22.01       21.3
     26.01      21.29
     30.01      21.53
     34.01      21.65
     38.01      21.73
     42.01      21.76
     46.01      21.89
     50.02      22.21
     54.02      22.61
     58.02      22.78
     62.02      22.97
     66.02      23.13
     70.02       23.2
     74.02      23.44
     78.02       23.5
     82.03      23.41
     86.03       23.2
     90.03      23.49
     94.03      23.72
     98.03      23.84
       102      23.73
       106      23.66
       110      23.61
       114      23.76
       118      23.87
       122      23.89
       126      24.07
       130      24.12
       134      24.22
       138      24.28
       142      24.39
       146      24.43
       150      24.55
       154      24.61
       158      24.69
     162.1      24.74
     166.1      24.84
     170.1      24.94
     174.1       25.1
     178.1      25.13
     182.1      25.08
     186.1      25.13
     190.1      25.33
     194.1      25.25
     198.1      25.15
     202.1      25.28
     206.1      24.98
     210.1      24.27
     214.1      24.89
     218.1      25.63
     222.1      25.89
     226.1      26.04
     230.1      25.97
     234.1      26.04
     238.1      25.99
     242.1       26.1
     246.1      26.07
     250.1      26.16
     254.1      26.34
     258.1      26.31
     262.1      26.46
     266.1      26.37
     270.1      26.67
     274.1      26.81
     278.1      26.63
     282.1      26.54
     286.1      27.02
     290.1      27.38
     294.1         27
     298.1      27.24
     302.1      26.56
     306.1      26.46
     310.1      26.45
     314.1      25.96
     318.1      27.07
     322.1      26.96
     326.1      28.41
     330.1      29.59
     334.1       27.5
     338.1      27.76
     342.1       27.4
     346.1      28.33
     350.1      35.52
