     6.002  3.254e+08
        10  1.538e+08
        14  1.148e+08
        18  7.982e+07
     22.01  6.111e+07
     26.01  4.491e+07
     30.01  3.765e+07
     34.01  3.252e+07
     38.01  2.382e+07
     42.01  1.947e+07
     46.01  1.598e+07
     50.01   1.33e+07
     54.01  1.269e+07
     58.02  1.035e+07
     62.02  9.555e+06
     66.02  6.975e+06
     70.02  6.798e+06
     74.02  6.089e+06
     78.02  4.796e+06
     82.02  4.709e+06
     86.02  3.903e+06
     90.02  3.554e+06
     94.03   2.79e+06
     98.03  2.796e+06
       102  2.236e+06
       106  2.293e+06
       110  2.165e+06
       114  1.802e+06
       118  1.394e+06
       122  1.523e+06
       126   1.27e+06
       130  1.173e+06
       134   1.15e+06
       138  1.204e+06
       142  1.467e+06
       146    1.5e+06
       150  1.123e+06
       154  9.919e+05
       158  8.802e+05
       162  1.015e+06
       166  1.003e+06
       170  7.267e+05
       174  7.545e+05
       178  6.647e+05
     182.1  6.757e+05
     186.1  4.345e+05
     190.1  4.895e+05
     194.1  4.625e+05
     198.1      4e+05
     202.1   3.15e+05
     206.1   2.86e+05
     210.1  3.337e+05
     214.1  2.914e+05
     218.1  2.557e+05
     222.1  2.258e+05
     226.1  2.082e+05
     230.1  1.534e+05
     234.1  1.038e+05
     238.1  1.669e+05
     242.1  1.897e+05
     246.1  1.817e+05
     250.1  2.173e+05
     254.1   1.32e+05
     258.1  1.235e+05
     262.1  5.442e+04
     266.1  6.386e+04
     270.1  7.542e+04
     274.1   4.15e+04
     278.1  3.887e+04
     282.1  5.083e+04
     286.1       4951
     290.1  1.166e+04
     294.1  1.381e+04
     298.1   2.91e+04
     302.1  2.908e+04
     306.1  1.949e+04
     310.1  1.317e+04
     314.1       8577
     318.1       4583
     322.1       4197
     326.1       5578
     330.1          0
     334.1       4055
     338.1          0
     342.1          0
     346.1          0
     350.1       4530
