     2.001  1.132e+10
     6.002  6.041e+10
        10  9.908e+10
        14  1.395e+11
        18  1.756e+11
     22.01  2.094e+11
     26.01  2.388e+11
     30.01  2.672e+11
     34.01   2.95e+11
     38.01  3.178e+11
     42.01  3.383e+11
     46.01  3.568e+11
     50.01  3.735e+11
     54.01  3.908e+11
     58.02  4.059e+11
     62.02  4.208e+11
     66.02  4.324e+11
     70.02  4.443e+11
     74.02  4.556e+11
     78.02  4.651e+11
     82.02  4.748e+11
     86.02  4.832e+11
     90.02  4.912e+11
     94.03  4.978e+11
     98.03  5.047e+11
       102  5.105e+11
       106  5.166e+11
       110  5.226e+11
       114  5.277e+11
       118  5.319e+11
       122  5.365e+11
       126  5.406e+11
       130  5.444e+11
       134  5.483e+11
       138  5.525e+11
       142  5.577e+11
       146  5.632e+11
       150  5.674e+11
       154  5.713e+11
       158  5.748e+11
       162  5.789e+11
       166  5.831e+11
       170  5.862e+11
       174  5.895e+11
       178  5.925e+11
     182.1  5.956e+11
     186.1  5.976e+11
     190.1  5.999e+11
     194.1  6.022e+11
     198.1  6.042e+11
     202.1  6.058e+11
     206.1  6.073e+11
     210.1   6.09e+11
     214.1  6.106e+11
     218.1   6.12e+11
     222.1  6.133e+11
     226.1  6.144e+11
     230.1  6.153e+11
     234.1  6.159e+11
     238.1  6.169e+11
     242.1  6.181e+11
     246.1  6.192e+11
     250.1  6.206e+11
     254.1  6.214e+11
     258.1  6.222e+11
     262.1  6.226e+11
     266.1   6.23e+11
     270.1  6.235e+11
     274.1  6.238e+11
     278.1  6.241e+11
     282.1  6.244e+11
     286.1  6.245e+11
     290.1  6.246e+11
     294.1  6.247e+11
     298.1  6.249e+11
     302.1  6.251e+11
     306.1  6.253e+11
     310.1  6.254e+11
     314.1  6.254e+11
     318.1  6.255e+11
     322.1  6.255e+11
     326.1  6.255e+11
     330.1  6.255e+11
     334.1  6.256e+11
     338.1  6.256e+11
     342.1  6.256e+11
     346.1  6.256e+11
     350.1  6.256e+11
