     2.001  7.402e-18
     6.002  3.239e-18
        10  1.746e-18
        14  1.305e-18
        18  9.254e-19
     22.01  7.539e-19
     26.01  5.775e-19
     30.01  5.421e-19
     34.01  4.164e-19
     38.01  3.493e-19
     42.01  2.852e-19
     46.01  2.265e-19
     50.01  2.018e-19
     54.01  1.818e-19
     58.02  1.552e-19
     62.02  1.348e-19
     66.02  1.274e-19
     70.02  1.197e-19
     74.02  9.165e-20
     78.02  8.269e-20
     82.02  7.517e-20
     86.02  5.267e-20
     90.02  4.829e-20
     94.03  4.315e-20
     98.03  3.768e-20
       102  3.591e-20
       106  3.399e-20
       110   3.06e-20
       114  2.537e-20
       118  2.632e-20
       122   2.91e-20
       126  2.117e-20
       130  1.833e-20
       134  1.828e-20
       138  2.094e-20
       142  2.429e-20
       146  2.056e-20
       150  1.604e-20
       154  1.344e-20
       158  1.306e-20
       162  1.476e-20
       166  1.177e-20
       170  1.068e-20
       174  1.003e-20
       178  9.278e-21
     182.1  7.131e-21
     186.1   6.25e-21
     190.1  6.275e-21
     194.1  6.715e-21
     198.1  4.686e-21
     202.1   4.31e-21
     206.1  4.409e-21
     210.1  4.516e-21
     214.1  4.625e-21
     218.1  4.197e-21
     222.1  2.878e-21
     226.1  3.063e-21
     230.1  1.946e-21
     234.1   2.04e-21
     238.1  3.786e-21
     242.1  3.693e-21
     246.1  2.767e-21
     250.1  3.057e-21
     254.1  2.618e-21
     258.1  2.372e-21
     262.1  1.596e-21
     266.1  1.762e-21
     270.1   1.79e-21
     274.1  1.298e-21
     278.1  1.339e-21
     282.1  1.075e-21
     286.1  5.041e-22
     290.1  4.651e-22
     294.1  9.547e-22
     298.1  1.618e-21
     302.1  1.172e-21
     306.1  1.083e-21
     310.1  1.035e-21
     314.1  9.541e-22
     318.1  1.726e-22
     322.1  7.775e-22
     326.1  1.416e-22
     330.1  7.512e-22
     334.1  1.614e-23
     338.1      1e-23
     342.1  3.744e-23
     346.1  1.507e-21
     350.1  1.222e-23
