     2.001      20.84
     6.002      21.74
        10      22.41
        14      22.73
        18       23.1
     22.01      23.32
     26.01      23.61
     30.01      23.68
     34.01      23.97
     38.01      24.16
     42.01      24.38
     46.01      24.63
     50.01      24.75
     54.01      24.87
     58.02      25.04
     62.02      25.19
     66.02      25.25
     70.02      25.32
     74.02      25.61
     78.02      25.72
     82.02      25.83
     86.02      26.21
     90.02      26.31
     94.03      26.43
     98.03      26.58
       102      26.63
       106      26.69
       110       26.8
       114      27.01
       118      26.97
       122      26.86
       126       27.2
       130      27.36
       134      27.36
       138      27.21
       142      27.05
       146      27.23
       150       27.5
       154       27.7
       158      27.73
       162      27.59
       166      27.84
       170      27.95
       174      28.01
       178       28.1
     182.1      28.38
     186.1      28.53
     190.1      28.52
     194.1      28.45
     198.1      28.84
     202.1      28.93
     206.1      28.91
     210.1      28.88
     214.1      28.85
     218.1      28.96
     222.1      29.37
     226.1       29.3
     230.1      29.79
     234.1      29.74
     238.1      29.07
     242.1       29.1
     246.1      29.41
     250.1       29.3
     254.1      29.47
     258.1      29.58
     262.1      30.01
     266.1       29.9
     270.1      29.88
     274.1      30.23
     278.1       30.2
     282.1      30.44
     286.1      31.26
     290.1      31.35
     294.1      30.57
     298.1      29.99
     302.1      30.34
     306.1      30.43
     310.1      30.48
     314.1      30.57
     318.1      32.42
     322.1      30.79
     326.1      32.64
     330.1      30.83
     334.1         35
     338.1      35.52
     342.1      34.08
     346.1      30.07
     350.1       35.3
