     2.001      20.39
     6.002      20.66
        10       20.9
        14      21.09
        18      21.13
     22.01      21.42
     26.01      21.59
     30.01      21.67
     34.01      21.89
     38.01      22.01
     42.01      22.15
     46.01      22.25
     50.01      22.54
     54.01      22.61
     58.02      22.66
     62.02      22.55
     66.02      22.96
     70.02      22.99
     74.02      23.24
     78.02      23.33
     82.02      23.37
     86.02      23.35
     90.02      23.32
     94.03      23.62
     98.03      23.67
       102      23.68
       106      23.79
       110       23.9
       114         24
       118      24.04
       122      24.03
       126      24.15
       130      24.14
       134      24.22
       138      24.19
       142      24.24
       146      24.41
       150      24.45
       154      24.41
       158      24.49
       162      24.59
       166      24.68
       170      24.71
       174      24.72
       178      24.71
     182.1      24.68
     186.1      24.76
     190.1      24.74
     194.1         25
     198.1      24.92
     202.1      24.99
     206.1      25.03
     210.1      25.12
     214.1       25.2
     218.1      25.22
     222.1      25.26
     226.1      25.27
     230.1      25.12
     234.1      24.96
     238.1      25.35
     242.1      25.41
     246.1      25.43
     250.1      25.51
     254.1      25.51
     258.1      25.59
     262.1      25.64
     266.1      25.68
     270.1      25.77
     274.1      25.85
     278.1      25.89
     282.1      26.04
     286.1      26.09
     290.1      25.93
     294.1      25.84
     298.1      25.98
     302.1      26.08
     306.1      26.07
     310.1      26.27
     314.1      26.31
     318.1      26.19
     322.1      26.15
     326.1      26.19
     330.1      26.54
     334.1      26.47
     338.1      26.53
     342.1      26.55
     346.1      26.58
     350.1      26.57
