     6.002  3.374e+08
        10  2.508e+08
        14  1.724e+08
        18  1.371e+08
     22.01  1.166e+08
     26.01  9.615e+07
     30.01  7.816e+07
     34.01  6.129e+07
     38.01  4.918e+07
     42.01   4.16e+07
     46.01  3.855e+07
     50.01  3.338e+07
     54.01   2.78e+07
     58.02    2.6e+07
     62.02  2.224e+07
     66.02  2.156e+07
     70.02  2.003e+07
     74.02  1.904e+07
     78.02  1.675e+07
     82.02   1.61e+07
     86.02  1.413e+07
     90.02  1.353e+07
     94.03  1.243e+07
     98.03  1.122e+07
       102  1.076e+07
       106  1.005e+07
       110  9.476e+06
       114  8.961e+06
       118  8.386e+06
       122  7.322e+06
       126  6.979e+06
       130  6.808e+06
       134  6.925e+06
       138  7.025e+06
       142  6.142e+06
       146  5.661e+06
       150  6.127e+06
       154   5.96e+06
       158  5.664e+06
       162  5.728e+06
       166  5.079e+06
       170  4.874e+06
       174   4.09e+06
       178   4.04e+06
     182.1  4.366e+06
     186.1  3.497e+06
     190.1  3.885e+06
     194.1  3.333e+06
     198.1  3.334e+06
     202.1  3.399e+06
     206.1  3.364e+06
     210.1  4.355e+06
     214.1  4.135e+06
     218.1  3.788e+06
     222.1  3.524e+06
     226.1  2.798e+06
     230.1  2.591e+06
     234.1  2.773e+06
     238.1  2.425e+06
     242.1  2.256e+06
     246.1  2.226e+06
     250.1  2.161e+06
     254.1  1.556e+06
     258.1  1.408e+06
     262.1  1.206e+06
     266.1  8.945e+05
     270.1  8.471e+05
     274.1  9.055e+05
     278.1  8.112e+05
     282.1  6.805e+05
     286.1  5.088e+05
     290.1  3.576e+05
     294.1  3.057e+05
     298.1  2.932e+05
     302.1  2.578e+05
     306.1  3.336e+05
     310.1  3.067e+05
     314.1  2.305e+05
     318.1  1.385e+05
     322.1  9.012e+04
     326.1   9.34e+04
     330.1  6.188e+04
     334.1  6.078e+04
     338.1  3.502e+04
     342.1  3.365e+04
     346.1       3841
     350.1  2.058e+04
