     2.001      18.23
     6.002      21.16
        10       21.5
        14      21.91
        18      22.09
     22.01      22.27
     26.01       22.4
     30.01      22.71
     34.01      22.95
     38.01         23
     42.01      22.87
     46.01      23.27
     50.01      23.57
     54.01      23.57
     58.02      23.74
     62.02      23.85
     66.02      23.94
     70.02      24.06
     74.02      24.18
     78.02      24.19
     82.02      24.44
     86.02      24.46
     90.02      24.53
     94.03      24.69
     98.03      24.78
       102      24.78
       106      24.85
       110      24.93
       114      24.95
       118      24.99
       122      25.14
       126      25.07
       130      25.12
       134      25.12
       138      25.25
       142      25.29
       146      25.18
       150      25.18
       154      24.85
       158      25.28
       162      25.49
       166      25.56
       170      25.65
       174      25.83
       178      25.61
     182.1      25.77
     186.1      25.79
     190.1       25.8
     194.1      25.91
     198.1      26.07
     202.1      25.98
     206.1      25.89
     210.1      25.79
     214.1      25.95
     218.1         26
     222.1      26.19
     226.1      26.33
     230.1      26.43
     234.1      26.34
     238.1      26.36
     242.1      26.45
     246.1       26.5
     250.1      26.59
     254.1      26.57
     258.1      26.64
     262.1      26.84
     266.1      26.97
     270.1      26.86
     274.1       26.9
     278.1      26.93
     282.1      26.96
     286.1       27.5
     290.1      27.41
     294.1      27.55
     298.1      27.58
     302.1      27.35
     306.1       27.1
     310.1      27.34
     314.1      27.44
     318.1      27.68
     322.1       27.8
     326.1      28.25
     330.1      27.99
     334.1      27.94
     338.1      28.37
     342.1      28.16
     346.1      27.63
     350.1      28.44
