     6.001  5.003e+08
        10  2.149e+08
        14   1.43e+08
        18  1.102e+08
        22  8.412e+07
        26  6.705e+07
        30  5.343e+07
        34  3.846e+07
        38  2.986e+07
        42  2.422e+07
     46.01  2.006e+07
     50.01  2.078e+07
     54.01   1.72e+07
     58.01  1.559e+07
     62.01  1.175e+07
     66.01   9.31e+06
     70.01  6.671e+06
     74.01  6.977e+06
     78.01  5.059e+06
     82.01  5.641e+06
     86.01  1.043e+07
     90.01  6.001e+06
     94.01  4.736e+06
     98.01  3.852e+06
       102  4.353e+06
       106  3.966e+06
       110  4.411e+06
       114  3.235e+06
       118  3.703e+06
       122  3.581e+06
       126  2.769e+06
       130  2.392e+06
       134  2.206e+06
       138  2.089e+06
       142  1.858e+06
       146  1.477e+06
       150  1.772e+06
       154  1.879e+06
       158  1.942e+06
       162  1.765e+06
       166  1.483e+06
       170  1.575e+06
       174  1.523e+06
       178  1.547e+06
       182  1.657e+06
       186  1.729e+06
       190  1.223e+06
       194  1.135e+06
       198  8.938e+05
       202  1.042e+06
       206  8.262e+05
       210  7.631e+05
       214  6.826e+05
       218  5.162e+05
       222  6.024e+05
       226  6.872e+05
       230  6.128e+05
       234  7.401e+05
       238  6.609e+05
       242  5.801e+05
       246  3.878e+05
       250  3.992e+05
       254   2.92e+05
       258   2.44e+05
       262  2.083e+05
       266  1.892e+05
       270  1.688e+05
       274  1.481e+05
       278    1.1e+05
       282  7.632e+04
       286  5.341e+04
       290  5.785e+04
       294  1.009e+04
       298       5347
       302  2.101e+04
       306       4881
       310  1.143e+04
       314       5078
       318          0
       322          0
       326          0
       330          0
       334          0
       338          0
       342          0
       346          0
       350          0
