         2  4.538e+10
     6.001  1.208e+11
        10  1.749e+11
        14  2.252e+11
        18   2.75e+11
        22  3.216e+11
        26  3.654e+11
        30  4.057e+11
        34  4.386e+11
        38  4.671e+11
        42  4.926e+11
     46.01  5.158e+11
     50.01   5.42e+11
     54.01  5.653e+11
     58.01   5.88e+11
     62.01  6.064e+11
     66.01  6.218e+11
     70.01  6.335e+11
     74.01  6.465e+11
     78.01  6.564e+11
     82.01  6.681e+11
     86.01  6.906e+11
     90.01  7.042e+11
     94.01  7.154e+11
     98.01  7.249e+11
       102   7.36e+11
       106  7.466e+11
       110  7.588e+11
       114  7.681e+11
       118  7.791e+11
       122    7.9e+11
       126  7.988e+11
       130  8.066e+11
       134  8.141e+11
       138  8.213e+11
       142  8.279e+11
       146  8.334e+11
       150    8.4e+11
       154  8.473e+11
       158   8.55e+11
       162  8.622e+11
       166  8.684e+11
       170  8.751e+11
       174  8.818e+11
       178  8.887e+11
       182  8.963e+11
       186  9.044e+11
       190  9.102e+11
       194  9.158e+11
       198  9.202e+11
       202  9.255e+11
       206  9.298e+11
       210  9.338e+11
       214  9.375e+11
       218  9.403e+11
       222  9.437e+11
       226  9.476e+11
       230  9.511e+11
       234  9.555e+11
       238  9.594e+11
       242   9.63e+11
       246  9.654e+11
       250  9.679e+11
       254  9.697e+11
       258  9.713e+11
       262  9.727e+11
       266  9.739e+11
       270  9.751e+11
       274  9.761e+11
       278  9.769e+11
       282  9.774e+11
       286  9.778e+11
       290  9.782e+11
       294  9.783e+11
       298  9.783e+11
       302  9.785e+11
       306  9.785e+11
       310  9.786e+11
       314  9.787e+11
       318  9.787e+11
       322  9.787e+11
       326  9.787e+11
       330  9.787e+11
       334  9.787e+11
       338  9.787e+11
       342  9.787e+11
       346  9.787e+11
       350  9.787e+11
