         2  1.009e-16
     6.001  2.213e-17
        10  1.336e-17
        14   1.03e-17
        18  8.233e-18
        22  7.239e-18
        26  6.522e-18
        30    6.3e-18
        34  3.742e-18
        38  3.514e-18
        42  3.184e-18
     46.01  3.298e-18
     50.01  2.915e-18
     54.01  2.792e-18
     58.01   3.38e-18
     62.01  2.991e-18
     66.01  1.673e-18
     70.01  1.249e-18
     74.01  1.004e-18
     78.01  9.201e-19
     82.01  9.709e-19
     86.01  9.645e-19
     90.01  7.306e-19
     94.01  8.285e-19
     98.01  9.878e-19
       102  8.129e-19
       106  8.512e-19
       110  9.134e-19
       114  1.005e-18
       118  1.179e-18
       122  9.652e-19
       126  5.941e-19
       130  4.003e-19
       134  3.462e-19
       138  2.772e-19
       142  2.154e-19
       146  2.085e-19
       150  2.297e-19
       154  2.472e-19
       158  2.502e-19
       162  1.904e-19
       166  1.875e-19
       170  1.881e-19
       174   1.78e-19
       178  1.975e-19
       182  2.122e-19
       186  1.935e-19
       190  1.819e-19
       194  1.742e-19
       198  1.031e-19
       202   1.09e-19
       206  9.571e-20
       210  7.803e-20
       214  6.369e-20
       218  7.824e-20
       222   8.12e-20
       226  7.041e-20
       230  7.659e-20
       234  7.909e-20
       238  8.131e-20
       242  5.474e-20
       246  5.007e-20
       250  4.635e-20
       254  4.373e-20
       258  3.607e-20
       262  3.989e-20
       266  3.432e-20
       270  3.234e-20
       274  2.673e-20
       278  2.371e-20
       282  1.203e-20
       286  1.741e-20
       290  5.555e-21
       294  4.568e-21
       298  7.985e-21
       302  4.312e-21
       306  3.825e-21
       310  5.191e-21
       314  8.078e-22
       318      1e-23
       322      1e-23
       326      1e-23
       330      1e-23
       334      1e-23
       338      1e-23
       342      1e-23
       346      1e-23
       350      1e-23
