         2      18.01
     6.001      19.65
        10       20.2
        14      20.48
        18      20.73
        22      20.87
        26      20.98
        30      21.02
        34      21.58
        38      21.65
        42      21.76
     46.01      21.72
     50.01      21.85
     54.01       21.9
     58.01      21.69
     62.01      21.83
     66.01      22.46
     70.01      22.77
     74.01      23.01
     78.01      23.11
     82.01      23.05
     86.01      23.06
     90.01      23.36
     94.01      23.22
     98.01      23.03
       102      23.24
       106      23.19
       110      23.11
       114      23.01
       118      22.84
       122      23.05
       126      23.58
       130      24.01
       134      24.17
       138      24.41
       142      24.68
       146      24.72
       150      24.61
       154      24.53
       158      24.52
       162      24.82
       166      24.83
       170      24.83
       174      24.89
       178      24.78
       182       24.7
       186       24.8
       190      24.87
       194      24.91
       198      25.48
       202      25.42
       206      25.56
       210      25.79
       214      26.01
       218      25.78
       222      25.74
       226       25.9
       230      25.81
       234      25.77
       238      25.74
       242      26.17
       246      26.27
       250      26.35
       254      26.41
       258      26.62
       262      26.51
       266      26.68
       270      26.74
       274      26.95
       278      27.08
       282      27.82
       286      27.41
       290      28.65
       294      28.87
       298      28.26
       302      28.93
       306      29.06
       310      28.73
       314      30.75
       318      35.52
       322      35.52
       326      35.52
       330      35.52
       334      35.52
       338      35.52
       342      35.52
       346      35.52
       350      35.52
