     6.002  4.888e+08
        10  2.684e+08
     14.01  1.724e+08
     18.01  1.261e+08
     22.01  9.374e+07
     26.01  7.074e+07
     30.01  5.368e+07
     34.01  4.249e+07
     38.02  3.219e+07
     42.02  2.464e+07
     46.02  2.268e+07
     50.02  2.057e+07
     54.02   1.99e+07
     58.02  1.743e+07
     62.02  1.496e+07
     66.03  1.166e+07
     70.03   1.07e+07
     74.03  9.273e+06
     78.03  8.539e+06
     82.03  7.831e+06
     86.03   7.01e+06
     90.04  6.856e+06
     94.04  6.095e+06
     98.04  5.811e+06
       102  5.566e+06
       106  5.635e+06
       110  5.212e+06
       114  4.603e+06
       118  4.859e+06
       122  5.652e+06
       126  4.919e+06
     130.1  4.355e+06
     134.1  3.452e+06
     138.1  3.484e+06
     142.1   3.35e+06
     146.1   3.72e+06
     150.1   2.94e+06
     154.1  2.642e+06
     158.1  2.384e+06
     162.1  2.315e+06
     166.1  2.447e+06
     170.1  2.743e+06
     174.1   3.26e+06
     178.1  2.763e+06
     182.1   2.57e+06
     186.1  2.141e+06
     190.1  2.045e+06
     194.1  1.816e+06
     198.1  1.534e+06
     202.1  1.657e+06
     206.1  1.495e+06
     210.1  1.494e+06
     214.1  1.399e+06
     218.1  1.364e+06
     222.1  1.256e+06
     226.1  1.208e+06
     230.1  1.166e+06
     234.1  1.087e+06
     238.1  1.041e+06
     242.1  1.077e+06
     246.1  1.098e+06
     250.1  1.008e+06
     254.1  8.936e+05
     258.1  5.138e+05
     262.1  5.934e+05
     266.1  5.521e+05
     270.1  4.088e+05
     274.1  3.796e+05
     278.1  3.018e+05
     282.1  3.137e+05
     286.1  3.091e+05
     290.1  2.318e+05
     294.1  2.206e+05
     298.1   2.23e+05
     302.1  1.591e+05
     306.1  1.099e+05
     310.1  1.493e+05
     314.1  6.249e+04
     318.1  5.455e+04
     322.1  6.808e+04
     326.1  5.259e+04
     330.1  5.065e+04
     334.1  4.409e+04
     338.1  2.765e+04
     342.1  2.712e+04
     346.1  1.609e+04
     350.1  2.011e+04
