     2.001  2.436e+10
     6.002  9.813e+10
        10  1.656e+11
     14.01  2.263e+11
     18.01  2.834e+11
     22.01  3.353e+11
     26.01  3.816e+11
     30.01  4.221e+11
     34.01  4.584e+11
     38.02  4.892e+11
     42.02  5.152e+11
     46.02  5.414e+11
     50.02  5.673e+11
     54.02  5.944e+11
     58.02  6.198e+11
     62.02  6.431e+11
     66.03  6.625e+11
     70.03  6.813e+11
     74.03  6.986e+11
     78.03  7.153e+11
     82.03  7.315e+11
     86.03  7.467e+11
     90.04  7.622e+11
     94.04  7.766e+11
     98.04  7.909e+11
       102  8.052e+11
       106  8.202e+11
       110  8.346e+11
       114  8.478e+11
       118  8.622e+11
       122  8.796e+11
       126  8.952e+11
     130.1  9.094e+11
     134.1  9.211e+11
     138.1  9.332e+11
     142.1  9.451e+11
     146.1  9.588e+11
     150.1  9.699e+11
     154.1  9.801e+11
     158.1  9.896e+11
     162.1   9.99e+11
     166.1  1.009e+12
     170.1  1.021e+12
     174.1  1.035e+12
     178.1  1.048e+12
     182.1  1.059e+12
     186.1  1.069e+12
     190.1  1.079e+12
     194.1  1.088e+12
     198.1  1.096e+12
     202.1  1.104e+12
     206.1  1.112e+12
     210.1   1.12e+12
     214.1  1.127e+12
     218.1  1.135e+12
     222.1  1.142e+12
     226.1  1.149e+12
     230.1  1.155e+12
     234.1  1.162e+12
     238.1  1.168e+12
     242.1  1.175e+12
     246.1  1.181e+12
     250.1  1.188e+12
     254.1  1.193e+12
     258.1  1.197e+12
     262.1  1.201e+12
     266.1  1.204e+12
     270.1  1.207e+12
     274.1   1.21e+12
     278.1  1.212e+12
     282.1  1.214e+12
     286.1  1.216e+12
     290.1  1.218e+12
     294.1   1.22e+12
     298.1  1.221e+12
     302.1  1.222e+12
     306.1  1.223e+12
     310.1  1.224e+12
     314.1  1.225e+12
     318.1  1.225e+12
     322.1  1.226e+12
     326.1  1.226e+12
     330.1  1.227e+12
     334.1  1.227e+12
     338.1  1.227e+12
     342.1  1.228e+12
     346.1  1.228e+12
     350.1  1.228e+12
