     2.001  2.611e-17
     6.002  1.213e-17
        10   7.66e-18
     14.01  5.543e-18
     18.01  3.859e-18
     22.01  3.245e-18
     26.01  2.759e-18
     30.01  2.044e-18
     34.01  1.763e-18
     38.02  1.288e-18
     42.02  9.788e-19
     46.02  9.915e-19
     50.02  8.772e-19
     54.02  7.661e-19
     58.02   7.49e-19
     62.02  5.982e-19
     66.03  5.336e-19
     70.03  4.736e-19
     74.03  4.446e-19
     78.03  4.178e-19
     82.03  3.664e-19
     86.03  3.298e-19
     90.04  2.705e-19
     94.04  2.296e-19
     98.04  2.466e-19
       102  2.307e-19
       106  2.116e-19
       110  2.044e-19
       114  1.761e-19
       118  2.001e-19
       122  2.317e-19
       126  2.073e-19
     130.1  1.668e-19
     134.1  2.131e-19
     138.1   1.45e-19
     142.1  1.453e-19
     146.1  1.332e-19
     150.1  1.135e-19
     154.1  9.737e-20
     158.1   1.05e-19
     162.1   9.82e-20
     166.1  1.129e-19
     170.1  1.254e-19
     174.1  1.388e-19
     178.1  1.154e-19
     182.1  1.059e-19
     186.1  8.911e-20
     190.1  8.636e-20
     194.1  7.685e-20
     198.1  6.923e-20
     202.1  6.622e-20
     206.1  6.346e-20
     210.1  6.168e-20
     214.1  6.568e-20
     218.1  6.928e-20
     222.1  6.631e-20
     226.1  5.858e-20
     230.1  6.023e-20
     234.1  4.627e-20
     238.1  5.885e-20
     242.1  1.113e-19
     246.1  8.286e-20
     250.1  7.543e-20
     254.1  3.412e-20
     258.1  3.799e-20
     262.1  3.616e-20
     266.1  3.687e-20
     270.1  3.126e-20
     274.1  3.379e-20
     278.1  2.583e-20
     282.1  3.127e-20
     286.1  4.169e-20
     290.1   2.97e-20
     294.1  3.199e-20
     298.1  2.888e-20
     302.1  2.555e-20
     306.1  2.273e-20
     310.1  2.668e-20
     314.1  1.591e-20
     318.1  1.619e-20
     322.1  2.548e-20
     326.1  2.219e-20
     330.1  1.663e-20
     334.1  2.922e-20
     338.1  2.596e-20
     342.1  2.163e-20
     346.1  4.579e-20
     350.1  1.109e-20
