     2.001      19.47
     6.002      20.31
        10      20.81
     14.01      21.16
     18.01      21.55
     22.01      21.74
     26.01      21.91
     30.01      22.24
     34.01       22.4
     38.02      22.74
     42.02      23.04
     46.02      23.03
     50.02      23.16
     54.02      23.31
     58.02      23.33
     62.02      23.57
     66.03       23.7
     70.03      23.83
     74.03       23.9
     78.03      23.96
     82.03      24.11
     86.03      24.22
     90.04      24.44
     94.04      24.61
     98.04      24.54
       102      24.61
       106       24.7
       110      24.74
       114       24.9
       118      24.76
       122       24.6
       126      24.72
     130.1      24.96
     134.1      24.69
     138.1      25.11
     142.1      25.11
     146.1       25.2
     150.1      25.38
     154.1      25.55
     158.1      25.46
     162.1      25.54
     166.1      25.38
     170.1      25.27
     174.1      25.16
     178.1      25.36
     182.1      25.45
     186.1      25.64
     190.1      25.68
     194.1       25.8
     198.1      25.92
     202.1      25.96
     206.1      26.01
     210.1      26.04
     214.1      25.97
     218.1      25.91
     222.1      25.96
     226.1       26.1
     230.1      26.07
     234.1      26.35
     238.1      26.09
     242.1       25.4
     246.1      25.72
     250.1      25.82
     254.1      26.68
     258.1      26.57
     262.1      26.62
     266.1       26.6
     270.1      26.78
     274.1      26.69
     278.1      26.99
     282.1      26.78
     286.1      26.47
     290.1      26.83
     294.1      26.75
     298.1      26.86
     302.1         27
     306.1      27.12
     310.1      26.95
     314.1      27.51
     318.1      27.49
     322.1         27
     326.1      27.15
     330.1      27.46
     334.1      26.85
     338.1      26.98
     342.1      27.18
     346.1      26.36
     350.1       27.9
