     6.002  6.667e+08
        10  4.809e+08
     14.01  3.128e+08
     18.01  2.081e+08
     22.01  1.578e+08
     26.01  1.088e+08
     30.01  8.921e+07
     34.01  7.734e+07
     38.02   6.32e+07
     42.02  5.095e+07
     46.02  4.344e+07
     50.02  3.526e+07
     54.02  3.465e+07
     58.02  2.588e+07
     62.02  2.201e+07
     66.03  1.927e+07
     70.03  1.847e+07
     74.03  1.847e+07
     78.03  1.583e+07
     82.03  1.274e+07
     86.03  1.141e+07
     90.04  1.242e+07
     94.04   1.27e+07
     98.04  1.045e+07
       102  7.237e+06
       106  7.264e+06
       110   7.36e+06
       114  6.648e+06
       118  6.573e+06
       122  6.629e+06
       126  6.485e+06
     130.1  6.731e+06
     134.1    7.8e+06
     138.1  6.576e+06
     142.1  6.204e+06
     146.1  6.493e+06
     150.1  5.041e+06
     154.1  4.594e+06
     158.1  4.221e+06
     162.1  4.233e+06
     166.1  3.844e+06
     170.1  3.681e+06
     174.1  3.417e+06
     178.1  3.111e+06
     182.1  3.072e+06
     186.1  2.743e+06
     190.1  2.019e+06
     194.1  2.046e+06
     198.1  2.082e+06
     202.1  1.877e+06
     206.1  2.192e+06
     210.1  2.131e+06
     214.1  1.766e+06
     218.1  1.977e+06
     222.1  1.701e+06
     226.1   1.53e+06
     230.1  1.659e+06
     234.1  2.109e+06
     238.1  2.268e+06
     242.1  1.662e+06
     246.1  1.467e+06
     250.1  1.659e+06
     254.1  1.149e+06
     258.1  9.191e+05
     262.1  6.921e+05
     266.1  6.876e+05
     270.1  7.059e+05
     274.1  5.536e+05
     278.1  4.044e+05
     282.1  3.223e+05
     286.1  2.858e+05
     290.1  2.098e+05
     294.1  5.778e+05
     298.1  5.305e+05
     302.1  1.982e+05
     306.1   1.54e+05
     310.1  1.346e+05
     314.1   1.19e+05
     318.1  9.032e+04
     322.1  7.126e+04
     326.1  7.237e+04
     330.1  5.292e+04
     334.1  3.412e+04
     338.1  4.457e+04
     342.1  2.989e+04
     346.1  2.538e+04
     350.1          0
