     2.001  3.533e+10
     6.002  1.359e+11
        10  2.569e+11
     14.01  3.671e+11
     18.01  4.613e+11
     22.01  5.486e+11
     26.01  6.198e+11
     30.01  6.871e+11
     34.01  7.532e+11
     38.02  8.136e+11
     42.02  8.674e+11
     46.02  9.177e+11
     50.02   9.62e+11
     54.02  1.009e+12
     58.02  1.047e+12
     62.02  1.081e+12
     66.03  1.113e+12
     70.03  1.146e+12
     74.03   1.18e+12
     78.03  1.211e+12
     82.03  1.237e+12
     86.03  1.262e+12
     90.04   1.29e+12
     94.04   1.32e+12
     98.04  1.346e+12
       102  1.365e+12
       106  1.384e+12
       110  1.404e+12
       114  1.423e+12
       118  1.443e+12
       122  1.463e+12
       126  1.484e+12
     130.1  1.506e+12
     134.1  1.532e+12
     138.1  1.555e+12
     142.1  1.577e+12
     146.1  1.601e+12
     150.1   1.62e+12
     154.1  1.638e+12
     158.1  1.654e+12
     162.1  1.672e+12
     166.1  1.688e+12
     170.1  1.703e+12
     174.1  1.718e+12
     178.1  1.732e+12
     182.1  1.746e+12
     186.1  1.759e+12
     190.1  1.769e+12
     194.1  1.779e+12
     198.1  1.789e+12
     202.1  1.799e+12
     206.1   1.81e+12
     210.1  1.821e+12
     214.1  1.831e+12
     218.1  1.842e+12
     222.1  1.851e+12
     226.1   1.86e+12
     230.1   1.87e+12
     234.1  1.882e+12
     238.1  1.896e+12
     242.1  1.906e+12
     246.1  1.915e+12
     250.1  1.925e+12
     254.1  1.933e+12
     258.1  1.938e+12
     262.1  1.943e+12
     266.1  1.948e+12
     270.1  1.952e+12
     274.1  1.956e+12
     278.1  1.959e+12
     282.1  1.961e+12
     286.1  1.963e+12
     290.1  1.965e+12
     294.1  1.969e+12
     298.1  1.973e+12
     302.1  1.975e+12
     306.1  1.976e+12
     310.1  1.977e+12
     314.1  1.978e+12
     318.1  1.979e+12
     322.1  1.979e+12
     326.1   1.98e+12
     330.1   1.98e+12
     334.1  1.981e+12
     338.1  1.981e+12
     342.1  1.981e+12
     346.1  1.981e+12
     350.1  1.981e+12
