     2.001  2.842e-17
     6.002  2.008e-17
        10  1.253e-17
     14.01  8.713e-18
     18.01   6.74e-18
     22.01  5.218e-18
     26.01  3.932e-18
     30.01  3.145e-18
     34.01  2.739e-18
     38.02  2.214e-18
     42.02  1.787e-18
     46.02  1.661e-18
     50.02  1.485e-18
     54.02  1.305e-18
     58.02  1.203e-18
     62.02  1.154e-18
     66.03  1.132e-18
     70.03  9.001e-19
     74.03  7.563e-19
     78.03  5.578e-19
     82.03  5.144e-19
     86.03  5.001e-19
     90.04  5.015e-19
     94.04  4.282e-19
     98.04  3.274e-19
       102  2.794e-19
       106  3.261e-19
       110  3.204e-19
       114  2.782e-19
       118  2.758e-19
       122  3.342e-19
       126  2.869e-19
     130.1  2.589e-19
     134.1  2.563e-19
     138.1  2.257e-19
     142.1  2.251e-19
     146.1  2.152e-19
     150.1  1.891e-19
     154.1  1.746e-19
     158.1  1.567e-19
     162.1  1.549e-19
     166.1  1.495e-19
     170.1  1.462e-19
     174.1   1.15e-19
     178.1  1.252e-19
     182.1  1.115e-19
     186.1  9.597e-20
     190.1  8.334e-20
     194.1  8.708e-20
     198.1  9.329e-20
     202.1  8.097e-20
     206.1  8.796e-20
     210.1  7.991e-20
     214.1  7.589e-20
     218.1  8.315e-20
     222.1  6.766e-20
     226.1  6.622e-20
     230.1  8.555e-20
     234.1  9.997e-20
     238.1  7.199e-20
     242.1  7.729e-20
     246.1  6.693e-20
     250.1  7.394e-20
     254.1  6.882e-20
     258.1  5.028e-20
     262.1  5.947e-20
     266.1  5.605e-20
     270.1  6.825e-20
     274.1  5.324e-20
     278.1  3.586e-20
     282.1   3.78e-20
     286.1  3.086e-20
     290.1  3.605e-20
     294.1  8.763e-20
     298.1  3.999e-20
     302.1  3.982e-20
     306.1  3.018e-20
     310.1  3.875e-20
     314.1  2.729e-20
     318.1  2.951e-20
     322.1  3.539e-20
     326.1  3.048e-20
     330.1  5.392e-20
     334.1  4.579e-20
     338.1  5.154e-20
     342.1  9.582e-20
     346.1  1.064e-20
     350.1      1e-23
