     2.001      19.38
     6.002      19.76
        10      20.27
     14.01      20.67
     18.01      20.94
     22.01      21.22
     26.01      21.53
     30.01      21.77
     34.01      21.92
     38.02      22.15
     42.02      22.39
     46.02      22.47
     50.02      22.59
     54.02      22.73
     58.02      22.82
     62.02      22.86
     66.03      22.88
     70.03      23.13
     74.03      23.32
     78.03      23.65
     82.03      23.74
     86.03      23.77
     90.04      23.77
     94.04      23.94
     98.04      24.23
       102       24.4
       106      24.23
       110      24.25
       114      24.41
       118      24.41
       122      24.21
       126      24.37
     130.1      24.48
     134.1      24.49
     138.1      24.63
     142.1      24.64
     146.1      24.68
     150.1      24.82
     154.1      24.91
     158.1      25.03
     162.1      25.04
     166.1      25.08
     170.1       25.1
     174.1      25.36
     178.1      25.27
     182.1       25.4
     186.1      25.56
     190.1      25.71
     194.1      25.67
     198.1      25.59
     202.1      25.75
     206.1      25.66
     210.1      25.76
     214.1      25.82
     218.1      25.72
     222.1      25.94
     226.1      25.96
     230.1      25.69
     234.1      25.52
     238.1      25.87
     242.1       25.8
     246.1      25.95
     250.1      25.84
     254.1      25.92
     258.1      26.26
     262.1      26.08
     266.1      26.14
     270.1      25.93
     274.1       26.2
     278.1      26.63
     282.1      26.57
     286.1      26.79
     290.1      26.62
     294.1      25.66
     298.1      26.51
     302.1      26.52
     306.1      26.82
     310.1      26.55
     314.1      26.93
     318.1      26.84
     322.1      26.64
     326.1      26.81
     330.1      26.19
     334.1      26.36
     338.1      26.24
     342.1      25.56
     346.1      27.95
     350.1      35.52
