     6.002  3.987e+08
        10  3.551e+08
        14  2.778e+08
        18  2.268e+08
     22.01  2.107e+08
     26.01  1.858e+08
     30.01  1.331e+08
     34.01  1.124e+08
     38.01  9.701e+07
     42.01    7.9e+07
     46.01  6.387e+07
     50.01   5.69e+07
     54.01  5.362e+07
     58.02  4.974e+07
     62.02  4.376e+07
     66.02  3.937e+07
     70.02  3.551e+07
     74.02   3.42e+07
     78.02  3.215e+07
     82.02   2.84e+07
     86.02  2.957e+07
     90.02  2.914e+07
     94.03  2.783e+07
     98.03  2.451e+07
       102  2.443e+07
       106    2.2e+07
       110  2.269e+07
       114  2.213e+07
       118  2.072e+07
       122  2.078e+07
       126  1.979e+07
       130  1.742e+07
       134  1.685e+07
       138  1.683e+07
       142  1.485e+07
       146  1.458e+07
       150  1.391e+07
       154  1.289e+07
       158  1.217e+07
       162  1.201e+07
       166  1.112e+07
       170  1.079e+07
       174  9.199e+06
       178  9.616e+06
     182.1  8.493e+06
     186.1  7.649e+06
     190.1  6.965e+06
     194.1  6.624e+06
     198.1  6.897e+06
     202.1  7.464e+06
     206.1  6.181e+06
     210.1  6.133e+06
     214.1  5.821e+06
     218.1  6.326e+06
     222.1  6.404e+06
     226.1  6.263e+06
     230.1  5.516e+06
     234.1  5.223e+06
     238.1  4.838e+06
     242.1  4.033e+06
     246.1  3.994e+06
     250.1  4.246e+06
     254.1  3.677e+06
     258.1  3.166e+06
     262.1  2.418e+06
     266.1  2.275e+06
     270.1  2.024e+06
     274.1  1.938e+06
     278.1  1.895e+06
     282.1  1.579e+06
     286.1  1.776e+06
     290.1  1.553e+06
     294.1  1.103e+06
     298.1   1.06e+06
     302.1  8.309e+05
     306.1  8.068e+05
     310.1   5.68e+05
     314.1  5.834e+05
     318.1  3.697e+05
     322.1  3.664e+05
     326.1  2.423e+05
     330.1  2.672e+05
     334.1  2.076e+05
     338.1  1.364e+05
     342.1  1.382e+05
     346.1  8.748e+04
     350.1  3.314e+04
