     2.001  2.552e+10
     6.002  8.568e+10
        10   1.75e+11
        14  2.728e+11
        18  3.755e+11
     22.01   4.92e+11
     26.01  6.135e+11
     30.01  7.139e+11
     34.01    8.1e+11
     38.01  9.027e+11
     42.01  9.861e+11
     46.01   1.06e+12
     50.01  1.132e+12
     54.01  1.204e+12
     58.02  1.277e+12
     62.02  1.345e+12
     66.02   1.41e+12
     70.02  1.473e+12
     74.02  1.537e+12
     78.02    1.6e+12
     82.02  1.658e+12
     86.02  1.722e+12
     90.02  1.788e+12
     94.03  1.854e+12
     98.03  1.914e+12
       102  1.977e+12
       106  2.036e+12
       110  2.098e+12
       114  2.162e+12
       118  2.223e+12
       122  2.287e+12
       126   2.35e+12
       130  2.407e+12
       134  2.463e+12
       138  2.522e+12
       142  2.575e+12
       146  2.628e+12
       150  2.681e+12
       154  2.731e+12
       158  2.779e+12
       162  2.828e+12
       166  2.874e+12
       170  2.921e+12
       174  2.961e+12
       178  3.004e+12
     182.1  3.043e+12
     186.1  3.079e+12
     190.1  3.112e+12
     194.1  3.144e+12
     198.1  3.178e+12
     202.1  3.216e+12
     206.1  3.248e+12
     210.1  3.281e+12
     214.1  3.312e+12
     218.1  3.347e+12
     222.1  3.383e+12
     226.1  3.418e+12
     230.1   3.45e+12
     234.1  3.481e+12
     238.1   3.51e+12
     242.1  3.534e+12
     246.1  3.559e+12
     250.1  3.586e+12
     254.1  3.609e+12
     258.1   3.63e+12
     262.1  3.646e+12
     266.1  3.661e+12
     270.1  3.675e+12
     274.1  3.688e+12
     278.1  3.701e+12
     282.1  3.712e+12
     286.1  3.725e+12
     290.1  3.737e+12
     294.1  3.745e+12
     298.1  3.753e+12
     302.1  3.759e+12
     306.1  3.765e+12
     310.1   3.77e+12
     314.1  3.774e+12
     318.1  3.777e+12
     322.1   3.78e+12
     326.1  3.782e+12
     330.1  3.784e+12
     334.1  3.786e+12
     338.1  3.787e+12
     342.1  3.788e+12
     346.1  3.789e+12
     350.1  3.789e+12
