     2.001  8.148e-15
     6.002    6.3e-18
        10  5.136e-18
        14  4.049e-18
        18   3.71e-18
     22.01  3.236e-18
     26.01  2.752e-18
     30.01  2.787e-18
     34.01  1.756e-18
     38.01  1.422e-18
     42.01   1.21e-18
     46.01  1.124e-18
     50.01  1.062e-18
     54.01   9.35e-19
     58.02   7.85e-19
     62.02  7.629e-19
     66.02  6.656e-19
     70.02  6.429e-19
     74.02  5.914e-19
     78.02  5.344e-19
     82.02   5.29e-19
     86.02  4.886e-19
     90.02  5.116e-19
     94.03  4.728e-19
     98.03  5.541e-19
       102  6.135e-19
       106  4.459e-19
       110  5.451e-19
       114  3.748e-19
       118  3.571e-19
       122   3.26e-19
       126   3.13e-19
       130    2.9e-19
       134  2.814e-19
       138  2.519e-19
       142  2.435e-19
       146  2.459e-19
       150   2.36e-19
       154   2.31e-19
       158  2.061e-19
       162  1.862e-19
       166  1.793e-19
       170  1.807e-19
       174  1.661e-19
       178    1.6e-19
     182.1  1.491e-19
     186.1  1.395e-19
     190.1  1.281e-19
     194.1  1.238e-19
     198.1  1.391e-19
     202.1  1.238e-19
     206.1  1.074e-19
     210.1  9.576e-20
     214.1  1.013e-19
     218.1  9.872e-20
     222.1  1.036e-19
     226.1  9.315e-20
     230.1  8.687e-20
     234.1  8.305e-20
     238.1  7.271e-20
     242.1  6.353e-20
     246.1  7.019e-20
     250.1  7.201e-20
     254.1  7.554e-20
     258.1  7.178e-20
     262.1  6.363e-20
     266.1  6.541e-20
     270.1  7.342e-20
     274.1  7.535e-20
     278.1  7.383e-20
     282.1  6.983e-20
     286.1  8.644e-20
     290.1  7.334e-20
     294.1  7.461e-20
     298.1  7.089e-20
     302.1  1.039e-19
     306.1  6.294e-20
     310.1  5.335e-20
     314.1  4.954e-20
     318.1   3.58e-20
     322.1  2.649e-20
     326.1  3.767e-20
     330.1  3.682e-20
     334.1  3.608e-20
     338.1   4.26e-20
     342.1  3.968e-20
     346.1  2.553e-20
     350.1  2.941e-20
