     2.001      13.24
     6.002      21.02
        10      21.24
        14       21.5
        18      21.59
     22.01      21.74
     26.01      21.92
     30.01       21.9
     34.01       22.4
     38.01      22.63
     42.01      22.81
     46.01      22.89
     50.01      22.95
     54.01      23.09
     58.02      23.28
     62.02      23.31
     66.02      23.46
     70.02       23.5
     74.02      23.59
     78.02       23.7
     82.02      23.71
     86.02      23.79
     90.02      23.74
     94.03      23.83
     98.03      23.66
       102      23.55
       106      23.89
       110      23.67
       114      24.08
       118      24.13
       122      24.23
       126      24.28
       130      24.36
       134      24.39
       138      24.51
       142      24.55
       146      24.54
       150      24.58
       154      24.61
       158      24.73
       162      24.84
       166      24.88
       170      24.87
       174      24.96
       178      25.01
     182.1      25.08
     186.1      25.15
     190.1      25.25
     194.1      25.28
     198.1      25.16
     202.1      25.28
     206.1      25.44
     210.1      25.56
     214.1       25.5
     218.1      25.53
     222.1      25.48
     226.1      25.59
     230.1      25.67
     234.1      25.72
     238.1      25.86
     242.1      26.01
     246.1       25.9
     250.1      25.87
     254.1      25.82
     258.1      25.88
     262.1      26.01
     266.1      25.98
     270.1      25.85
     274.1      25.82
     278.1      25.85
     282.1      25.91
     286.1      25.67
     290.1      25.85
     294.1      25.83
     298.1      25.89
     302.1      25.47
     306.1      26.02
     310.1       26.2
     314.1      26.28
     318.1      26.63
     322.1      26.96
     326.1      26.58
     330.1       26.6
     334.1      26.62
     338.1      26.44
     342.1      26.52
     346.1         27
     350.1      26.84
