     6.046   4.46e+08
     10.08   1.04e+08
     14.11  4.337e+07
     18.14  2.664e+07
     22.17  1.237e+07
      26.2  9.099e+06
     30.23   6.44e+06
     34.26  6.474e+06
     38.29  5.251e+06
     42.32  4.742e+06
     46.35   3.77e+06
     50.38   2.73e+06
     54.42  3.068e+06
     58.45  2.738e+06
     62.48  2.268e+06
     66.51  1.526e+06
     70.54  1.409e+06
     74.57  1.068e+06
      78.6  7.857e+05
     82.63  5.513e+05
     86.66  4.822e+05
     90.69  2.745e+05
     94.72  2.921e+05
     98.75   9.05e+04
     102.8  1.497e+05
     106.8  1.461e+05
     110.8  1.324e+04
     114.9  8.147e+04
     118.9  1.406e+05
     122.9  7.494e+04
       127  1.439e+05
       131  5.648e+04
       135  8.591e+04
     139.1   3.17e+04
     143.1  6.299e+04
     147.1  6.488e+04
     151.2    3.9e+04
     155.2  4.241e+04
     159.2  2.779e+04
     163.2       9643
     167.3  2.849e+04
     171.3          0
     175.3  9.608e+04
     179.4   1.02e+05
     183.4  6.486e+04
     187.4  1.003e+05
     191.5  1.579e+05
     195.5  2.358e+05
     199.5  1.666e+05
     203.6  9.944e+04
     207.6   4.42e+04
     211.6  3.302e+04
     215.6       6791
     219.7       6753
     223.7          0
     227.7          0
     231.8          0
     235.8          0
     239.8          0
     243.9          0
     247.9          0
     251.9          0
       256          0
       260          0
       264          0
       268          0
     272.1          0
     276.1          0
     280.1          0
     284.2          0
     288.2          0
     292.2          0
     296.3          0
     300.3          0
     304.3          0
     308.4          0
     312.4          0
     316.4          0
     320.4          0
     324.5          0
     328.5          0
     332.5          0
     336.6          0
     340.6          0
