     2.015  8.438e+10
     6.046  1.527e+11
     10.08  1.792e+11
     14.11  1.947e+11
     18.14   2.07e+11
     22.17  2.139e+11
      26.2  2.199e+11
     30.23  2.249e+11
     34.26  2.305e+11
     38.29  2.356e+11
     42.32  2.407e+11
     46.35  2.451e+11
     50.38  2.486e+11
     54.42  2.528e+11
     58.45  2.569e+11
     62.48  2.604e+11
     66.51   2.63e+11
     70.54  2.655e+11
     74.57  2.675e+11
      78.6  2.691e+11
     82.63  2.703e+11
     86.66  2.713e+11
     90.69   2.72e+11
     94.72  2.727e+11
     98.75  2.729e+11
     102.8  2.733e+11
     106.8  2.737e+11
     110.8  2.737e+11
     114.9  2.739e+11
     118.9  2.744e+11
     122.9  2.746e+11
       127  2.751e+11
       131  2.752e+11
       135  2.755e+11
     139.1  2.757e+11
     143.1  2.759e+11
     147.1  2.761e+11
     151.2  2.763e+11
     155.2  2.764e+11
     159.2  2.765e+11
     163.2  2.766e+11
     167.3  2.767e+11
     171.3  2.767e+11
     175.3  2.771e+11
     179.4  2.776e+11
     183.4  2.779e+11
     187.4  2.784e+11
     191.5  2.791e+11
     195.5  2.803e+11
     199.5  2.812e+11
     203.6  2.817e+11
     207.6  2.819e+11
     211.6  2.821e+11
     215.6  2.821e+11
     219.7  2.821e+11
     223.7  2.821e+11
     227.7  2.821e+11
     231.8  2.821e+11
     235.8  2.821e+11
     239.8  2.821e+11
     243.9  2.821e+11
     247.9  2.821e+11
     251.9  2.821e+11
       256  2.821e+11
       260  2.821e+11
       264  2.821e+11
       268  2.821e+11
     272.1  2.821e+11
     276.1  2.821e+11
     280.1  2.821e+11
     284.2  2.821e+11
     288.2  2.821e+11
     292.2  2.821e+11
     296.3  2.821e+11
     300.3  2.821e+11
     304.3  2.821e+11
     308.4  2.821e+11
     312.4  2.821e+11
     316.4  2.821e+11
     320.4  2.821e+11
     324.5  2.821e+11
     328.5  2.821e+11
     332.5  2.821e+11
     336.6  2.821e+11
     340.6  2.821e+11
