     2.015      17.25
     6.046      19.69
     10.08      21.04
     14.11      21.67
     18.14      22.23
     22.17      22.83
      26.2      23.15
     30.23      23.24
     34.26      23.31
     38.29      23.36
     42.32      23.11
     46.35      23.56
     50.38      23.74
     54.42      24.04
     58.45      23.96
     62.48         24
     66.51       24.6
     70.54      24.68
     74.57      24.95
      78.6      25.34
     82.63      25.97
     86.66      26.38
     90.69      26.67
     94.72      27.01
     98.75      27.84
     102.8      27.42
     106.8      28.16
     110.8      28.65
     114.9      27.55
     118.9      27.61
     122.9       27.9
       127      27.93
       131       28.1
       135      28.48
     139.1      28.66
     143.1      28.17
     147.1      28.89
     151.2      29.32
     155.2      28.71
     159.2      29.81
     163.2      29.52
     167.3      29.99
     171.3       28.3
     175.3      27.86
     179.4      28.07
     183.4      27.71
     187.4      27.25
     191.5      25.66
     195.5      24.59
     199.5      26.26
     203.6      28.15
     207.6      28.03
     211.6      29.59
     215.6      31.12
     219.7      31.63
     223.7      35.52
     227.7      35.52
     231.8      35.52
     235.8      35.52
     239.8      35.52
     243.9      35.52
     247.9      35.52
     251.9      35.52
       256      35.52
       260      35.52
       264      35.52
       268      35.52
     272.1      35.52
     276.1      35.52
     280.1      35.52
     284.2      35.52
     288.2      35.52
     292.2      35.52
     296.3      35.52
     300.3      35.52
     304.3      35.52
     308.4      35.52
     312.4      35.52
     316.4      35.52
     320.4      35.52
     324.5      35.52
     328.5      35.52
     332.5      35.52
     336.6      35.52
     340.6      35.52
