     2.001  2.396e+10
     6.002  1.094e+11
        10  2.298e+11
        14  3.564e+11
        18  4.797e+11
     22.01  6.092e+11
     26.01  7.341e+11
     30.01  8.591e+11
     34.01  9.812e+11
     38.01  1.104e+12
     42.01  1.222e+12
     46.01  1.342e+12
     50.01  1.449e+12
     54.01  1.553e+12
     58.02  1.655e+12
     62.02  1.752e+12
     66.02  1.847e+12
     70.02  1.936e+12
     74.02  2.025e+12
     78.02  2.109e+12
     82.02  2.187e+12
     86.02  2.261e+12
     90.02   2.33e+12
     94.03  2.399e+12
     98.03  2.471e+12
       102  2.543e+12
       106  2.607e+12
       110  2.669e+12
       114  2.731e+12
       118  2.791e+12
       122  2.848e+12
       126  2.905e+12
       130  2.968e+12
       134  3.024e+12
       138  3.078e+12
       142  3.133e+12
       146  3.187e+12
       150  3.241e+12
       154  3.293e+12
       158  3.343e+12
       162  3.393e+12
       166  3.443e+12
       170  3.493e+12
       174   3.54e+12
       178  3.586e+12
     182.1  3.633e+12
     186.1  3.679e+12
     190.1  3.727e+12
     194.1  3.774e+12
     198.1  3.823e+12
     202.1  3.873e+12
     206.1  3.921e+12
     210.1   3.97e+12
     214.1  4.018e+12
     218.1  4.066e+12
     222.1  4.117e+12
     226.1  4.167e+12
     230.1  4.217e+12
     234.1  4.268e+12
     238.1  4.312e+12
     242.1  4.354e+12
     246.1  4.397e+12
     250.1  4.439e+12
     254.1  4.478e+12
     258.1   4.51e+12
     262.1  4.539e+12
     266.1  4.566e+12
     270.1   4.59e+12
     274.1  4.612e+12
     278.1  4.629e+12
     282.1  4.646e+12
     286.1  4.659e+12
     290.1   4.67e+12
     294.1  4.682e+12
     298.1  4.692e+12
     302.1  4.701e+12
     306.1  4.708e+12
     310.1  4.715e+12
     314.1   4.72e+12
     318.1  4.726e+12
     322.1   4.73e+12
     326.1  4.733e+12
     330.1  4.735e+12
     334.1  4.737e+12
     338.1  4.739e+12
     342.1   4.74e+12
     346.1  4.741e+12
     350.1  4.741e+12
