     2.001  1.048e-16
     6.002   8.06e-18
        10  6.439e-18
        14  4.486e-18
        18   3.39e-18
     22.01  3.142e-18
     26.01  3.309e-18
     30.01  2.709e-18
     34.01  1.982e-18
     38.01  1.829e-18
     42.01  1.596e-18
     46.01  1.479e-18
     50.01  1.556e-18
     54.01  1.584e-18
     58.02  1.609e-18
     62.02   1.12e-18
     66.02  1.144e-18
     70.02  1.419e-18
     74.02  1.539e-18
     78.02  1.436e-18
     82.02  8.393e-19
     86.02  8.167e-19
     90.02  9.737e-19
     94.03  9.772e-19
     98.03  7.568e-19
       102  7.711e-19
       106  6.708e-19
       110  6.937e-19
       114  6.744e-19
       118  5.289e-19
       122  4.092e-19
       126  4.141e-19
       130  3.435e-19
       134  2.971e-19
       138  3.018e-19
       142  2.937e-19
       146  2.936e-19
       150  3.067e-19
       154  2.742e-19
       158  3.332e-19
       162  3.654e-19
       166  3.167e-19
       170  2.751e-19
       174  2.504e-19
       178  2.332e-19
     182.1  2.351e-19
     186.1  2.304e-19
     190.1  2.364e-19
     194.1  2.382e-19
     198.1  2.501e-19
     202.1  2.476e-19
     206.1  2.415e-19
     210.1  2.574e-19
     214.1  2.512e-19
     218.1  3.821e-19
     222.1  3.266e-19
     226.1  2.797e-19
     230.1  2.239e-19
     234.1   1.95e-19
     238.1  1.714e-19
     242.1  1.956e-19
     246.1  2.245e-19
     250.1  2.656e-19
     254.1  1.794e-19
     258.1  1.423e-19
     262.1  1.544e-19
     266.1  1.432e-19
     270.1  1.453e-19
     274.1  1.549e-19
     278.1  1.575e-19
     282.1  1.546e-19
     286.1  1.185e-19
     290.1   1.35e-19
     294.1  1.314e-19
     298.1  1.301e-19
     302.1  1.386e-19
     306.1  1.173e-19
     310.1  1.024e-19
     314.1  1.084e-19
     318.1  9.281e-20
     322.1  6.829e-20
     326.1  4.393e-20
     330.1  5.198e-20
     334.1  5.507e-20
     338.1  7.772e-20
     342.1  6.051e-20
     346.1  5.313e-20
     350.1   1.22e-19
