     2.001      17.97
     6.002      20.75
        10      20.99
        14      21.39
        18      21.69
     22.01      21.77
     26.01      21.72
     30.01      21.93
     34.01      22.27
     38.01      22.36
     42.01      22.51
     46.01      22.59
     50.01      22.54
     54.01      22.52
     58.02       22.5
     62.02      22.89
     66.02      22.87
     70.02      22.64
     74.02      22.55
     78.02      22.62
     82.02      23.21
     86.02      23.24
     90.02      23.05
     94.03      23.04
     98.03      23.32
       102       23.3
       106      23.45
       110      23.41
       114      23.44
       118      23.71
       122      23.99
       126      23.97
       130      24.18
       134      24.33
       138      24.32
       142      24.35
       146      24.35
       150       24.3
       154      24.42
       158      24.21
       162      24.11
       166      24.26
       170      24.42
       174      24.52
       178       24.6
     182.1      24.59
     186.1      24.61
     190.1      24.58
     194.1      24.57
     198.1      24.52
     202.1      24.53
     206.1      24.56
     210.1      24.49
     214.1      24.52
     218.1      24.06
     222.1      24.23
     226.1       24.4
     230.1      24.64
     234.1      24.79
     238.1      24.93
     242.1      24.79
     246.1      24.64
     250.1      24.46
     254.1      24.88
     258.1      25.13
     262.1      25.04
     266.1      25.13
     270.1      25.11
     274.1      25.04
     278.1      25.02
     282.1      25.04
     286.1      25.33
     290.1      25.19
     294.1      25.22
     298.1      25.23
     302.1      25.16
     306.1      25.34
     310.1      25.49
     314.1      25.43
     318.1       25.6
     322.1      25.93
     326.1      26.41
     330.1      26.23
     334.1      26.16
     338.1      25.79
     342.1      26.06
     346.1       26.2
     350.1       25.3
