     6.002  5.316e+08
        10   4.33e+08
        14  3.322e+08
        18  2.641e+08
     22.01  2.307e+08
     26.01      2e+08
     30.01  1.742e+08
     34.01  1.543e+08
     38.01  1.366e+08
     42.01   1.22e+08
     46.01  1.029e+08
     50.01  8.802e+07
     54.01  8.319e+07
     58.02  6.989e+07
     62.02  6.574e+07
     66.02  5.695e+07
     70.02  5.335e+07
     74.02  4.909e+07
     78.02  4.489e+07
     82.02  4.194e+07
     86.02  4.126e+07
     90.02  4.095e+07
     94.03  3.474e+07
     98.03  3.233e+07
       102  3.085e+07
       106  2.977e+07
       110  2.836e+07
       114  2.594e+07
       118  2.412e+07
       122  2.494e+07
       126  2.181e+07
       130  2.096e+07
       134  2.023e+07
       138  2.043e+07
       142   1.99e+07
       146   1.87e+07
       150  1.731e+07
       154   1.65e+07
       158  1.559e+07
       162    1.5e+07
       166  1.404e+07
       170  1.287e+07
       174  1.226e+07
       178  1.313e+07
     182.1   1.18e+07
     186.1  1.173e+07
     190.1  1.121e+07
     194.1  1.068e+07
     198.1  1.001e+07
     202.1  1.129e+07
     206.1  9.769e+06
     210.1  9.094e+06
     214.1  9.301e+06
     218.1  8.028e+06
     222.1    8.6e+06
     226.1  8.236e+06
     230.1  8.151e+06
     234.1  8.457e+06
     238.1  8.194e+06
     242.1  7.599e+06
     246.1  7.174e+06
     250.1  6.757e+06
     254.1  5.502e+06
     258.1  4.747e+06
     262.1  3.813e+06
     266.1  3.282e+06
     270.1  2.543e+06
     274.1  2.112e+06
     278.1   1.93e+06
     282.1  1.642e+06
     286.1   1.38e+06
     290.1  1.317e+06
     294.1  1.675e+06
     298.1  1.373e+06
     302.1  1.017e+06
     306.1  9.235e+05
     310.1  7.112e+05
     314.1  6.086e+05
     318.1  5.613e+05
     322.1  5.316e+05
     326.1  4.028e+05
     330.1  2.633e+05
     334.1  2.619e+05
     338.1  2.136e+05
     342.1  1.027e+05
     346.1  1.051e+05
     350.1  4.239e+04
