     2.001  2.644e+10
     6.002  1.066e+11
        10  2.155e+11
        14  3.325e+11
        18   4.52e+11
     22.01  5.797e+11
     26.01  7.105e+11
     30.01  8.418e+11
     34.01  9.738e+11
     38.01  1.104e+12
     42.01  1.233e+12
     46.01  1.352e+12
     50.01  1.463e+12
     54.01  1.576e+12
     58.02  1.678e+12
     62.02   1.78e+12
     66.02  1.875e+12
     70.02  1.969e+12
     74.02   2.06e+12
     78.02  2.148e+12
     82.02  2.235e+12
     86.02  2.324e+12
     90.02  2.417e+12
     94.03  2.499e+12
     98.03  2.578e+12
       102  2.657e+12
       106  2.737e+12
       110  2.815e+12
       114   2.89e+12
       118  2.961e+12
       122  3.038e+12
       126  3.107e+12
       130  3.175e+12
       134  3.243e+12
       138  3.314e+12
       142  3.385e+12
       146  3.454e+12
       150  3.519e+12
       154  3.583e+12
       158  3.645e+12
       162  3.706e+12
       166  3.765e+12
       170   3.82e+12
       174  3.874e+12
       178  3.932e+12
     182.1  3.986e+12
     186.1  4.041e+12
     190.1  4.095e+12
     194.1  4.147e+12
     198.1  4.197e+12
     202.1  4.254e+12
     206.1  4.305e+12
     210.1  4.353e+12
     214.1  4.403e+12
     218.1  4.447e+12
     222.1  4.495e+12
     226.1  4.542e+12
     230.1  4.589e+12
     234.1  4.639e+12
     238.1  4.688e+12
     242.1  4.734e+12
     246.1  4.778e+12
     250.1  4.821e+12
     254.1  4.856e+12
     258.1  4.887e+12
     262.1  4.912e+12
     266.1  4.934e+12
     270.1  4.951e+12
     274.1  4.966e+12
     278.1  4.979e+12
     282.1  4.991e+12
     286.1  5.001e+12
     290.1   5.01e+12
     294.1  5.023e+12
     298.1  5.033e+12
     302.1  5.041e+12
     306.1  5.048e+12
     310.1  5.053e+12
     314.1  5.058e+12
     318.1  5.063e+12
     322.1  5.067e+12
     326.1   5.07e+12
     330.1  5.072e+12
     334.1  5.075e+12
     338.1  5.076e+12
     342.1  5.077e+12
     346.1  5.078e+12
     350.1  5.079e+12
