     2.001  1.128e-17
     6.002  8.785e-18
        10   7.01e-18
        14  5.912e-18
        18  5.682e-18
     22.01  4.347e-18
     26.01   3.73e-18
     30.01  3.449e-18
     34.01  2.809e-18
     38.01  2.532e-18
     42.01  2.223e-18
     46.01  2.019e-18
     50.01  1.545e-18
     54.01  1.451e-18
     58.02   1.39e-18
     62.02  1.533e-18
     66.02  1.056e-18
     70.02  1.023e-18
     74.02  8.138e-19
     78.02  7.473e-19
     82.02   7.25e-19
     86.02  7.326e-19
     90.02  7.531e-19
     94.03  5.716e-19
     98.03  5.489e-19
       102  5.421e-19
       106  4.884e-19
       110  4.438e-19
       114  4.045e-19
       118    3.9e-19
       122  3.935e-19
       126  3.534e-19
       130  3.538e-19
       134  3.289e-19
       138  3.378e-19
       142  3.232e-19
       146   2.78e-19
       150  2.679e-19
       154  2.772e-19
       158  2.566e-19
       162  2.338e-19
       166  2.168e-19
       170  2.106e-19
       174  2.076e-19
       178  2.093e-19
     182.1  2.151e-19
     186.1  2.004e-19
     190.1  2.047e-19
     194.1  1.603e-19
     198.1  1.739e-19
     202.1  1.618e-19
     206.1  1.565e-19
     210.1  1.442e-19
     214.1  1.335e-19
     218.1   1.31e-19
     222.1  1.271e-19
     226.1  1.258e-19
     230.1  1.447e-19
     234.1  1.671e-19
     238.1  1.168e-19
     242.1  1.098e-19
     246.1  1.081e-19
     250.1  1.006e-19
     254.1  1.004e-19
     258.1   9.35e-20
     262.1  8.898e-20
     266.1  8.564e-20
     270.1  7.927e-20
     274.1  7.348e-20
     278.1   7.11e-20
     282.1  6.166e-20
     286.1  5.893e-20
     290.1  6.841e-20
     294.1  7.415e-20
     298.1  6.526e-20
     302.1  5.945e-20
     306.1  6.019e-20
     310.1  4.995e-20
     314.1  4.795e-20
     318.1  5.392e-20
     322.1  5.588e-20
     326.1   5.39e-20
     330.1  3.899e-20
     334.1  4.173e-20
     338.1  3.925e-20
     342.1  3.864e-20
     346.1   3.74e-20
     350.1  3.802e-20
