     6.065  3.263e+08
     10.11  1.555e+08
     14.15  7.468e+07
      18.2  4.228e+07
     22.24  1.753e+07
     26.28  1.117e+07
     30.33   5.48e+06
     34.37  3.603e+06
     38.41  1.935e+06
     42.46  1.436e+06
      46.5   1.17e+06
     50.55  9.935e+05
     54.59  8.226e+05
     58.63  7.053e+05
     62.68  7.362e+05
     66.72  9.048e+05
     70.76  1.165e+06
     74.81  5.608e+05
     78.85  5.539e+05
     82.89  5.237e+05
     86.94   7.11e+05
     90.98  6.157e+05
     95.03  6.941e+05
     99.07  3.789e+05
     103.1  2.491e+05
     107.2  1.294e+05
     111.2  6.902e+04
     115.2  4.299e+04
     119.3  6.426e+04
     123.3  6.189e+04
     127.4  7.211e+04
     131.4  1.175e+05
     135.5  9.642e+04
     139.5  9.678e+04
     143.5  7.292e+04
     147.6  8.231e+04
     151.6  3.143e+05
     155.7  1.781e+05
     159.7  9.792e+04
     163.8  4.619e+04
     167.8  4.645e+04
     171.9  2.636e+04
     175.9  1.752e+04
     179.9  1.713e+04
       184       8218
       188   4.04e+04
     192.1   4.72e+04
     196.1  3.091e+04
     200.2  3.815e+04
     204.2  3.677e+04
     208.2  2.869e+04
     212.3   3.56e+04
     216.3  3.439e+04
     220.4       6847
     224.4  1.349e+04
     228.5       6470
     232.5          0
     236.6       6343
     240.6       6166
     244.6          0
     248.7          0
     252.7          0
     256.8          0
     260.8          0
     264.9          0
     268.9          0
     272.9          0
       277          0
       281          0
     285.1          0
     289.1          0
     293.2          0
     297.2          0
     301.3          0
     305.3          0
     309.3          0
     313.4          0
     317.4          0
