     2.022  6.181e+10
     6.065  1.121e+11
     10.11   1.52e+11
     14.15  1.789e+11
      18.2  1.984e+11
     22.24  2.083e+11
     26.28  2.158e+11
     30.33    2.2e+11
     34.37  2.232e+11
     38.41  2.251e+11
     42.46  2.266e+11
      46.5   2.28e+11
     50.55  2.293e+11
     54.59  2.304e+11
     58.63  2.315e+11
     62.68  2.326e+11
     66.72  2.342e+11
     70.76  2.363e+11
     74.81  2.373e+11
     78.85  2.384e+11
     82.89  2.395e+11
     86.94  2.411e+11
     90.98  2.425e+11
     95.03  2.442e+11
     99.07  2.452e+11
     103.1  2.458e+11
     107.2  2.462e+11
     111.2  2.464e+11
     115.2  2.465e+11
     119.3  2.467e+11
     123.3  2.469e+11
     127.4  2.471e+11
     131.4  2.475e+11
     135.5  2.478e+11
     139.5  2.482e+11
     143.5  2.484e+11
     147.6  2.487e+11
     151.6    2.5e+11
     155.7  2.507e+11
     159.7  2.511e+11
     163.8  2.512e+11
     167.8  2.514e+11
     171.9  2.516e+11
     175.9  2.516e+11
     179.9  2.517e+11
       184  2.518e+11
       188   2.52e+11
     192.1  2.522e+11
     196.1  2.523e+11
     200.2  2.525e+11
     204.2  2.527e+11
     208.2  2.529e+11
     212.3  2.531e+11
     216.3  2.533e+11
     220.4  2.533e+11
     224.4  2.534e+11
     228.5  2.534e+11
     232.5  2.534e+11
     236.6  2.534e+11
     240.6  2.535e+11
     244.6  2.535e+11
     248.7  2.535e+11
     252.7  2.535e+11
     256.8  2.535e+11
     260.8  2.535e+11
     264.9  2.535e+11
     268.9  2.535e+11
     272.9  2.535e+11
       277  2.535e+11
       281  2.535e+11
     285.1  2.535e+11
     289.1  2.535e+11
     293.2  2.535e+11
     297.2  2.535e+11
     301.3  2.535e+11
     305.3  2.535e+11
     309.3  2.535e+11
     313.4  2.535e+11
     317.4  2.535e+11
