     2.022  3.766e-16
     6.065  3.614e-17
     10.11  1.706e-17
     14.15  9.191e-18
      18.2  4.464e-18
     22.24  2.179e-18
     26.28  1.412e-18
     30.33  5.781e-19
     34.37  4.659e-19
     38.41  3.414e-19
     42.46   2.32e-19
      46.5  2.878e-19
     50.55  1.602e-19
     54.59  2.294e-19
     58.63  1.233e-19
     62.68  1.256e-19
     66.72   2.34e-19
     70.76  9.926e-20
     74.81  1.773e-19
     78.85  1.509e-19
     82.89  1.744e-19
     86.94   9.73e-20
     90.98  1.068e-19
     95.03   5.65e-20
     99.07  3.955e-20
     103.1  2.279e-20
     107.2  1.557e-20
     111.2  6.167e-21
     115.2  9.217e-21
     119.3  7.091e-21
     123.3  9.297e-21
     127.4   1.84e-20
     131.4  1.091e-20
     135.5  1.917e-20
     139.5  8.465e-21
     143.5  8.378e-21
     147.6  1.842e-20
     151.6   3.63e-20
     155.7   1.57e-20
     159.7  8.853e-21
     163.8  5.016e-21
     167.8  3.152e-21
     171.9  4.072e-21
     175.9  4.197e-21
     179.9  1.374e-21
       184  3.192e-21
       188  3.328e-21
     192.1  5.922e-21
     196.1  5.486e-21
     200.2  3.745e-21
     204.2  3.655e-21
     208.2   3.83e-21
     212.3  3.811e-21
     216.3  3.402e-21
     220.4  5.433e-22
     224.4  2.042e-21
     228.5  7.116e-23
     232.5  5.852e-23
     236.6   1.68e-21
     240.6  8.258e-22
     244.6      1e-23
     248.7      1e-23
     252.7      1e-23
     256.8      1e-23
     260.8      1e-23
     264.9      1e-23
     268.9      1e-23
     272.9      1e-23
       277      1e-23
       281      1e-23
     285.1      1e-23
     289.1      1e-23
     293.2      1e-23
     297.2      1e-23
     301.3      1e-23
     305.3      1e-23
     309.3      1e-23
     313.4      1e-23
     317.4      1e-23
