     2.022      16.58
     6.065      19.12
     10.11      19.94
     14.15      20.61
      18.2      21.39
     22.24      22.17
     26.28      22.64
     30.33      23.61
     34.37      23.85
     38.41      24.18
     42.46       24.6
      46.5      24.37
     50.55         25
     54.59      24.61
     58.63      25.29
     62.68      25.27
     66.72      24.59
     70.76      25.52
     74.81      24.89
     78.85      25.07
     82.89      24.91
     86.94      25.55
     90.98      25.44
     95.03      26.14
     99.07      26.52
     103.1      27.12
     107.2      27.54
     111.2      28.54
     115.2       28.1
     119.3      28.39
     123.3       28.1
     127.4      27.35
     131.4      27.92
     135.5      27.31
     139.5       28.2
     143.5      28.21
     147.6      27.35
     151.6      26.62
     155.7      27.53
     159.7      28.15
     163.8      28.77
     167.8      29.27
     171.9      28.99
     175.9      28.96
     179.9      30.17
       184      29.26
       188      29.21
     192.1      28.58
     196.1      28.67
     200.2      29.08
     204.2      29.11
     208.2      29.06
     212.3      29.06
     216.3      29.19
     220.4      31.18
     224.4      29.74
     228.5      33.39
     232.5       33.6
     236.6      29.95
     240.6      30.72
     244.6      35.52
     248.7      35.52
     252.7      35.52
     256.8      35.52
     260.8      35.52
     264.9      35.52
     268.9      35.52
     272.9      35.52
       277      35.52
       281      35.52
     285.1      35.52
     289.1      35.52
     293.2      35.52
     297.2      35.52
     301.3      35.52
     305.3      35.52
     309.3      35.52
     313.4      35.52
     317.4      35.52
