     6.002  5.259e+08
        10  2.499e+08
        14  1.275e+08
     18.01  8.515e+07
     22.01  6.146e+07
     26.01  4.674e+07
     30.01  4.182e+07
     34.01  3.917e+07
     38.01  3.284e+07
     42.01  2.756e+07
     46.01  2.645e+07
     50.02  2.088e+07
     54.02  1.825e+07
     58.02  1.597e+07
     62.02  1.407e+07
     66.02  1.152e+07
     70.02  1.111e+07
     74.02  9.792e+06
     78.02  8.524e+06
     82.03  7.134e+06
     86.03  6.268e+06
     90.03  5.824e+06
     94.03  5.487e+06
     98.03  5.346e+06
       102  4.497e+06
       106  4.045e+06
       110  4.413e+06
       114  4.219e+06
       118  3.243e+06
       122  2.632e+06
       126  2.749e+06
       130   1.93e+06
       134  2.086e+06
       138  1.586e+06
       142  1.596e+06
       146   1.33e+06
       150  1.541e+06
       154  1.057e+06
       158  1.322e+06
     162.1  1.174e+06
     166.1   1.05e+06
     170.1  1.389e+06
     174.1  1.097e+06
     178.1  1.221e+06
     182.1  1.101e+06
     186.1  1.068e+06
     190.1  1.073e+06
     194.1  1.029e+06
     198.1   9.53e+05
     202.1  7.002e+05
     206.1  7.133e+05
     210.1  4.578e+05
     214.1   5.19e+05
     218.1  5.898e+05
     222.1  3.308e+05
     226.1  3.586e+05
     230.1  3.061e+05
     234.1  3.827e+05
     238.1  2.718e+05
     242.1  3.668e+05
     246.1   2.71e+05
     250.1  2.512e+05
     254.1  2.738e+05
     258.1  1.148e+05
     262.1  1.551e+05
     266.1  1.031e+05
     270.1  9.417e+04
     274.1  1.088e+05
     278.1  6.597e+04
     282.1  4.939e+04
     286.1  4.091e+04
     290.1  5.006e+04
     294.1  4.178e+04
     298.1       9368
     302.1       9634
     306.1  4.106e+04
     310.1   2.36e+04
     314.1  1.563e+04
     318.1  1.853e+04
     322.1       4442
     326.1  1.311e+04
     330.1       4361
     334.1          0
     338.1       4660
     342.1          0
     346.1       5834
     350.1          0
