     2.001  3.566e+10
     6.002   1.15e+11
        10  1.778e+11
        14  2.227e+11
     18.01  2.613e+11
     22.01  2.953e+11
     26.01  3.258e+11
     30.01  3.574e+11
     34.01  3.909e+11
     38.01  4.223e+11
     42.01  4.514e+11
     46.01   4.82e+11
     50.02  5.082e+11
     54.02   5.33e+11
     58.02  5.563e+11
     62.02  5.783e+11
     66.02  5.974e+11
     70.02  6.169e+11
     74.02  6.352e+11
     78.02  6.519e+11
     82.03  6.666e+11
     86.03  6.801e+11
     90.03  6.933e+11
     94.03  7.063e+11
     98.03  7.195e+11
       102   7.31e+11
       106  7.418e+11
       110   7.54e+11
       114  7.661e+11
       118  7.757e+11
       122  7.838e+11
       126  7.925e+11
       130  7.988e+11
       134  8.058e+11
       138  8.114e+11
       142  8.171e+11
       146  8.219e+11
       150  8.277e+11
       154  8.318e+11
       158  8.371e+11
     162.1  8.419e+11
     166.1  8.463e+11
     170.1  8.522e+11
     174.1   8.57e+11
     178.1  8.625e+11
     182.1  8.675e+11
     186.1  8.725e+11
     190.1  8.776e+11
     194.1  8.826e+11
     198.1  8.874e+11
     202.1   8.91e+11
     206.1  8.946e+11
     210.1  8.971e+11
     214.1  8.999e+11
     218.1  9.031e+11
     222.1  9.049e+11
     226.1   9.07e+11
     230.1  9.087e+11
     234.1   9.11e+11
     238.1  9.126e+11
     242.1  9.149e+11
     246.1  9.165e+11
     250.1  9.181e+11
     254.1  9.199e+11
     258.1  9.206e+11
     262.1  9.216e+11
     266.1  9.223e+11
     270.1   9.23e+11
     274.1  9.237e+11
     278.1  9.242e+11
     282.1  9.245e+11
     286.1  9.248e+11
     290.1  9.252e+11
     294.1  9.255e+11
     298.1  9.256e+11
     302.1  9.256e+11
     306.1  9.259e+11
     310.1  9.261e+11
     314.1  9.263e+11
     318.1  9.264e+11
     322.1  9.264e+11
     326.1  9.265e+11
     330.1  9.266e+11
     334.1  9.266e+11
     338.1  9.266e+11
     342.1  9.266e+11
     346.1  9.267e+11
     350.1  9.267e+11
