     2.001  5.713e-17
     6.002  1.398e-17
        10  7.409e-18
        14  4.996e-18
     18.01  3.887e-18
     22.01  3.498e-18
     26.01  4.027e-18
     30.01  3.997e-18
     34.01  3.753e-18
     38.01  3.758e-18
     42.01  2.051e-18
     46.01  1.446e-18
     50.02  1.237e-18
     54.02  1.197e-18
     58.02  1.021e-18
     62.02  1.036e-18
     66.02  8.634e-19
     70.02  8.239e-19
     74.02   7.16e-19
     78.02  5.051e-19
     82.03  4.477e-19
     86.03  3.687e-19
     90.03  3.125e-19
     94.03  3.229e-19
     98.03  2.863e-19
       102  2.461e-19
       106  2.648e-19
       110  2.856e-19
       114  2.311e-19
       118  1.815e-19
       122  1.778e-19
       126  1.509e-19
       130  1.173e-19
       134   1.13e-19
       138  9.511e-20
       142  8.156e-20
       146  9.407e-20
       150  9.811e-20
       154  1.318e-19
       158  1.233e-19
     162.1  8.579e-20
     166.1  9.121e-20
     170.1  9.795e-20
     174.1  8.333e-20
     178.1  8.986e-20
     182.1  1.025e-19
     186.1  1.329e-19
     190.1  1.668e-19
     194.1  1.343e-19
     198.1  6.743e-20
     202.1    7.1e-20
     206.1  9.427e-20
     210.1  3.199e-20
     214.1  2.657e-20
     218.1  2.475e-20
     222.1   2.31e-20
     226.1  1.676e-20
     230.1  2.259e-20
     234.1  2.065e-20
     238.1  1.791e-20
     242.1  2.141e-20
     246.1  1.627e-20
     250.1   1.23e-20
     254.1  1.442e-20
     258.1  1.165e-20
     262.1  1.391e-20
     266.1  1.023e-20
     270.1   1.23e-20
     274.1  7.225e-21
     278.1  5.943e-21
     282.1  7.502e-21
     286.1  7.551e-21
     290.1  6.925e-21
     294.1  3.733e-21
     298.1  1.197e-21
     302.1  4.271e-21
     306.1  5.344e-21
     310.1  5.102e-21
     314.1  3.567e-21
     318.1  3.598e-21
     322.1  2.119e-21
     326.1  6.466e-21
     330.1  1.506e-21
     334.1  1.441e-21
     338.1  1.399e-21
     342.1  4.958e-20
     346.1  9.824e-20
     350.1      1e-23
