     2.001      18.62
     6.002      20.15
        10      20.84
        14      21.27
     18.01      21.54
     22.01      21.66
     26.01       21.5
     30.01      21.51
     34.01      21.58
     38.01      21.58
     42.01      22.24
     46.01      22.62
     50.02      22.78
     54.02      22.82
     58.02      22.99
     62.02      22.98
     66.02      23.18
     70.02      23.23
     74.02      23.38
     78.02      23.76
     82.03      23.89
     86.03       24.1
     90.03      24.28
     94.03      24.24
     98.03      24.37
       102      24.54
       106      24.46
       110      24.38
       114      24.61
       118      24.87
       122      24.89
       126      25.07
       130      25.34
       134      25.38
       138      25.57
       142      25.74
       146      25.58
       150      25.54
       154      25.22
       158      25.29
     162.1      25.68
     166.1      25.62
     170.1      25.54
     174.1      25.71
     178.1      25.63
     182.1      25.49
     186.1      25.21
     190.1      24.96
     194.1       25.2
     198.1      25.94
     202.1      25.89
     206.1      25.58
     210.1      26.75
     214.1      26.96
     218.1      27.03
     222.1      27.11
     226.1      27.46
     230.1      27.13
     234.1      27.23
     238.1      27.38
     242.1      27.19
     246.1      27.49
     250.1      27.79
     254.1      27.62
     258.1      27.85
     262.1      27.66
     266.1      27.99
     270.1      27.79
     274.1      28.37
     278.1      28.58
     282.1      28.33
     286.1      28.32
     290.1      28.42
     294.1      29.09
     298.1      30.32
     302.1      28.94
     306.1       28.7
     310.1      28.75
     314.1      29.14
     318.1      29.13
     322.1       29.7
     326.1      28.49
     330.1      30.07
     334.1      30.12
     338.1      30.15
     342.1      26.28
     346.1      25.54
     350.1      35.52
