     6.003  3.691e+08
        10  9.088e+07
     14.01  6.054e+07
     18.01  4.932e+07
     22.01  4.573e+07
     26.01  3.956e+07
     30.01   3.52e+07
     34.01  2.866e+07
     38.02  3.254e+07
     42.02  2.695e+07
     46.02   2.24e+07
     50.02  2.505e+07
     54.02  3.069e+07
     58.03  2.455e+07
     62.03  1.907e+07
     66.03  1.856e+07
     70.03  1.941e+07
     74.03  1.865e+07
     78.03  1.909e+07
     82.04  2.021e+07
     86.04  2.056e+07
     90.04  1.719e+07
     94.04  1.457e+07
     98.04  1.377e+07
       102  1.151e+07
       106  1.086e+07
       110  9.174e+06
       114  7.753e+06
     118.1   7.28e+06
     122.1  7.407e+06
     126.1  7.035e+06
     130.1  6.915e+06
     134.1  6.155e+06
     138.1  4.361e+06
     142.1   3.61e+06
     146.1  3.244e+06
     150.1  3.437e+06
     154.1   3.27e+06
     158.1   2.48e+06
     162.1  2.769e+06
     166.1  2.291e+06
     170.1  2.081e+06
     174.1  1.814e+06
     178.1  2.058e+06
     182.1  1.781e+06
     186.1  1.789e+06
     190.1  1.617e+06
     194.1  1.536e+06
     198.1  1.305e+06
     202.1  1.295e+06
     206.1  1.139e+06
     210.1  1.064e+06
     214.1  7.071e+05
     218.1  8.386e+05
     222.1   5.52e+05
     226.1  5.726e+05
     230.1  5.109e+05
     234.1  4.381e+05
     238.1  4.113e+05
     242.1  3.398e+05
     246.1  2.848e+05
     250.1   2.63e+05
     254.1  2.238e+05
     258.1  2.713e+05
     262.1   1.94e+05
     266.1  1.584e+05
     270.1  7.604e+04
     274.1  5.448e+04
     278.1  3.433e+04
     282.1  5.037e+04
     286.1  3.972e+04
     290.1          0
     294.1          0
     298.1       4778
     302.1       7106
     306.1          0
     310.1          0
     314.1       9418
     318.1       5230
     322.1       5279
     326.1          0
     330.1          0
     334.1          0
     338.1       4626
     342.1          0
     346.2       4228
     350.2          0
