     2.001  5.706e+10
     6.003  1.128e+11
        10  1.356e+11
     14.01  1.569e+11
     18.01  1.793e+11
     22.01  2.046e+11
     26.01  2.305e+11
     30.01   2.57e+11
     34.01  2.815e+11
     38.02  3.126e+11
     42.02  3.411e+11
     46.02   3.67e+11
     50.02  3.985e+11
     54.02  4.402e+11
     58.03   4.76e+11
     62.03  5.058e+11
     66.03  5.366e+11
     70.03  5.708e+11
     74.03  6.055e+11
     78.03   6.43e+11
     82.04  6.847e+11
     86.04  7.291e+11
     90.04  7.681e+11
     94.04  8.025e+11
     98.04  8.365e+11
       102   8.66e+11
       106   8.95e+11
       110  9.204e+11
       114  9.426e+11
     118.1  9.642e+11
     122.1  9.869e+11
     126.1  1.009e+12
     130.1  1.032e+12
     134.1  1.053e+12
     138.1  1.068e+12
     142.1  1.081e+12
     146.1  1.093e+12
     150.1  1.106e+12
     154.1  1.118e+12
     158.1  1.128e+12
     162.1  1.139e+12
     166.1  1.149e+12
     170.1  1.158e+12
     174.1  1.166e+12
     178.1  1.175e+12
     182.1  1.183e+12
     186.1  1.191e+12
     190.1  1.199e+12
     194.1  1.207e+12
     198.1  1.213e+12
     202.1   1.22e+12
     206.1  1.226e+12
     210.1  1.231e+12
     214.1  1.235e+12
     218.1   1.24e+12
     222.1  1.243e+12
     226.1  1.246e+12
     230.1  1.249e+12
     234.1  1.252e+12
     238.1  1.254e+12
     242.1  1.256e+12
     246.1  1.258e+12
     250.1   1.26e+12
     254.1  1.261e+12
     258.1  1.263e+12
     262.1  1.264e+12
     266.1  1.265e+12
     270.1  1.266e+12
     274.1  1.266e+12
     278.1  1.266e+12
     282.1  1.267e+12
     286.1  1.267e+12
     290.1  1.267e+12
     294.1  1.267e+12
     298.1  1.267e+12
     302.1  1.267e+12
     306.1  1.267e+12
     310.1  1.267e+12
     314.1  1.267e+12
     318.1  1.267e+12
     322.1  1.267e+12
     326.1  1.267e+12
     330.1  1.267e+12
     334.1  1.267e+12
     338.1  1.267e+12
     342.1  1.267e+12
     346.2  1.267e+12
     350.2  1.267e+12
