     2.001  7.392e-17
     6.003  1.061e-17
        10  5.097e-18
     14.01  4.744e-18
     18.01  4.606e-18
     22.01   4.29e-18
     26.01   4.29e-18
     30.01  3.999e-18
     34.01  3.624e-18
     38.02  3.704e-18
     42.02  3.379e-18
     46.02  3.105e-18
     50.02  3.026e-18
     54.02  2.617e-18
     58.03  2.132e-18
     62.03  1.934e-18
     66.03  2.302e-18
     70.03  2.056e-18
     74.03   2.06e-18
     78.03  2.096e-18
     82.04  2.325e-18
     86.04  2.252e-18
     90.04  1.593e-18
     94.04  1.601e-18
     98.04  1.328e-18
       102  1.187e-18
       106  1.156e-18
       110  9.813e-19
       114  9.749e-19
     118.1  9.543e-19
     122.1  1.209e-18
     126.1  1.202e-18
     130.1  8.479e-19
     134.1  6.533e-19
     138.1  5.097e-19
     142.1  4.681e-19
     146.1  4.773e-19
     150.1  4.368e-19
     154.1  3.207e-19
     158.1  3.093e-19
     162.1  4.703e-19
     166.1  3.944e-19
     170.1  3.102e-19
     174.1  2.416e-19
     178.1  2.457e-19
     182.1  2.276e-19
     186.1  2.156e-19
     190.1   2.11e-19
     194.1  1.583e-19
     198.1  1.305e-19
     202.1  1.179e-19
     206.1  1.167e-19
     210.1  9.216e-20
     214.1  7.333e-20
     218.1   8.19e-20
     222.1  6.525e-20
     226.1  7.608e-20
     230.1  7.158e-20
     234.1   7.87e-20
     238.1  4.897e-20
     242.1  2.943e-20
     246.1  2.741e-20
     250.1  2.188e-20
     254.1  2.952e-20
     258.1  2.985e-20
     262.1  2.488e-20
     266.1  2.223e-20
     270.1  1.528e-20
     274.1  1.052e-20
     278.1  8.213e-21
     282.1  1.521e-20
     286.1  3.196e-21
     290.1  2.349e-23
     294.1  1.303e-22
     298.1   3.84e-21
     302.1   5.92e-22
     306.1      1e-23
     310.1  3.951e-21
     314.1  6.213e-21
     318.1  5.804e-21
     322.1  2.531e-22
     326.1      1e-23
     330.1  8.077e-23
     334.1  1.067e-20
     338.1  2.172e-22
     342.1  8.557e-21
     346.2  2.537e-21
     350.2      1e-23
