     6.002  4.539e+08
        10  2.672e+08
        14  1.846e+08
        18   1.39e+08
     22.01  1.181e+08
     26.01  9.064e+07
     30.01  7.288e+07
     34.01  5.792e+07
     38.01  4.836e+07
     42.01  3.756e+07
     46.01  3.093e+07
     50.01  2.692e+07
     54.01  2.424e+07
     58.02  1.936e+07
     62.02  1.914e+07
     66.02  1.731e+07
     70.02    1.6e+07
     74.02  1.373e+07
     78.02  1.334e+07
     82.02   1.43e+07
     86.02    1.1e+07
     90.02  1.005e+07
     94.03  9.148e+06
     98.03   9.41e+06
       102   8.32e+06
       106  7.627e+06
       110    8.7e+06
       114   7.74e+06
       118  8.031e+06
       122  7.544e+06
       126  7.278e+06
       130  7.689e+06
       134  6.963e+06
       138  6.117e+06
       142  6.779e+06
       146  5.942e+06
       150  6.036e+06
       154  5.812e+06
       158  5.998e+06
       162  5.043e+06
       166  3.978e+06
       170  3.836e+06
       174  3.549e+06
       178  3.729e+06
     182.1  3.772e+06
     186.1  3.872e+06
     190.1  3.574e+06
     194.1  4.045e+06
     198.1   3.67e+06
     202.1  2.805e+06
     206.1  2.791e+06
     210.1  2.541e+06
     214.1  2.426e+06
     218.1  2.329e+06
     222.1  2.098e+06
     226.1  2.051e+06
     230.1  2.526e+06
     234.1  2.316e+06
     238.1  2.246e+06
     242.1  2.422e+06
     246.1  1.764e+06
     250.1  1.724e+06
     254.1  1.301e+06
     258.1  1.479e+06
     262.1  9.198e+05
     266.1  7.543e+05
     270.1  7.566e+05
     274.1  6.962e+05
     278.1  6.514e+05
     282.1  5.146e+05
     286.1  4.398e+05
     290.1  4.161e+05
     294.1  4.854e+05
     298.1  5.509e+05
     302.1  4.024e+05
     306.1  2.477e+05
     310.1   2.52e+05
     314.1  1.154e+05
     318.1  1.052e+05
     322.1  6.496e+04
     326.1  5.541e+04
     330.1  2.942e+04
     334.1  1.297e+05
     338.1  8.473e+04
     342.1  3.426e+04
     346.1       7749
     350.1       9081
