     2.001  1.692e+10
     6.002  8.539e+10
        10  1.526e+11
        14  2.176e+11
        18  2.805e+11
     22.01  3.458e+11
     26.01  4.051e+11
     30.01  4.601e+11
     34.01  5.096e+11
     38.01  5.558e+11
     42.01  5.955e+11
     46.01  6.312e+11
     50.01  6.651e+11
     54.01   6.98e+11
     58.02  7.262e+11
     62.02   7.56e+11
     66.02  7.848e+11
     70.02  8.129e+11
     74.02  8.385e+11
     78.02  8.646e+11
     82.02  8.941e+11
     86.02  9.179e+11
     90.02  9.407e+11
     94.03  9.623e+11
     98.03  9.855e+11
       102  1.007e+12
       106  1.027e+12
       110  1.051e+12
       114  1.073e+12
       118  1.097e+12
       122   1.12e+12
       126  1.143e+12
       130  1.169e+12
       134  1.192e+12
       138  1.213e+12
       142  1.237e+12
       146  1.259e+12
       150  1.282e+12
       154  1.305e+12
       158  1.328e+12
       162  1.349e+12
       166  1.366e+12
       170  1.382e+12
       174  1.397e+12
       178  1.414e+12
     182.1  1.431e+12
     186.1   1.45e+12
     190.1  1.467e+12
     194.1  1.486e+12
     198.1  1.505e+12
     202.1  1.519e+12
     206.1  1.533e+12
     210.1  1.547e+12
     214.1   1.56e+12
     218.1  1.573e+12
     222.1  1.584e+12
     226.1  1.596e+12
     230.1  1.611e+12
     234.1  1.624e+12
     238.1  1.638e+12
     242.1  1.652e+12
     246.1  1.663e+12
     250.1  1.674e+12
     254.1  1.682e+12
     258.1  1.692e+12
     262.1  1.698e+12
     266.1  1.703e+12
     270.1  1.708e+12
     274.1  1.713e+12
     278.1  1.718e+12
     282.1  1.721e+12
     286.1  1.724e+12
     290.1  1.727e+12
     294.1  1.731e+12
     298.1  1.735e+12
     302.1  1.738e+12
     306.1   1.74e+12
     310.1  1.742e+12
     314.1  1.743e+12
     318.1  1.744e+12
     322.1  1.744e+12
     326.1  1.745e+12
     330.1  1.745e+12
     334.1  1.746e+12
     338.1  1.747e+12
     342.1  1.747e+12
     346.1  1.747e+12
     350.1  1.747e+12
