     2.001  1.323e-17
     6.002  1.059e-17
        10  6.602e-18
        14  3.876e-18
        18  3.695e-18
     22.01  3.217e-18
     26.01  1.939e-18
     30.01  1.314e-18
     34.01  9.983e-19
     38.01  8.747e-19
     42.01  8.486e-19
     46.01  5.222e-19
     50.01  5.062e-19
     54.01  4.557e-19
     58.02  3.762e-19
     62.02  3.607e-19
     66.02  3.219e-19
     70.02  2.831e-19
     74.02   2.67e-19
     78.02  2.494e-19
     82.02   2.53e-19
     86.02  2.147e-19
     90.02  1.822e-19
     94.03  1.797e-19
     98.03  1.544e-19
       102  1.423e-19
       106  1.628e-19
       110  1.605e-19
       114  1.456e-19
       118  1.398e-19
       122  1.394e-19
       126  1.298e-19
       130   1.46e-19
       134  1.284e-19
       138  1.723e-19
       142  1.476e-19
       146  1.487e-19
       150   1.49e-19
       154  1.011e-19
       158  9.882e-20
       162  6.345e-20
       166  6.173e-20
       170  6.434e-20
       174   5.81e-20
       178  6.512e-20
     182.1  1.125e-19
     186.1  2.162e-19
     190.1  2.353e-19
     194.1  1.686e-19
     198.1  1.123e-19
     202.1  9.667e-20
     206.1  7.328e-20
     210.1  6.866e-20
     214.1  7.078e-20
     218.1  6.115e-20
     222.1  5.834e-20
     226.1  7.982e-20
     230.1  8.591e-20
     234.1  1.493e-19
     238.1  1.079e-19
     242.1  4.879e-20
     246.1  2.772e-20
     250.1  3.446e-20
     254.1    3.2e-20
     258.1  3.472e-20
     262.1  2.001e-20
     266.1  2.161e-20
     270.1   3.03e-20
     274.1  2.059e-20
     278.1  2.288e-20
     282.1  2.256e-20
     286.1  1.785e-20
     290.1  2.545e-20
     294.1  3.024e-20
     298.1    3.5e-20
     302.1  1.724e-20
     306.1  2.818e-20
     310.1  1.396e-20
     314.1   8.57e-21
     318.1  8.861e-21
     322.1  6.346e-21
     326.1  4.742e-21
     330.1   7.17e-21
     334.1  2.451e-20
     338.1   1.17e-20
     342.1  5.641e-21
     346.1  3.766e-21
     350.1  1.014e-20
