     2.001      20.21
     6.002      20.45
        10      20.97
        14      21.55
        18       21.6
     22.01      21.75
     26.01       22.3
     30.01      22.72
     34.01      23.02
     38.01      23.16
     42.01      23.19
     46.01      23.72
     50.01      23.76
     54.01      23.87
     58.02      24.08
     62.02      24.12
     66.02      24.25
     70.02      24.39
     74.02      24.45
     78.02      24.52
     82.02      24.51
     86.02      24.69
     90.02      24.86
     94.03      24.88
     98.03      25.04
       102      25.13
       106      24.99
       110         25
       114      25.11
       118      25.15
       122      25.16
       126      25.23
       130      25.11
       134      25.24
       138      24.93
       142      25.09
       146      25.09
       150      25.08
       154       25.5
       158      25.53
       162      26.01
       166      26.04
       170      25.99
       174      26.11
       178      25.98
     182.1      25.39
     186.1      24.68
     190.1      24.59
     194.1      24.95
     198.1      25.39
     202.1      25.55
     206.1      25.85
     210.1      25.92
     214.1      25.89
     218.1      26.05
     222.1       26.1
     226.1      25.76
     230.1      25.68
     234.1      25.08
     238.1      25.43
     242.1       26.3
     246.1      26.91
     250.1      26.67
     254.1      26.75
     258.1      26.66
     262.1      27.26
     266.1      27.18
     270.1      26.81
     274.1      27.23
     278.1      27.12
     282.1      27.13
     286.1      27.39
     290.1         27
     294.1      26.81
     298.1      26.66
     302.1      27.43
     306.1      26.89
     310.1      27.65
     314.1      28.18
     318.1      28.15
     322.1      28.51
     326.1      28.83
     330.1      28.38
     334.1      27.04
     338.1      27.85
     342.1      28.64
     346.1      29.08
     350.1         28
