     6.001   5.27e+08
        10  1.896e+08
        14  9.691e+07
        18  6.217e+07
        22  4.486e+07
        26  3.582e+07
        30   2.39e+07
        34  1.869e+07
        38  1.689e+07
        42  1.337e+07
     46.01  1.202e+07
     50.01  1.176e+07
     54.01   1.02e+07
     58.01   8.77e+06
     62.01  6.992e+06
     66.01  6.706e+06
     70.01  6.566e+06
     74.01  5.699e+06
     78.01  4.128e+06
     82.01   4.92e+06
     86.01  4.682e+06
     90.01  4.583e+06
     94.01  5.525e+06
     98.01   4.74e+06
       102  4.145e+06
       106  3.443e+06
       110  2.962e+06
       114  3.107e+06
       118   3.13e+06
       122  3.138e+06
       126  3.334e+06
       130  2.423e+06
       134  2.038e+06
       138   1.98e+06
       142  1.732e+06
       146  1.748e+06
       150  1.907e+06
       154  2.039e+06
       158  1.643e+06
       162  1.508e+06
       166  1.557e+06
       170  1.421e+06
       174  1.548e+06
       178  1.678e+06
       182  1.473e+06
       186   1.87e+06
       190  1.325e+06
       194  1.336e+06
       198  1.391e+06
       202  1.036e+06
       206  1.061e+06
       210  1.119e+06
       214  1.051e+06
       218  8.927e+05
       222  8.757e+05
       226  9.357e+05
       230  8.435e+05
       234  6.951e+05
       238   7.17e+05
       242  5.561e+05
       246  5.907e+05
       250  6.953e+05
       254  3.732e+05
       258  3.901e+05
       262  3.293e+05
       266  2.819e+05
       270  1.503e+05
       274  1.691e+05
       278  1.264e+05
       282  6.386e+04
       286  8.956e+04
       290  7.824e+04
       294  9.053e+04
       298  5.675e+04
       302  2.902e+04
       306   2.55e+04
       310  2.424e+04
       314  3.508e+04
       318  3.603e+04
       322       4653
       326       4200
       330       9223
       334       4085
       338       4545
       342       4093
       346       3962
       350          0
