         2  4.469e+10
     6.001  1.242e+11
        10  1.718e+11
        14  2.059e+11
        18  2.341e+11
        22  2.589e+11
        26  2.823e+11
        30  3.003e+11
        34  3.163e+11
        38  3.324e+11
        42  3.465e+11
     46.01  3.604e+11
     50.01  3.752e+11
     54.01  3.891e+11
     58.01  4.019e+11
     62.01  4.128e+11
     66.01  4.239e+11
     70.01  4.354e+11
     74.01   4.46e+11
     78.01  4.541e+11
     82.01  4.643e+11
     86.01  4.744e+11
     90.01  4.848e+11
     94.01  4.978e+11
     98.01  5.095e+11
       102  5.201e+11
       106  5.293e+11
       110  5.375e+11
       114  5.464e+11
       118  5.557e+11
       122  5.653e+11
       126  5.759e+11
       130  5.838e+11
       134  5.907e+11
       138  5.975e+11
       142  6.037e+11
       146  6.101e+11
       150  6.173e+11
       154  6.252e+11
       158  6.317e+11
       162  6.379e+11
       166  6.444e+11
       170  6.504e+11
       174  6.572e+11
       178  6.647e+11
       182  6.715e+11
       186  6.802e+11
       190  6.865e+11
       194   6.93e+11
       198      7e+11
       202  7.052e+11
       206  7.107e+11
       210  7.166e+11
       214  7.223e+11
       218  7.272e+11
       222  7.321e+11
       226  7.374e+11
       230  7.423e+11
       234  7.464e+11
       238  7.506e+11
       242   7.54e+11
       246  7.577e+11
       250   7.62e+11
       254  7.644e+11
       258   7.67e+11
       262  7.691e+11
       266   7.71e+11
       270   7.72e+11
       274  7.732e+11
       278  7.741e+11
       282  7.745e+11
       286  7.752e+11
       290  7.758e+11
       294  7.764e+11
       298  7.768e+11
       302  7.771e+11
       306  7.773e+11
       310  7.775e+11
       314  7.777e+11
       318   7.78e+11
       322  7.781e+11
       326  7.781e+11
       330  7.782e+11
       334  7.782e+11
       338  7.782e+11
       342  7.783e+11
       346  7.783e+11
       350  7.783e+11
