         2  9.254e-17
     6.001  1.091e-17
        10  5.215e-18
        14  3.533e-18
        18  3.137e-18
        22  3.964e-18
        26  3.531e-18
        30  1.765e-18
        34  1.405e-18
        38   1.53e-18
        42   9.24e-19
     46.01  7.572e-19
     50.01  7.193e-19
     54.01  5.739e-19
     58.01  4.814e-19
     62.01  4.206e-19
     66.01  4.122e-19
     70.01  3.653e-19
     74.01  2.749e-19
     78.01  3.078e-19
     82.01  3.402e-19
     86.01  3.127e-19
     90.01  3.602e-19
     94.01  3.957e-19
     98.01   6.09e-19
       102  4.848e-19
       106  3.253e-19
       110  2.393e-19
       114  2.027e-19
       118  1.655e-19
       122   1.93e-19
       126  1.689e-19
       130  1.432e-19
       134  1.248e-19
       138  1.074e-19
       142  9.389e-20
       146  1.198e-19
       150  2.378e-19
       154  2.061e-19
       158  9.095e-20
       162  8.269e-20
       166  8.054e-20
       170  8.948e-20
       174  1.501e-19
       178  1.912e-19
       182  1.663e-19
       186  1.482e-19
       190  8.973e-20
       194  7.533e-20
       198  6.937e-20
       202  5.047e-20
       206  5.977e-20
       210  6.053e-20
       214  5.247e-20
       218  4.915e-20
       222  4.801e-20
       226  5.114e-20
       230  3.732e-20
       234  3.868e-20
       238  3.234e-20
       242  2.609e-20
       246  3.157e-20
       250  3.143e-20
       254  2.252e-20
       258  2.906e-20
       262  2.181e-20
       266  1.943e-20
       270   1.29e-20
       274  1.346e-20
       278  6.332e-21
       282  8.907e-21
       286  7.547e-21
       290  9.422e-21
       294  9.658e-21
       298  5.245e-21
       302  4.627e-21
       306  3.372e-21
       310  5.934e-21
       314  9.024e-21
       318  4.033e-21
       322  6.137e-22
       326   1.37e-21
       330  8.394e-21
       334  2.246e-21
       338  5.044e-21
       342  3.536e-21
       346  2.438e-21
       350      1e-23
