         2       18.1
     6.001      20.42
        10      21.22
        14      21.65
        18      21.77
        22      21.52
        26      21.65
        30       22.4
        34      22.65
        38      22.55
        42       23.1
     46.01      23.32
     50.01      23.37
     54.01      23.62
     58.01      23.81
     62.01      23.96
     66.01      23.98
     70.01      24.11
     74.01      24.42
     78.01       24.3
     82.01      24.19
     86.01      24.28
     90.01      24.12
     94.01      24.02
     98.01      23.55
       102       23.8
       106      24.24
       110      24.57
       114      24.75
       118      24.97
       122       24.8
       126      24.95
       130      25.13
       134      25.28
       138      25.44
       142      25.58
       146      25.32
       150      24.58
       154      24.73
       158      25.62
       162      25.72
       166      25.75
       170      25.64
       174      25.08
       178      24.81
       182      24.96
       186      25.09
       190      25.63
       194      25.82
       198      25.91
       202      26.26
       206      26.07
       210      26.06
       214      26.22
       218      26.29
       222      26.31
       226      26.24
       230      26.59
       234      26.55
       238      26.74
       242      26.97
       246      26.77
       250      26.77
       254      27.13
       258      26.86
       262      27.17
       266      27.29
       270      27.74
       274      27.69
       278      28.51
       282      28.14
       286      28.32
       290      28.08
       294      28.05
       298      28.72
       302      28.85
       306       29.2
       310      28.58
       314      28.13
       318         29
       322      31.05
       326      30.17
       330      28.21
       334      29.64
       338      28.76
       342      29.14
       346      29.55
       350      35.52
