         6  1.335e+08
        10   6.36e+07
        14  4.666e+07
        18  3.799e+07
        22  3.556e+07
        26  3.236e+07
        30  3.247e+07
        34  3.139e+07
        38  2.439e+07
        42   2.07e+07
        46  2.105e+07
        50  2.179e+07
        54  1.654e+07
        58  1.373e+07
        62  1.092e+07
        66  9.073e+06
     70.01  6.755e+06
     74.01  6.334e+06
     78.01  6.239e+06
     82.01  4.859e+06
     86.01  5.027e+06
     90.01  3.408e+06
     94.01  2.477e+06
     98.01  2.548e+06
       102  2.118e+06
       106  2.115e+06
       110  1.912e+06
       114  1.676e+06
       118  2.248e+06
       122  2.155e+06
       126  1.214e+06
       130  8.838e+05
       134   8.39e+05
       138  7.428e+05
       142  5.308e+05
       146  5.498e+05
       150  4.041e+05
       154  3.798e+05
       158  4.407e+05
       162  3.806e+05
       166  2.594e+05
       170  2.807e+05
       174  3.716e+05
       178  3.604e+05
       182  2.558e+05
       186  2.725e+05
       190  2.309e+05
       194  2.667e+05
       198  3.593e+05
       202  3.204e+05
       206  3.325e+05
       210  3.556e+05
       214  2.482e+05
       218  2.806e+05
       222  2.355e+05
       226  1.869e+05
       230  5.093e+05
       234  2.008e+05
       238  2.462e+05
       242  9.312e+04
       246   8.92e+04
       250  1.137e+05
       254  1.147e+05
       258  1.175e+05
       262  1.038e+05
       266  5.376e+04
       270  1.224e+05
       274  1.081e+05
       278  1.067e+05
       282  5.199e+04
       286  1.176e+05
       290  7.005e+04
       294  3.296e+04
       298  4.065e+04
       302  5.582e+04
       306  3.752e+04
       310  6.173e+04
       314   1.02e+04
       318  1.557e+04
       322       9011
       326       4339
       330       4555
       334       8715
       338          0
       342       4282
       346          0
       350          0
