         2  3.098e+10
         6  5.112e+10
        10  6.711e+10
        14  8.353e+10
        18  1.007e+11
        22  1.204e+11
        26  1.415e+11
        30   1.66e+11
        34  1.928e+11
        38  2.161e+11
        42   2.38e+11
        46  2.623e+11
        50  2.897e+11
        54  3.122e+11
        58  3.322e+11
        62  3.492e+11
        66  3.642e+11
     70.01  3.761e+11
     74.01  3.879e+11
     78.01  4.001e+11
     82.01  4.102e+11
     86.01   4.21e+11
     90.01  4.287e+11
     94.01  4.346e+11
     98.01  4.409e+11
       102  4.463e+11
       106  4.519e+11
       110  4.572e+11
       114   4.62e+11
       118  4.687e+11
       122  4.753e+11
       126  4.791e+11
       130   4.82e+11
       134  4.849e+11
       138  4.874e+11
       142  4.893e+11
       146  4.914e+11
       150  4.929e+11
       154  4.943e+11
       158  4.961e+11
       162  4.976e+11
       166  4.987e+11
       170  4.999e+11
       174  5.016e+11
       178  5.032e+11
       182  5.043e+11
       186  5.056e+11
       190  5.067e+11
       194   5.08e+11
       198  5.098e+11
       202  5.114e+11
       206  5.132e+11
       210   5.15e+11
       214  5.164e+11
       218  5.179e+11
       222  5.192e+11
       226  5.203e+11
       230  5.232e+11
       234  5.244e+11
       238  5.259e+11
       242  5.264e+11
       246   5.27e+11
       250  5.277e+11
       254  5.284e+11
       258  5.292e+11
       262  5.299e+11
       266  5.302e+11
       270  5.311e+11
       274  5.318e+11
       278  5.326e+11
       282  5.329e+11
       286  5.338e+11
       290  5.343e+11
       294  5.345e+11
       298  5.348e+11
       302  5.353e+11
       306  5.355e+11
       310   5.36e+11
       314  5.361e+11
       318  5.362e+11
       322  5.363e+11
       326  5.363e+11
       330  5.364e+11
       334  5.365e+11
       338  5.365e+11
       342  5.365e+11
       346  5.365e+11
       350  5.365e+11
