         2  2.133e-16
         6  1.588e-17
        10  8.528e-18
        14  5.978e-18
        18   5.24e-18
        22  4.409e-18
        26  3.724e-18
        30  3.624e-18
        34  3.238e-18
        38  2.696e-18
        42  2.207e-18
        46  2.108e-18
        50   2.47e-18
        54  1.753e-18
        58    1.2e-18
        62  9.643e-19
        66   8.73e-19
     70.01  6.659e-19
     74.01  6.196e-19
     78.01  5.326e-19
     82.01  5.143e-19
     86.01  4.209e-19
     90.01  3.732e-19
     94.01  2.409e-19
     98.01  2.721e-19
       102  3.711e-19
       106  2.077e-19
       110  1.734e-19
       114  1.346e-19
       118  2.011e-19
       122  1.439e-19
       126  8.908e-20
       130  8.983e-20
       134  8.715e-20
       138  5.871e-20
       142   5.43e-20
       146  4.246e-20
       150  3.403e-20
       154  4.767e-20
       158  3.187e-20
       162  2.461e-20
       166  2.644e-20
       170  2.801e-20
       174  3.701e-20
       178  2.736e-20
       182  2.506e-20
       186  3.564e-20
       190  4.119e-20
       194  6.675e-20
       198  9.177e-20
       202   8.95e-20
       206  5.646e-20
       210  5.152e-20
       214  3.577e-20
       218  3.383e-20
       222  3.186e-20
       226  3.034e-20
       230  3.632e-20
       234  3.079e-20
       238  1.947e-20
       242  8.507e-21
       246  1.451e-20
       250  1.424e-20
       254  1.725e-20
       258  1.863e-20
       262  1.378e-20
       266  2.285e-20
       270  2.961e-20
       274   2.83e-20
       278  1.419e-20
       282  3.081e-20
       286   2.32e-20
       290  1.529e-20
       294  1.021e-20
       298  4.251e-20
       302  3.169e-20
       306  2.418e-20
       310  1.512e-20
       314  6.162e-21
       318  1.025e-20
       322  1.161e-21
       326  2.277e-21
       330   7.85e-21
       334  5.926e-21
       338  1.166e-21
       342  6.281e-21
       346      1e-23
       350      1e-23
