         2      17.19
         6      20.01
        10      20.69
        14      21.07
        18      21.22
        22      21.41
        26      21.59
        30      21.62
        34      21.74
        38      21.94
        42      22.16
        46      22.21
        50      22.03
        54      22.41
        58      22.82
        62      23.06
        66      23.16
     70.01      23.46
     74.01      23.54
     78.01       23.7
     82.01      23.74
     86.01      23.96
     90.01      24.09
     94.01      24.56
     98.01      24.43
       102      24.09
       106      24.72
       110      24.92
       114      25.19
       118      24.76
       122      25.12
       126      25.64
       130      25.63
       134      25.67
       138      26.09
       142      26.18
       146      26.45
       150      26.69
       154      26.32
       158      26.76
       162      27.04
       166      26.96
       170       26.9
       174       26.6
       178      26.92
       182      27.02
       186      26.64
       190      26.48
       194      25.95
       198      25.61
       202      25.64
       206      26.14
       210      26.24
       214      26.63
       218      26.69
       222      26.76
       226      26.81
       230      26.62
       234       26.8
       238      27.29
       242      28.19
       246      27.61
       250      27.63
       254      27.42
       258      27.34
       262      27.67
       266      27.12
       270      26.84
       274      26.89
       278      27.64
       282      26.79
       286       27.1
       290      27.56
       294      27.99
       298      26.44
       302      26.76
       306      27.06
       310      27.57
       314      28.54
       318      27.99
       322      30.35
       326      29.62
       330      28.28
       334      28.58
       338      30.35
       342      28.52
       346      35.52
       350      35.52
