         6  2.537e+08
        10  8.488e+07
        14  7.041e+07
        18  6.579e+07
        22  4.932e+07
        26  4.464e+07
        30  4.349e+07
        34  3.885e+07
        38  2.525e+07
        42  1.907e+07
        46  1.657e+07
        50    1.8e+07
        54  1.407e+07
        58  1.296e+07
        62  9.925e+06
        66  7.897e+06
        70  7.132e+06
        74  6.363e+06
        78  4.741e+06
        82  3.689e+06
        86  3.079e+06
        90  2.609e+06
        94  2.573e+06
        98  2.375e+06
       102  2.084e+06
       106  1.716e+06
       110  2.067e+06
       114  1.269e+06
       118  1.323e+06
       122  1.282e+06
       126  1.757e+06
       130   9.08e+05
       134    7.6e+05
       138   8.82e+05
       142  9.106e+05
       146  1.373e+06
       150  1.042e+06
       154  8.037e+05
       158   4.82e+05
       162  3.578e+05
       166  3.095e+05
       170  3.547e+05
       174  3.629e+05
       178  3.444e+05
       182  2.982e+05
       186  2.444e+05
       190  2.444e+05
       194  1.603e+05
       198  1.827e+05
       202  1.618e+05
       206  9.356e+04
       210  1.548e+05
       214  1.185e+05
       218  9.335e+04
       222  7.359e+04
       226  1.182e+05
       230  1.813e+05
       234  8.202e+04
       238  1.331e+05
       242  2.298e+05
       246  1.351e+05
       250  1.011e+05
       254  8.505e+04
       258  9.027e+04
       262  8.564e+04
       266  4.287e+04
       270  3.527e+04
       274  3.271e+04
       278  3.198e+04
       282  2.161e+04
       286       5111
       290       5159
       294          0
       298          0
       302          0
       306          0
       310          0
       314          0
       318          0
       322          0
       326          0
       330          0
       334          0
       338          0
       342          0
       346          0
       350          0
