         2  3.849e+10
         6  7.674e+10
        10  9.808e+10
        14  1.229e+11
        18  1.526e+11
        22  1.799e+11
        26  2.091e+11
        30  2.419e+11
        34  2.751e+11
        38  2.992e+11
        42  3.193e+11
        46  3.385e+11
        50  3.611e+11
        54  3.802e+11
        58  3.991e+11
        62  4.145e+11
        66  4.276e+11
        70  4.402e+11
        74   4.52e+11
        78  4.613e+11
        82  4.689e+11
        86  4.756e+11
        90  4.815e+11
        94  4.876e+11
        98  4.934e+11
       102  4.987e+11
       106  5.033e+11
       110   5.09e+11
       114  5.127e+11
       118  5.166e+11
       122  5.205e+11
       126  5.261e+11
       130  5.291e+11
       134  5.316e+11
       138  5.347e+11
       142  5.379e+11
       146   5.43e+11
       150  5.469e+11
       154    5.5e+11
       158  5.519e+11
       162  5.534e+11
       166  5.547e+11
       170  5.562e+11
       174  5.578e+11
       178  5.593e+11
       182  5.607e+11
       186  5.618e+11
       190   5.63e+11
       194  5.638e+11
       198  5.647e+11
       202  5.655e+11
       206   5.66e+11
       210  5.668e+11
       214  5.674e+11
       218  5.679e+11
       222  5.684e+11
       226   5.69e+11
       230  5.701e+11
       234  5.706e+11
       238  5.714e+11
       242  5.728e+11
       246  5.736e+11
       250  5.742e+11
       254  5.748e+11
       258  5.754e+11
       262  5.759e+11
       266  5.762e+11
       270  5.764e+11
       274  5.767e+11
       278  5.769e+11
       282   5.77e+11
       286  5.771e+11
       290  5.771e+11
       294  5.771e+11
       298  5.771e+11
       302  5.771e+11
       306  5.771e+11
       310  5.771e+11
       314  5.771e+11
       318  5.771e+11
       322  5.771e+11
       326  5.771e+11
       330  5.771e+11
       334  5.771e+11
       338  5.771e+11
       342  5.771e+11
       346  5.771e+11
       350  5.771e+11
