         2  7.062e-17
         6  1.463e-17
        10  1.394e-17
        14  1.202e-17
        18  1.107e-17
        22  7.793e-18
        26  6.142e-18
        30  6.413e-18
        34  4.456e-18
        38  3.398e-18
        42  2.262e-18
        46  2.202e-18
        50  2.329e-18
        54  1.787e-18
        58  1.493e-18
        62  1.073e-18
        66  8.713e-19
        70  7.953e-19
        74  9.397e-19
        78  6.206e-19
        82  4.419e-19
        86  5.066e-19
        90  3.916e-19
        94    3.9e-19
        98  2.744e-19
       102  2.264e-19
       106  2.374e-19
       110  2.115e-19
       114  1.883e-19
       118  1.841e-19
       122  1.802e-19
       126  1.339e-19
       130  1.042e-19
       134  9.866e-20
       138   1.31e-19
       142  1.382e-19
       146  1.001e-19
       150   1.03e-19
       154  6.409e-20
       158  4.001e-20
       162  4.029e-20
       166  4.126e-20
       170  5.769e-20
       174  5.441e-20
       178  3.815e-20
       182   3.32e-20
       186  2.464e-20
       190  2.388e-20
       194  1.975e-20
       198  2.113e-20
       202  1.248e-20
       206  9.008e-21
       210  1.687e-20
       214  9.871e-21
       218  1.008e-20
       222  5.985e-21
       226  1.363e-20
       230  1.297e-20
       234  1.117e-20
       238  1.738e-20
       242    1.6e-20
       246  1.116e-20
       250  1.271e-20
       254  1.179e-20
       258  1.426e-20
       262  8.556e-21
       266  6.464e-21
       270  7.831e-21
       274  5.764e-21
       278  8.129e-21
       282  4.337e-21
       286  1.239e-21
       290  4.607e-22
       294      1e-23
       298      1e-23
       302      1e-23
       306      1e-23
       310      1e-23
       314      1e-23
       318      1e-23
       322      1e-23
       326      1e-23
       330      1e-23
       334      1e-23
       338      1e-23
       342      1e-23
       346      1e-23
       350      1e-23
