         2      18.39
         6       20.1
        10      20.16
        14      20.32
        18      20.41
        22      20.79
        26      21.05
        30         21
        34      21.39
        38      21.69
        42      22.13
        46      22.16
        50       22.1
        54      22.39
        58      22.58
        62      22.94
        66      23.17
        70      23.26
        74      23.08
        78      23.53
        82       23.9
        86      23.75
        90      24.03
        94      24.04
        98      24.42
       102      24.63
       106      24.58
       110       24.7
       114      24.83
       118      24.85
       122      24.88
       126       25.2
       130      25.47
       134      25.53
       138      25.22
       142      25.17
       146      25.51
       150      25.48
       154         26
       158      26.51
       162       26.5
       166      26.48
       170      26.11
       174      26.18
       178      26.56
       182      26.71
       186      27.04
       190      27.07
       194      27.28
       198       27.2
       202      27.78
       206      28.13
       210      27.45
       214      28.03
       218      28.01
       222      28.57
       226      27.68
       230      27.73
       234       27.9
       238      27.42
       242      27.51
       246       27.9
       250      27.76
       254      27.84
       258      27.63
       262      28.19
       266      28.49
       270      28.28
       274      28.61
       278      28.24
       282      28.92
       286      30.28
       290      31.36
       294      35.52
       298      35.52
       302      35.52
       306      35.52
       310      35.52
       314      35.52
       318      35.52
       322      35.52
       326      35.52
       330      35.52
       334      35.52
       338      35.52
       342      35.52
       346      35.52
       350      35.52
