     2.023       21.2
     6.068      21.79
     10.11      22.53
     14.16       22.9
     18.21      23.11
     22.25      23.18
      26.3       23.3
     30.34      23.42
     34.39       23.7
     38.43      23.84
     42.48      23.96
     46.52      24.05
     50.57      24.42
     54.62      24.46
     58.66      23.87
     62.71      24.25
     66.75      24.96
      70.8      25.16
     74.84      25.09
     78.89      25.12
     82.94      25.33
     86.98      25.39
     91.03       25.5
     95.07      25.72
     99.12      25.87
     103.2       25.9
     107.2      25.93
     111.3      26.04
     115.3      26.06
     119.3         26
     123.4      26.15
     127.4      26.08
     131.5      26.26
     135.5      26.33
     139.6      26.36
     143.6      26.12
     147.7      26.35
     151.7      26.66
     155.8      26.54
     159.8      26.59
     163.8      26.53
     167.9      26.71
     171.9      26.81
       176      26.92
       180       26.9
     184.1      26.87
     188.1      26.84
     192.2      26.89
     196.2      27.08
     200.3      27.14
     204.3      27.26
     208.4      27.19
     212.4      26.95
     216.4      27.17
     220.5      27.34
     224.5      27.58
     228.6      27.43
     232.6      27.82
     236.7       27.8
     240.7      27.61
     244.8      27.64
     248.8      27.87
     252.9      27.75
     256.9      27.72
     260.9      27.51
       265      27.59
       269      27.58
     273.1      27.81
     277.1      27.74
     281.2      28.05
     285.2      27.89
     289.3      28.08
     293.3      27.91
     297.4      27.92
     301.4       28.2
     305.4      28.09
     309.5      28.22
     313.5      28.03
     317.6      28.28
     321.6      28.07
     325.7      29.04
     329.7       28.5
     333.8      28.55
     337.8      28.45
     341.9      28.65
     345.9      27.89
     349.9      28.81
