     6.056  2.409e+08
     10.09   1.28e+08
     14.13  1.205e+08
     18.17  9.234e+07
     22.21  6.502e+07
     26.24  3.656e+07
     30.28  2.181e+07
     34.32  1.739e+07
     38.36  1.659e+07
     42.39  1.465e+07
     46.43  1.067e+07
     50.47  7.538e+06
     54.51  6.881e+06
     58.54  6.167e+06
     62.58   5.39e+06
     66.62  4.971e+06
     70.66  4.584e+06
     74.69  4.172e+06
     78.73  3.499e+06
     82.77  3.019e+06
     86.81  2.901e+06
     90.84   1.86e+06
     94.88  1.706e+06
     98.92  1.284e+06
       103   1.08e+06
       107  9.817e+05
       111  1.187e+06
     115.1  8.566e+05
     119.1  8.086e+05
     123.1  7.499e+05
     127.2  5.584e+05
     131.2  5.895e+05
     135.3   5.92e+05
     139.3  5.696e+05
     143.3  6.284e+05
     147.4   5.19e+05
     151.4  4.945e+05
     155.4  4.161e+05
     159.5  3.625e+05
     163.5  3.033e+05
     167.6  2.326e+05
     171.6  2.333e+05
     175.6  3.723e+05
     179.7  1.791e+05
     183.7  1.832e+05
     187.7  9.797e+04
     191.8  1.267e+05
     195.8  7.133e+04
     199.9  6.908e+04
     203.9  1.271e+05
     207.9  1.188e+05
       212  6.741e+04
       216  6.129e+04
       220  1.046e+05
     224.1  5.039e+04
     228.1  4.399e+04
     232.2  7.946e+04
     236.2  5.954e+04
     240.2       6885
     244.3   4.23e+04
     248.3  4.274e+04
     252.3  4.193e+04
     256.4  8.073e+04
     260.4  2.886e+04
     264.5  2.856e+04
     268.5  1.092e+04
     272.5          0
     276.6  2.269e+04
     280.6       5110
     284.6          0
     288.7          0
     292.7  1.514e+04
     296.8          0
     300.8          0
     304.8          0
     308.9          0
     312.9          0
     316.9          0
       321          0
       325       5338
     329.1          0
     333.1          0
     337.1          0
     341.2          0
     345.2          0
     349.2          0
