     2.019  7.941e+10
     6.056  1.164e+11
     10.09  1.492e+11
     14.13  1.924e+11
     18.17  2.349e+11
     22.21  2.716e+11
     26.24  2.959e+11
     30.28  3.127e+11
     34.32  3.278e+11
     38.36   3.44e+11
     42.39  3.597e+11
     46.43  3.723e+11
     50.47  3.819e+11
     54.51  3.915e+11
     58.54  4.006e+11
     62.58  4.092e+11
     66.62  4.176e+11
     70.66  4.258e+11
     74.69  4.337e+11
     78.73  4.407e+11
     82.77   4.47e+11
     86.81  4.534e+11
     90.84  4.577e+11
     94.88  4.618e+11
     98.92   4.65e+11
       103  4.678e+11
       107  4.705e+11
       111  4.739e+11
     115.1  4.764e+11
     119.1  4.788e+11
     123.1  4.811e+11
     127.2  4.829e+11
     131.2  4.849e+11
     135.3  4.869e+11
     139.3  4.889e+11
     143.3  4.912e+11
     147.4  4.932e+11
     151.4  4.951e+11
     155.4  4.967e+11
     159.5  4.982e+11
     163.5  4.994e+11
     167.6  5.004e+11
     171.6  5.014e+11
     175.6  5.031e+11
     179.7  5.039e+11
     183.7  5.048e+11
     187.7  5.052e+11
     191.8  5.059e+11
     195.8  5.062e+11
     199.9  5.066e+11
     203.9  5.072e+11
     207.9  5.078e+11
       212  5.082e+11
       216  5.085e+11
       220  5.091e+11
     224.1  5.094e+11
     228.1  5.097e+11
     232.2  5.101e+11
     236.2  5.105e+11
     240.2  5.105e+11
     244.3  5.108e+11
     248.3  5.111e+11
     252.3  5.113e+11
     256.4  5.119e+11
     260.4   5.12e+11
     264.5  5.122e+11
     268.5  5.123e+11
     272.5  5.123e+11
     276.6  5.125e+11
     280.6  5.125e+11
     284.6  5.125e+11
     288.7  5.125e+11
     292.7  5.126e+11
     296.8  5.126e+11
     300.8  5.126e+11
     304.8  5.126e+11
     308.9  5.126e+11
     312.9  5.126e+11
     316.9  5.126e+11
       321  5.126e+11
       325  5.127e+11
     329.1  5.127e+11
     333.1  5.127e+11
     337.1  5.127e+11
     341.2  5.127e+11
     345.2  5.127e+11
     349.2  5.127e+11
