     2.019      11.33
     6.056         19
     10.09       19.4
     14.13      19.75
     18.17      20.36
     22.21      20.85
     26.24      21.46
     30.28      21.79
     34.32      21.96
     38.36      21.94
     42.39       22.1
     46.43      22.62
     50.47      23.01
     54.51      22.91
     58.54      23.02
     62.58      23.17
     66.62      23.15
     70.66      23.19
     74.69      23.36
     78.73      23.26
     82.77      23.46
     86.81      23.21
     90.84      24.09
     94.88      24.41
     98.92      25.07
       103      25.03
       107      24.98
       111      25.11
     115.1      25.28
     119.1      25.25
     123.1      25.54
     127.2      25.67
     131.2      25.77
     135.3      25.74
     139.3      25.59
     143.3       25.9
     147.4      25.81
     151.4      26.07
     155.4      26.12
     159.5      26.23
     163.5      26.28
     167.6      26.89
     171.6      26.47
     175.6       26.4
     179.7      26.99
     183.7      27.23
     187.7      27.23
     191.8      27.73
     195.8      28.07
     199.9      27.41
     203.9      27.69
     207.9      27.75
       212      28.24
       216      27.86
       220      28.37
     224.1      28.13
     228.1      28.31
     232.2      28.11
     236.2      28.97
     240.2      29.27
     244.3      28.82
     248.3      28.36
     252.3      27.89
     256.4      27.93
     260.4      28.96
     264.5      28.57
     268.5      30.15
     272.5      28.89
     276.6      29.68
     280.6      32.84
     284.6      35.52
     288.7       29.3
     292.7      29.52
     296.8      35.52
     300.8      35.52
     304.8      35.52
     308.9      35.52
     312.9      35.52
     316.9      31.34
       321       27.3
       325      32.55
     329.1      35.52
     333.1      35.52
     337.1      35.52
     341.2      35.52
     345.2      35.52
     349.2      35.52
