     6.002  5.024e+08
        10   4.35e+08
        14  3.305e+08
        18  2.351e+08
     22.01  1.845e+08
     26.01  1.532e+08
     30.01   1.28e+08
     34.01  1.138e+08
     38.01  9.659e+07
     42.01  9.043e+07
     46.01  8.599e+07
     50.01  8.132e+07
     54.01  7.353e+07
     58.02  6.719e+07
     62.02  5.938e+07
     66.02  5.479e+07
     70.02  4.811e+07
     74.02  4.219e+07
     78.02  3.595e+07
     82.02  3.093e+07
     86.02  2.619e+07
     90.02  2.349e+07
     94.03  2.014e+07
     98.03  1.765e+07
       102  1.641e+07
       106  1.407e+07
       110  1.303e+07
       114  1.181e+07
       118  1.129e+07
       122  1.032e+07
       126  9.112e+06
       130   7.97e+06
       134  7.371e+06
       138  7.496e+06
       142  6.156e+06
       146  6.023e+06
       150  5.996e+06
       154  5.499e+06
       158  4.863e+06
       162  4.682e+06
       166  4.629e+06
       170  4.076e+06
       174    3.9e+06
       178  3.787e+06
     182.1  3.642e+06
     186.1   3.29e+06
     190.1  3.882e+06
     194.1  3.575e+06
     198.1  3.461e+06
     202.1  3.105e+06
     206.1  3.229e+06
     210.1  3.338e+06
     214.1  3.072e+06
     218.1  2.453e+06
     222.1  2.484e+06
     226.1  2.362e+06
     230.1  2.367e+06
     234.1   2.82e+06
     238.1  2.826e+06
     242.1  2.093e+06
     246.1  1.899e+06
     250.1  1.971e+06
     254.1  1.401e+06
     258.1  1.234e+06
     262.1  1.093e+06
     266.1  1.084e+06
     270.1   9.42e+05
     274.1  7.813e+05
     278.1  5.304e+05
     282.1  6.212e+05
     286.1  4.695e+05
     290.1  5.387e+05
     294.1  3.919e+05
     298.1  3.087e+05
     302.1   2.44e+05
     306.1  2.508e+05
     310.1  2.278e+05
     314.1   1.73e+05
     318.1  1.383e+05
     322.1  9.609e+04
     326.1   9.65e+04
     330.1   8.53e+04
     334.1  6.901e+04
     338.1  4.604e+04
     342.1  2.791e+04
     346.1  1.211e+04
     350.1  1.181e+04
