     2.001  1.261e-16
     6.002  6.843e-18
        10  5.877e-18
        14  4.594e-18
        18  4.366e-18
     22.01   3.31e-18
     26.01  2.102e-18
     30.01  1.689e-18
     34.01  1.583e-18
     38.01  1.279e-18
     42.01   1.21e-18
     46.01  1.132e-18
     50.01  1.037e-18
     54.01   1.05e-18
     58.02  9.069e-19
     62.02  8.357e-19
     66.02  7.511e-19
     70.02  6.574e-19
     74.02  5.645e-19
     78.02  4.931e-19
     82.02  4.181e-19
     86.02  3.724e-19
     90.02  3.329e-19
     94.03  3.065e-19
     98.03  2.533e-19
       102  2.374e-19
       106  2.123e-19
       110  1.923e-19
       114  1.774e-19
       118  1.838e-19
       122  1.605e-19
       126  1.355e-19
       130  1.287e-19
       134  1.366e-19
       138  1.128e-19
       142  1.096e-19
       146  1.128e-19
       150   1.03e-19
       154  9.435e-20
       158  1.053e-19
       162  8.731e-20
       166  8.069e-20
       170  6.819e-20
       174  6.426e-20
       178  7.194e-20
     182.1  5.566e-20
     186.1  5.827e-20
     190.1  5.791e-20
     194.1  6.562e-20
     198.1  5.944e-20
     202.1  5.061e-20
     206.1  5.633e-20
     210.1   5.39e-20
     214.1  4.904e-20
     218.1  4.907e-20
     222.1  4.469e-20
     226.1  4.032e-20
     230.1   4.46e-20
     234.1  5.051e-20
     238.1  5.188e-20
     242.1      4e-20
     246.1  4.401e-20
     250.1  4.143e-20
     254.1  4.206e-20
     258.1  4.897e-20
     262.1  4.353e-20
     266.1  4.312e-20
     270.1   3.67e-20
     274.1  3.902e-20
     278.1  3.615e-20
     282.1   3.88e-20
     286.1  3.691e-20
     290.1  6.108e-20
     294.1   1.34e-19
     298.1  2.746e-20
     302.1  1.659e-20
     306.1  1.921e-20
     310.1  1.953e-20
     314.1   2.18e-20
     318.1  1.092e-20
     322.1  1.333e-20
     326.1  1.405e-20
     330.1  1.265e-20
     334.1  4.141e-20
     338.1  1.561e-20
     342.1   9.44e-21
     346.1  3.139e-21
     350.1  1.908e-20
