     2.001      17.76
     6.002      20.93
        10      21.09
        14      21.36
        18      21.42
     22.01      21.72
     26.01      22.21
     30.01      22.45
     34.01      22.52
     38.01      22.75
     42.01      22.81
     46.01      22.88
     50.01      22.98
     54.01      22.96
     58.02      23.12
     62.02      23.21
     66.02      23.33
     70.02      23.47
     74.02      23.64
     78.02      23.78
     82.02      23.96
     86.02      24.09
     90.02      24.21
     94.03       24.3
     98.03      24.51
       102      24.58
       106       24.7
       110      24.81
       114      24.89
       118      24.86
       122         25
       126      25.19
       130      25.24
       134      25.18
       138      25.39
       142      25.42
       146      25.39
       150      25.48
       154      25.58
       158      25.46
       162      25.66
       166      25.75
       170      25.93
       174         26
       178      25.87
     182.1      26.15
     186.1       26.1
     190.1      26.11
     194.1      25.97
     198.1      26.08
     202.1      26.26
     206.1      26.14
     210.1      26.19
     214.1      26.29
     218.1      26.29
     222.1      26.39
     226.1       26.5
     230.1      26.39
     234.1      26.26
     238.1      26.23
     242.1      26.51
     246.1      26.41
     250.1      26.47
     254.1      26.46
     258.1      26.29
     262.1      26.42
     266.1      26.43
     270.1       26.6
     274.1      26.54
     278.1      26.62
     282.1      26.54
     286.1       26.6
     290.1      26.05
     294.1       25.2
     298.1      26.92
     302.1      27.47
     306.1      27.31
     310.1      27.29
     314.1      27.17
     318.1      27.92
     322.1       27.7
     326.1      27.65
     330.1      27.76
     334.1      26.47
     338.1      27.53
     342.1      28.08
     346.1      29.27
     350.1      27.31
