     2.001  1.503e+10
     6.002  6.594e+10
        10   1.29e+11
        14  1.897e+11
        18  2.517e+11
     22.01  3.162e+11
     26.01  3.791e+11
     30.01  4.381e+11
     34.01  4.905e+11
     38.01  5.375e+11
     42.01  5.814e+11
     46.01   6.26e+11
     50.01   6.68e+11
     54.01  7.057e+11
     58.02  7.436e+11
     62.02  7.783e+11
     66.02  8.141e+11
     70.02  8.494e+11
     74.02  8.848e+11
     78.02  9.177e+11
     82.02  9.509e+11
     86.02  9.814e+11
     90.02  1.012e+12
     94.03  1.041e+12
     98.03  1.069e+12
       102  1.097e+12
       106  1.123e+12
       110   1.15e+12
       114  1.175e+12
       118    1.2e+12
       122  1.223e+12
       126  1.245e+12
       130  1.267e+12
       134   1.29e+12
       138  1.315e+12
       142  1.337e+12
       146  1.357e+12
       150  1.381e+12
       154  1.404e+12
       158  1.426e+12
       162   1.45e+12
       166  1.471e+12
       170  1.492e+12
       174  1.509e+12
       178  1.528e+12
     182.1  1.548e+12
     186.1  1.564e+12
     190.1  1.582e+12
     194.1  1.599e+12
     198.1  1.615e+12
     202.1  1.633e+12
     206.1   1.65e+12
     210.1  1.673e+12
     214.1  1.695e+12
     218.1  1.716e+12
     222.1  1.736e+12
     226.1  1.752e+12
     230.1  1.767e+12
     234.1  1.783e+12
     238.1  1.797e+12
     242.1  1.811e+12
     246.1  1.825e+12
     250.1  1.838e+12
     254.1  1.848e+12
     258.1  1.858e+12
     262.1  1.865e+12
     266.1  1.871e+12
     270.1  1.877e+12
     274.1  1.883e+12
     278.1  1.889e+12
     282.1  1.894e+12
     286.1  1.898e+12
     290.1    1.9e+12
     294.1  1.902e+12
     298.1  1.905e+12
     302.1  1.907e+12
     306.1  1.909e+12
     310.1  1.912e+12
     314.1  1.913e+12
     318.1  1.915e+12
     322.1  1.915e+12
     326.1  1.916e+12
     330.1  1.917e+12
     334.1  1.917e+12
     338.1  1.917e+12
     342.1  1.918e+12
     346.1  1.918e+12
     350.1  1.918e+12
