     2.001  8.237e-17
     6.002   5.53e-18
        10  4.055e-18
        14  2.779e-18
        18  2.351e-18
     22.01  1.988e-18
     26.01  1.764e-18
     30.01  1.322e-18
     34.01  1.061e-18
     38.01  1.017e-18
     42.01  1.139e-18
     46.01  7.912e-19
     50.01  6.006e-19
     54.01  6.012e-19
     58.02  5.115e-19
     62.02  4.632e-19
     66.02  4.275e-19
     70.02  3.837e-19
     74.02  3.423e-19
     78.02  3.397e-19
     82.02  2.686e-19
     86.02  2.654e-19
     90.02  2.474e-19
     94.03  2.147e-19
     98.03  1.972e-19
       102  1.964e-19
       106  1.855e-19
       110   1.71e-19
       114  1.688e-19
       118  1.618e-19
       122  1.414e-19
       126   1.51e-19
       130  1.436e-19
       134  1.435e-19
       138  1.273e-19
       142  1.229e-19
       146  1.359e-19
       150  1.362e-19
       154  1.848e-19
       158  1.243e-19
       162   1.02e-19
       166   9.59e-20
       170  8.822e-20
       174  7.524e-20
       178  9.211e-20
     182.1  7.891e-20
     186.1  7.764e-20
     190.1  7.685e-20
     194.1  6.984e-20
     198.1  6.026e-20
     202.1  6.523e-20
     206.1  7.074e-20
     210.1  7.793e-20
     214.1  6.703e-20
     218.1  6.415e-20
     222.1   5.36e-20
     226.1  4.718e-20
     230.1  4.327e-20
     234.1  4.697e-20
     238.1   4.59e-20
     242.1  4.236e-20
     246.1  4.059e-20
     250.1  3.727e-20
     254.1  3.804e-20
     258.1  3.558e-20
     262.1  2.941e-20
     266.1  2.623e-20
     270.1  2.888e-20
     274.1  2.807e-20
     278.1  2.718e-20
     282.1  2.655e-20
     286.1  1.616e-20
     290.1  1.752e-20
     294.1   1.54e-20
     298.1  1.492e-20
     302.1  1.847e-20
     306.1  2.334e-20
     310.1  1.857e-20
     314.1  1.695e-20
     318.1  1.358e-20
     322.1  1.222e-20
     326.1  8.067e-21
     330.1  1.026e-20
     334.1  1.069e-20
     338.1  7.201e-21
     342.1  8.763e-21
     346.1  1.421e-20
     350.1  6.751e-21
