     6.069  4.364e+08
     10.11  1.193e+08
     14.16   8.42e+07
     18.21  5.824e+07
     22.25  4.571e+07
      26.3  3.791e+07
     30.34  3.342e+07
     34.39   2.72e+07
     38.44  2.365e+07
     42.48  1.902e+07
     46.53  1.363e+07
     50.57   9.61e+06
     54.62  7.497e+06
     58.66  6.851e+06
     62.71  5.691e+06
     66.76  5.745e+06
      70.8  4.288e+06
     74.85   3.45e+06
     78.89   3.69e+06
     82.94  4.339e+06
     86.98  3.697e+06
     91.03  2.853e+06
     95.08  2.763e+06
     99.12   1.95e+06
     103.2  2.359e+06
     107.2    2.4e+06
     111.3  2.248e+06
     115.3  1.537e+06
     119.4  1.591e+06
     123.4  1.428e+06
     127.4  1.538e+06
     131.5  1.459e+06
     135.5  1.376e+06
     139.6   1.14e+06
     143.6  8.846e+05
     147.7  7.521e+05
     151.7  6.532e+05
     155.8  6.549e+05
     159.8  6.891e+05
     163.9  6.775e+05
     167.9  7.915e+05
     171.9  6.375e+05
       176  5.105e+05
       180  3.887e+05
     184.1  3.965e+05
     188.1  2.261e+05
     192.2  1.637e+05
     196.2  1.397e+05
     200.3  1.562e+05
     204.3  1.183e+05
     208.4  1.909e+05
     212.4  1.165e+05
     216.5  1.081e+05
     220.5  1.101e+05
     224.5  1.339e+05
     228.6  7.196e+04
     232.6  9.634e+04
     236.7  8.628e+04
     240.7  1.023e+05
     244.8  1.249e+05
     248.8  9.111e+04
     252.9   1.23e+05
     256.9  8.053e+04
       261  6.762e+04
       265  5.545e+04
       269  6.369e+04
     273.1  2.951e+04
     277.1  2.656e+04
     281.2       9966
     285.2  3.926e+04
     289.3  1.588e+04
     293.3  1.889e+04
     297.4       5482
     301.4          0
     305.5          0
     309.5          0
     313.5          0
     317.6          0
     321.6          0
     325.7       6975
     329.7       5511
     333.8          0
     337.8          0
     341.9          0
     345.9          0
       350          0
