     2.023  4.414e+10
     6.069  1.115e+11
     10.11  1.422e+11
     14.16  1.725e+11
     18.21  1.994e+11
     22.25  2.253e+11
      26.3  2.506e+11
     30.34  2.764e+11
     34.39  3.002e+11
     38.44  3.233e+11
     42.48  3.438e+11
     46.53  3.599e+11
     50.57  3.723e+11
     54.62  3.827e+11
     58.66  3.929e+11
     62.71   4.02e+11
     66.76  4.117e+11
      70.8  4.194e+11
     74.85   4.26e+11
     78.89  4.334e+11
     82.94  4.426e+11
     86.98  4.507e+11
     91.03  4.573e+11
     95.08   4.64e+11
     99.12  4.689e+11
     103.2  4.751e+11
     107.2  4.816e+11
     111.3   4.88e+11
     115.3  4.925e+11
     119.4  4.973e+11
     123.4  5.018e+11
     127.4  5.068e+11
     131.5  5.117e+11
     135.5  5.164e+11
     139.6  5.205e+11
     143.6  5.237e+11
     147.7  5.265e+11
     151.7   5.29e+11
     155.8  5.316e+11
     159.8  5.344e+11
     163.9  5.372e+11
     167.9  5.406e+11
     171.9  5.434e+11
       176  5.457e+11
       180  5.475e+11
     184.1  5.493e+11
     188.1  5.504e+11
     192.2  5.512e+11
     196.2  5.519e+11
     200.3  5.527e+11
     204.3  5.533e+11
     208.4  5.543e+11
     212.4   5.55e+11
     216.5  5.556e+11
     220.5  5.562e+11
     224.5  5.569e+11
     228.6  5.574e+11
     232.6  5.579e+11
     236.7  5.584e+11
     240.7  5.591e+11
     244.8  5.598e+11
     248.8  5.604e+11
     252.9  5.612e+11
     256.9  5.617e+11
       261  5.622e+11
       265  5.626e+11
       269   5.63e+11
     273.1  5.632e+11
     277.1  5.634e+11
     281.2  5.635e+11
     285.2  5.637e+11
     289.3  5.639e+11
     293.3   5.64e+11
     297.4   5.64e+11
     301.4   5.64e+11
     305.5   5.64e+11
     309.5   5.64e+11
     313.5   5.64e+11
     317.6   5.64e+11
     321.6   5.64e+11
     325.7  5.641e+11
     329.7  5.641e+11
     333.8  5.641e+11
     337.8  5.641e+11
     341.9  5.641e+11
     345.9  5.641e+11
       350  5.641e+11
