     6.035  3.252e+08
     10.06  1.625e+08
     14.08  8.385e+07
     18.11  5.721e+07
     22.13  3.613e+07
     26.15  2.572e+07
     30.18  1.906e+07
      34.2  1.655e+07
     38.22  1.382e+07
     42.25  9.978e+06
     46.27  7.354e+06
      50.3  6.169e+06
     54.32  5.069e+06
     58.34  4.622e+06
     62.37  3.719e+06
     66.39  4.392e+06
     70.41   2.22e+06
     74.44  1.698e+06
     78.46  1.417e+06
     82.48  1.387e+06
     86.51  1.205e+06
     90.53  1.045e+06
     94.55  7.968e+05
     98.58  7.901e+05
     102.6  3.771e+05
     106.6  3.979e+05
     110.6  3.117e+05
     114.7  3.154e+05
     118.7  3.042e+05
     122.7  2.007e+05
     126.7  2.695e+05
     130.8  2.423e+05
     134.8  2.189e+05
     138.8  2.323e+05
     142.8  2.048e+05
     146.9  1.965e+05
     150.9  2.018e+05
     154.9  1.068e+05
     158.9  1.344e+05
       163  9.062e+04
       167  9.028e+04
       171  8.828e+04
       175    5.1e+04
     179.1  7.432e+04
     183.1  4.132e+04
     187.1  9.485e+04
     191.1  5.484e+04
     195.1   1.62e+04
     199.2  3.782e+04
     203.2   3.76e+04
     207.2  6.405e+04
     211.2  8.433e+04
     215.3          0
     219.3  2.133e+04
     223.3  4.027e+04
     227.3  3.298e+04
     231.4  4.552e+04
     235.4  4.402e+04
     239.4  3.065e+04
     243.4  3.082e+04
     247.5  1.019e+05
     251.5  7.147e+04
     255.5  1.243e+05
     259.5   4.78e+04
     263.5  3.273e+04
     267.6  1.924e+04
     271.6  1.634e+04
     275.6          0
     279.6  1.556e+04
     283.7       5241
     287.7  1.021e+04
     291.7  1.025e+04
     295.7       4719
     299.8          0
     303.8          0
     307.8          0
     311.8          0
     315.9          0
     319.9          0
     323.9          0
     327.9          0
     331.9          0
       336          0
       340          0
       344          0
       348          0
