     2.012  2.833e+10
     6.035  7.796e+10
     10.06  1.193e+11
     14.08  1.491e+11
     18.11  1.753e+11
     22.13  1.955e+11
     26.15  2.125e+11
     30.18  2.271e+11
      34.2  2.414e+11
     38.22  2.547e+11
     42.25  2.654e+11
     46.27   2.74e+11
      50.3  2.818e+11
     54.32  2.888e+11
     58.34  2.956e+11
     62.37  3.015e+11
     66.39  3.089e+11
     70.41  3.128e+11
     74.44   3.16e+11
     78.46  3.188e+11
     82.48  3.217e+11
     86.51  3.243e+11
     90.53  3.267e+11
     94.55  3.286e+11
     98.58  3.306e+11
     102.6  3.316e+11
     106.6  3.327e+11
     110.6  3.335e+11
     114.7  3.344e+11
     118.7  3.354e+11
     122.7   3.36e+11
     126.7  3.368e+11
     130.8  3.376e+11
     134.8  3.384e+11
     138.8  3.392e+11
     142.8  3.399e+11
     146.9  3.407e+11
     150.9  3.414e+11
     154.9  3.419e+11
     158.9  3.424e+11
       163  3.428e+11
       167  3.432e+11
       171  3.435e+11
       175  3.438e+11
     179.1  3.441e+11
     183.1  3.443e+11
     187.1  3.447e+11
     191.1   3.45e+11
     195.1  3.451e+11
     199.2  3.453e+11
     203.2  3.455e+11
     207.2  3.458e+11
     211.2  3.463e+11
     215.3  3.463e+11
     219.3  3.464e+11
     223.3  3.466e+11
     227.3  3.468e+11
     231.4  3.471e+11
     235.4  3.473e+11
     239.4  3.475e+11
     243.4  3.477e+11
     247.5  3.483e+11
     251.5  3.488e+11
     255.5  3.496e+11
     259.5  3.499e+11
     263.5  3.501e+11
     267.6  3.503e+11
     271.6  3.504e+11
     275.6  3.504e+11
     279.6  3.505e+11
     283.7  3.505e+11
     287.7  3.506e+11
     291.7  3.507e+11
     295.7  3.507e+11
     299.8  3.507e+11
     303.8  3.507e+11
     307.8  3.507e+11
     311.8  3.507e+11
     315.9  3.507e+11
     319.9  3.507e+11
     323.9  3.507e+11
     327.9  3.507e+11
     331.9  3.507e+11
       336  3.507e+11
       340  3.507e+11
       344  3.507e+11
       348  3.507e+11
