     2.012  5.332e-17
     6.035  1.715e-17
     10.06  8.596e-18
     14.08  5.515e-18
     18.11  5.195e-18
     22.13  2.828e-18
     26.15  2.405e-18
     30.18  2.213e-18
      34.2  1.422e-18
     38.22  1.355e-18
     42.25  8.547e-19
     46.27  5.924e-19
      50.3  4.786e-19
     54.32  4.259e-19
     58.34  3.152e-19
     62.37  3.293e-19
     66.39  3.076e-19
     70.41  2.679e-19
     74.44  2.459e-19
     78.46  1.986e-19
     82.48  1.575e-19
     86.51  1.161e-19
     90.53  9.366e-20
     94.55  8.544e-20
     98.58   6.69e-20
     102.6  4.385e-20
     106.6  3.154e-20
     110.6  3.441e-20
     114.7  2.808e-20
     118.7  1.899e-20
     122.7  3.439e-20
     126.7  2.028e-20
     130.8   1.98e-20
     134.8  2.567e-20
     138.8  2.884e-20
     142.8  2.437e-20
     146.9  2.043e-20
     150.9  1.966e-20
     154.9  1.177e-20
     158.9  1.517e-20
       163  8.952e-21
       167  8.812e-21
       171  8.657e-21
       175  5.658e-21
     179.1  6.399e-21
     183.1  6.276e-21
     187.1  8.305e-21
     191.1  3.738e-21
     195.1   4.18e-21
     199.2  4.711e-21
     203.2   7.26e-21
     207.2  1.035e-20
     211.2   3.79e-21
     215.3  1.962e-21
     219.3  2.468e-21
     223.3  7.824e-21
     227.3  2.492e-21
     231.4  7.318e-21
     235.4  5.091e-21
     239.4  4.272e-21
     243.4  7.387e-21
     247.5  1.095e-20
     251.5  1.094e-20
     255.5  1.492e-20
     259.5   7.09e-21
     263.5  3.081e-21
     267.6  3.456e-21
     271.6  1.777e-21
     275.6  2.137e-21
     279.6  3.247e-21
     283.7  2.979e-21
     287.7  3.468e-21
     291.7  1.953e-21
     295.7  1.155e-21
     299.8  4.519e-23
     303.8      1e-23
     307.8      1e-23
     311.8      1e-23
     315.9      1e-23
     319.9      1e-23
     323.9      1e-23
     327.9      1e-23
     331.9      1e-23
       336      1e-23
       340      1e-23
       344      1e-23
       348      1e-23
