     2.012       18.7
     6.035      19.93
     10.06      20.68
     14.08      21.16
     18.11      21.23
     22.13      21.89
     26.15      22.06
     30.18      22.15
      34.2      22.63
     38.22      22.69
     42.25      23.19
     46.27      23.58
      50.3      23.82
     54.32      23.94
     58.34      24.27
     62.37      24.22
     66.39       24.3
     70.41      24.45
     74.44      24.54
     78.46      24.77
     82.48      25.02
     86.51      25.35
     90.53      25.59
     94.55      25.69
     98.58      25.95
     102.6      26.41
     106.6      26.77
     110.6      26.67
     114.7      26.89
     118.7      27.32
     122.7      26.68
     126.7      27.25
     130.8      27.27
     134.8      26.99
     138.8      26.87
     142.8      27.05
     146.9      27.24
     150.9      27.28
     154.9      27.84
     158.9      27.56
       163      28.14
       167      28.15
       171      28.17
       175      28.63
     179.1       28.5
     183.1      28.52
     187.1      28.22
     191.1      29.08
     195.1      28.96
     199.2      28.83
     203.2      28.36
     207.2      27.98
     211.2      29.07
     215.3      29.78
     219.3      29.54
     223.3      28.28
     227.3      29.52
     231.4      28.36
     235.4      28.75
     239.4      28.94
     243.4      28.34
     247.5      27.92
     251.5      27.92
     255.5      27.58
     259.5      28.39
     263.5      29.29
     267.6      29.17
     271.6      29.89
     275.6      29.69
     279.6      29.24
     283.7      29.33
     287.7      29.17
     291.7      29.79
     295.7      30.36
     299.8      33.88
     303.8      35.52
     307.8      35.52
     311.8      35.52
     315.9      35.52
     319.9      35.52
     323.9      35.52
     327.9      35.52
     331.9      35.52
       336      35.52
       340      35.52
       344      35.52
       348      35.52
