         6  6.949e+08
        10   2.77e+08
        14  1.924e+08
        18  1.397e+08
        22   9.56e+07
        26  5.736e+07
        30  4.996e+07
        34  4.179e+07
        38  4.474e+07
        42  3.312e+07
        46  2.409e+07
        50  2.239e+07
        54  1.925e+07
        58  1.561e+07
        62  1.158e+07
        66  8.625e+06
     70.01  6.138e+06
     74.01  6.039e+06
     78.01  4.856e+06
     82.01  4.437e+06
     86.01  3.498e+06
     90.01  3.177e+06
     94.01  2.578e+06
     98.01  2.509e+06
       102  2.307e+06
       106  2.367e+06
       110  2.268e+06
       114  1.369e+06
       118  1.558e+06
       122  1.431e+06
       126   9.44e+05
       130  9.497e+05
       134  8.705e+05
       138  7.406e+05
       142  5.395e+05
       146  7.034e+05
       150  1.215e+06
       154   7.41e+05
       158  6.641e+05
       162  1.081e+06
       166  1.203e+06
       170  5.191e+05
       174  6.375e+05
       178  5.284e+05
       182  5.143e+05
       186  4.049e+05
       190  3.058e+05
       194  2.606e+05
       198  2.304e+05
       202  2.613e+05
       206  1.647e+05
       210  2.156e+05
       214  1.763e+05
       218  1.979e+05
       222  1.301e+05
       226  1.608e+05
       230  1.223e+05
       234  1.001e+05
       238   1.46e+05
       242  1.136e+05
       246  1.766e+05
       250  1.546e+05
       254  1.477e+05
       258  1.983e+05
       262  1.955e+05
       266   1.19e+05
       270  7.492e+04
       274  7.941e+04
       278  5.658e+04
       282   7.87e+04
       286  6.025e+04
       290   3.83e+04
       294  1.658e+04
       298  2.694e+04
       302   1.01e+04
       306  1.053e+04
       310  1.996e+04
       314       9667
       318       9756
       322   1.42e+04
       326       9390
       330          0
       334       4634
       338          0
       342          0
       346          0
       350          0
