         2  9.625e+10
         6  2.011e+11
        10  2.707e+11
        14  3.384e+11
        18  4.016e+11
        22  4.544e+11
        26  4.919e+11
        30  5.296e+11
        34  5.653e+11
        38  6.081e+11
        42   6.43e+11
        46  6.709e+11
        50   6.99e+11
        54  7.252e+11
        58  7.479e+11
        62   7.66e+11
        66  7.803e+11
     70.01  7.911e+11
     74.01  8.023e+11
     78.01  8.118e+11
     82.01   8.21e+11
     86.01  8.285e+11
     90.01  8.357e+11
     94.01  8.418e+11
     98.01   8.48e+11
       102  8.539e+11
       106  8.602e+11
       110  8.665e+11
       114  8.704e+11
       118   8.75e+11
       122  8.794e+11
       126  8.824e+11
       130  8.855e+11
       134  8.884e+11
       138   8.91e+11
       142  8.929e+11
       146  8.955e+11
       150  9.001e+11
       154   9.03e+11
       158  9.056e+11
       162    9.1e+11
       166   9.15e+11
       170  9.172e+11
       174    9.2e+11
       178  9.224e+11
       182  9.247e+11
       186  9.266e+11
       190  9.281e+11
       194  9.294e+11
       198  9.305e+11
       202  9.318e+11
       206  9.327e+11
       210  9.338e+11
       214  9.348e+11
       218  9.359e+11
       222  9.366e+11
       226  9.375e+11
       230  9.382e+11
       234  9.388e+11
       238  9.397e+11
       242  9.404e+11
       246  9.415e+11
       250  9.424e+11
       254  9.434e+11
       258  9.447e+11
       262  9.459e+11
       266  9.467e+11
       270  9.473e+11
       274  9.478e+11
       278  9.482e+11
       282  9.488e+11
       286  9.492e+11
       290  9.495e+11
       294  9.496e+11
       298  9.498e+11
       302  9.499e+11
       306  9.499e+11
       310  9.501e+11
       314  9.502e+11
       318  9.503e+11
       322  9.504e+11
       326  9.504e+11
       330  9.504e+11
       334  9.505e+11
       338  9.505e+11
       342  9.505e+11
       346  9.505e+11
       350  9.505e+11
