         2  8.971e-14
         6  7.892e-17
        10  3.922e-17
        14  2.757e-17
        18  2.145e-17
        22  1.362e-17
        26  1.095e-17
        30  9.185e-18
        34  7.623e-18
        38  7.469e-18
        42  4.624e-18
        46  4.749e-18
        50  4.002e-18
        54  3.802e-18
        58  2.821e-18
        62  1.809e-18
        66  1.309e-18
     70.01  1.404e-18
     74.01  1.269e-18
     78.01  1.216e-18
     82.01  1.052e-18
     86.01  5.871e-19
     90.01  5.102e-19
     94.01   4.73e-19
     98.01  5.685e-19
       102  7.041e-19
       106  5.316e-19
       110   3.53e-19
       114  2.787e-19
       118  3.402e-19
       122  2.164e-19
       126  2.968e-19
       130  2.372e-19
       134  2.393e-19
       138  1.131e-19
       142  1.048e-19
       146  1.599e-19
       150  1.381e-19
       154  1.003e-19
       158   1.11e-19
       162  2.058e-19
       166   8.98e-20
       170  1.091e-19
       174  8.437e-20
       178  7.289e-20
       182  8.136e-20
       186  5.235e-20
       190  6.036e-20
       194  3.924e-20
       198  4.471e-20
       202  3.584e-20
       206  3.401e-20
       210  3.056e-20
       214   3.48e-20
       218  3.419e-20
       222  2.153e-20
       226  3.027e-20
       230  2.472e-20
       234  2.706e-20
       238  2.293e-20
       242  2.917e-20
       246  3.232e-20
       250  2.966e-20
       254  4.373e-20
       258  6.833e-20
       262  5.381e-20
       266  4.235e-20
       270  2.973e-20
       274  2.985e-20
       278  3.291e-20
       282  3.593e-20
       286  3.287e-20
       290  1.409e-20
       294  2.045e-20
       298  2.229e-20
       302  7.321e-21
       306  1.251e-20
       310  1.351e-20
       314  1.201e-20
       318  6.615e-21
       322  2.117e-20
       326  3.092e-22
       330  3.502e-21
       334  5.808e-21
       338      1e-23
       342      1e-23
       346      1e-23
       350      1e-23
