D1   026   1.4347e+11      40.11       6.07 
D2   026   2.2403e+11      36.22       6.06 
D3   026   1.0473e+11      14.37     -29.69 
D4   026   7.0944e+10      19.92       2.40 
D5   026   1.6897e+11      33.64       7.37 
D6   026   3.3475e+11      77.85      20.34 
D7   026   4.0856e+11      88.24      13.06 
D8   026   9.4809e+10      20.91       2.95 
D9   026    9.958e+10      26.52       6.92 
D10  026   2.5219e+11      53.83       4.48 
D11  026   7.8049e+10      18.59       2.38 
D12  026   1.3162e+11      29.01       4.50 
D13  026    2.621e+11      54.43       8.21 
D14  026   2.4837e+11      57.62       9.62 
D15  026   3.4009e+11      66.72       8.55 
D16  026   2.7433e+11      50.44       5.42 
D17  026   1.4733e+11      56.07      22.59 
D18  026   2.5804e+11      68.99      20.49 
D19  026   1.7657e+11      46.80       7.08 
D20  026   1.4339e+11      54.40       9.03 
D21  026   4.5724e+11      90.42      17.57 
D22  026   8.6441e+11     108.69      20.32 
D23  026   2.4424e+11      50.48       8.95 
D24  026   4.0435e+11      66.41       9.46 
D25  026   2.2013e+11      38.70       5.56 
D26  026   1.6718e+11      45.38       4.52 
D27  026   2.3933e+11      59.09      11.38 
D28  026   8.5644e+10      33.71       4.02 
D29  026   1.4516e+11      40.44       4.03 
