D1   041   5.4629e+11      66.19      22.03 
D2   041   6.7195e+11      85.54      20.81 
D3   041   9.1426e+11      81.61      29.57 
D4   041   3.2456e+11      53.85      17.45 
D5   041   4.5565e+11      52.83      16.74 
D6   041   1.3905e+12     124.53      47.07 
D7   041   1.0602e+12     105.52      35.42 
D8   041   1.0984e+12      81.83      19.63 
D9   041   3.7717e+11      61.75      21.00 
D10  041   1.1485e+12     111.45      47.55 
D11  041   4.2578e+11      66.66      14.99 
D12  041   1.1876e+12     107.22      37.40 
D13  041   7.1016e+11      81.31      24.68 
D14  041   1.7851e+12     136.40      34.67 
D15  041   1.2451e+12      96.57      30.82 
D16  041   2.1916e+12     139.36      51.32 
D17  041   1.3998e+12     100.48      21.98 
D18  041   1.7258e+12     136.34      40.07 
D19  041   8.8189e+11     124.01      66.71 
D20  041   1.8774e+12     116.54      39.05 
D21  041    2.183e+12     121.21      36.40 
D22  041   1.7256e+12     117.54      41.64 
D23  041   7.1946e+11      79.05      24.12 
D24  041   2.0436e+12     135.62      45.98 
D25  041   6.7374e+11      84.14      27.41 
D26  041   1.2523e+12     105.02      37.96 
D27  041   1.3258e+12      94.90      28.57 
D28  041   1.2993e+12     111.45      34.51 
D29  041   1.2712e+12     125.18      40.55 
