D1   091   3.4381e+12     127.35      58.85 
D2   091   1.4627e+12      85.92      34.01 
D3   091   1.8138e+12      91.42      39.00 
D4   091    8.325e+11      68.11      28.53 
D5   091   4.9603e+11      46.67      22.95 
D6   091   2.7284e+12     132.12      60.56 
D7   091   3.3687e+12     130.38      58.17 
D8   091   1.9091e+12      83.20      39.61 
D9   091   3.3985e+11      44.18      21.11 
D10  091   3.4556e+12     129.73      61.10 
D11  091   3.1926e+12     132.29      54.43 
D12  091   2.1555e+12     110.97      46.88 
D13  091    2.519e+12     133.33      67.99 
D14  091   2.8912e+12     129.26      49.68 
D15  091   2.9424e+12     118.04      49.34 
D16  091   3.3385e+12     132.39      55.79 
D17  091   1.6504e+12      86.41      31.57 
D18  091   2.9136e+12     126.56      50.33 
D19  091   2.5602e+12     119.47      54.42 
D20  091   2.9806e+12     115.98      41.63 
D21  091   3.4585e+12     120.66      40.77 
D22  091   3.7152e+12     146.63      68.26 
D23  091   2.0338e+12     104.16      43.36 
D24  091   3.7734e+12     132.00      50.23 
D25  091   1.0155e+12      67.77      28.11 
D26  091   2.8919e+12     114.16      49.40 
D27  091   2.6352e+12     137.03      58.88 
D28  091   2.3143e+12     127.69      58.03 
D29  091   1.9768e+12     121.77      55.99 
