D1   091    4.781e+11      43.00      20.07 
D1   091    4.781e+11      43.00      20.07 
D1   091    4.781e+11      43.00      20.07 
D2   091   6.0574e+11      53.88      23.31 
D3   091   8.6078e+11      69.66      33.51 
D4   091   2.2402e+11      29.24      11.35 
D5   091   5.5102e+11      47.91      21.89 
D6   091   7.3962e+11      52.69      21.96 
D7   091   1.3008e+12      84.52      36.38 
D8   091   4.8217e+11      49.34      18.39 
D9   091   2.7737e+11      37.03      13.91 
D10  091   1.4066e+12      89.51      44.08 
D11  091   1.6763e+12      98.72      45.35 
D12  091   4.7582e+11      42.17      18.05 
D13  091    2.081e+11      25.50      10.64 
D14  091   2.9891e+11      34.69      15.11 
D15  091   1.2069e+12      83.99      37.67 
D16  091   4.6464e+11      46.18      21.49 
D17  091   7.1569e+11      56.52      22.82 
D18  091    1.988e+12     100.60      37.62 
D19  091   1.2399e+12      84.05      38.07 
D20  091   9.3969e+11     151.08      32.81 
D21  091   5.7437e+11     114.39      36.05 
D22  091   2.8681e+11      32.53      13.23 
D23  091   1.7229e+11      25.55      11.70 
D24  091   4.4842e+11      41.74      19.48 
D25  091   6.6735e+11      60.32      28.90 
D26  091   1.8717e+12      99.18      45.05 
D28  091    1.428e+12      71.57      30.05 
D29  091   2.1491e+12     113.23      46.83 
