D1   091   4.9213e+12     218.10      86.91 
D2   091   1.8052e+12     126.12      43.36 
D3   091   2.2635e+12     135.67      49.07 
D4   091   1.2012e+12     118.20      43.73 
D5   091    6.933e+11      75.11      31.62 
D6   091   3.4011e+12     187.56      76.39 
D7   091   4.6692e+12     217.17      83.75 
D8   091   2.3074e+12     121.96      47.67 
D9   091    4.634e+11      67.51      28.97 
D10  091   5.0245e+12     216.21      90.92 
D11  091   3.6272e+12     167.30      61.50 
D12  091   3.3715e+12     204.70      79.57 
D13  091   3.4335e+12     220.15      91.57 
D14  091   4.0644e+12     220.77      78.85 
D15  091   3.9039e+12     197.42      68.19 
D15  091   3.9039e+12     197.42      68.19 
D16  091   4.2635e+12     205.23      73.01 
D17  091    1.952e+12     119.49      38.58 
D18  091   4.4931e+12     255.95      85.24 
D19  091   3.8498e+12     210.21      85.31 
D20  091   3.6418e+12     177.88      53.32 
D21  091   4.9728e+12     245.47      66.69 
D22  091   5.6832e+12     259.30     107.78 
D23  091   3.4119e+12     228.17      82.05 
D24  091   4.6341e+12     192.70      64.93 
D25  091   1.9014e+12     161.78      61.46 
D26  091   4.1462e+12     193.99      74.61 
D27  091   3.4788e+12     200.49      82.21 
D28  091   3.2172e+12     202.98      82.68 
D29  091   2.6355e+12     184.93      76.05 
