D1   032   3.2812e+11      58.41      15.03 
D2   032   3.1919e+11      59.05      11.92 
D3   032   4.8787e+11      83.23      26.13 
D4   032    1.615e+11      44.03       7.92 
D5   032   2.8932e+11      69.51      17.40 
D6   032   5.6927e+11      87.50      25.09 
D7   032   7.9843e+11     115.00      28.04 
D8   032   4.8076e+11      89.52      29.82 
D9   032      2.9e+11      55.02      13.53 
D10  032   2.7977e+11      88.81      25.09 
D11  032   4.2365e+11      87.37      37.26 
D12  032   5.4947e+11     113.64      44.35 
D13  032   5.2535e+11      87.64      20.18 
D14  032   4.8569e+11      84.82      19.06 
D15  032   7.8503e+11     100.50      30.74 
D16  032   3.8371e+11     104.61      53.44 
D17  032   8.0644e+11     129.92      29.76 
D18  032    7.545e+11     100.60      25.15 
D19  032   4.4479e+11      84.05      21.80 
D20  032   1.1087e+12     151.08      68.11 
D21  032   9.9086e+11     114.39      29.33 
D22  032   1.3661e+12     133.37      36.11 
D23  032   5.7031e+11      80.10      17.19 
D24  032   1.0598e+12     145.45      41.40 
D25  032   3.1435e+11      65.32      13.57 
D26  032   4.8432e+11     121.75      43.61 
D27  032   1.1225e+12     113.28      28.66 
D28  032   2.7295e+11      70.87      14.16 
D29  032   5.9046e+11      88.79      20.30 
