     6.002  4.041e+08
        10  2.712e+08
        14  1.983e+08
     18.01  1.752e+08
     22.01  1.435e+08
     26.01  1.078e+08
     30.01  8.982e+07
     34.01  7.504e+07
     38.01   5.47e+07
     42.01  4.727e+07
     46.01  4.372e+07
     50.02  3.971e+07
     54.02   3.65e+07
     58.02  3.152e+07
     62.02  2.581e+07
     66.02  2.402e+07
     70.02  2.433e+07
     74.02  1.963e+07
     78.02  1.713e+07
     82.03   1.46e+07
     86.03  1.351e+07
     90.03   1.41e+07
     94.03  1.294e+07
     98.03  1.082e+07
       102  8.678e+06
       106  7.853e+06
       110  7.236e+06
       114  7.201e+06
       118  7.472e+06
       122  7.066e+06
       126  6.141e+06
       130  7.217e+06
       134  7.173e+06
       138  6.468e+06
       142  6.025e+06
       146  6.421e+06
       150   6.52e+06
       154  5.466e+06
       158  4.634e+06
     162.1  4.256e+06
     166.1  3.819e+06
     170.1  3.962e+06
     174.1  3.935e+06
     178.1  3.218e+06
     182.1  3.617e+06
     186.1  3.048e+06
     190.1  2.338e+06
     194.1  2.342e+06
     198.1  2.192e+06
     202.1  2.071e+06
     206.1  1.755e+06
     210.1  1.516e+06
     214.1  1.442e+06
     218.1  1.813e+06
     222.1  1.278e+06
     226.1   1.25e+06
     230.1  1.245e+06
     234.1  1.498e+06
     238.1  1.151e+06
     242.1  1.207e+06
     246.1  9.625e+05
     250.1  9.902e+05
     254.1  9.865e+05
     258.1  1.002e+06
     262.1  9.146e+05
     266.1  1.096e+06
     270.1  1.313e+06
     274.1  8.049e+05
     278.1  5.503e+05
     282.1  5.291e+05
     286.1  5.122e+05
     290.1  4.103e+05
     294.1  4.362e+05
     298.1  3.697e+05
     302.1  3.153e+05
     306.1  3.063e+05
     310.1  4.651e+05
     314.1  2.419e+05
     318.1  1.461e+05
     322.1  1.423e+05
     326.1  8.036e+04
     330.1  9.709e+04
     334.1  5.345e+04
     338.1  2.976e+04
     342.1  2.565e+04
     346.1       8093
     350.1       4776
