     2.001  1.449e+10
     6.002  7.546e+10
        10  1.437e+11
        14  2.135e+11
     18.01  2.928e+11
     22.01  3.722e+11
     26.01  4.427e+11
     30.01  5.104e+11
     34.01  5.746e+11
     38.01  6.269e+11
     42.01  6.768e+11
     46.01  7.274e+11
     50.02  7.773e+11
     54.02  8.269e+11
     58.02  8.729e+11
     62.02  9.131e+11
     66.02   9.53e+11
     70.02  9.958e+11
     74.02  1.032e+12
     78.02  1.066e+12
     82.03  1.096e+12
     86.03  1.125e+12
     90.03  1.157e+12
     94.03  1.188e+12
     98.03  1.214e+12
       102  1.237e+12
       106  1.258e+12
       110  1.278e+12
       114  1.298e+12
       118   1.32e+12
       122  1.342e+12
       126  1.362e+12
       130  1.385e+12
       134  1.409e+12
       138  1.432e+12
       142  1.453e+12
       146  1.477e+12
       150  1.502e+12
       154  1.523e+12
       158  1.541e+12
     162.1  1.558e+12
     166.1  1.574e+12
     170.1  1.591e+12
     174.1  1.609e+12
     178.1  1.623e+12
     182.1   1.64e+12
     186.1  1.654e+12
     190.1  1.665e+12
     194.1  1.676e+12
     198.1  1.687e+12
     202.1  1.698e+12
     206.1  1.707e+12
     210.1  1.715e+12
     214.1  1.723e+12
     218.1  1.733e+12
     222.1   1.74e+12
     226.1  1.747e+12
     230.1  1.754e+12
     234.1  1.763e+12
     238.1   1.77e+12
     242.1  1.777e+12
     246.1  1.783e+12
     250.1  1.789e+12
     254.1  1.796e+12
     258.1  1.802e+12
     262.1  1.808e+12
     266.1  1.815e+12
     270.1  1.824e+12
     274.1   1.83e+12
     278.1  1.834e+12
     282.1  1.837e+12
     286.1  1.841e+12
     290.1  1.844e+12
     294.1  1.847e+12
     298.1   1.85e+12
     302.1  1.853e+12
     306.1  1.855e+12
     310.1  1.859e+12
     314.1   1.86e+12
     318.1  1.862e+12
     322.1  1.863e+12
     326.1  1.863e+12
     330.1  1.864e+12
     334.1  1.865e+12
     338.1  1.865e+12
     342.1  1.865e+12
     346.1  1.865e+12
     350.1  1.865e+12
