     2.001  3.227e-17
     6.002  1.624e-17
        10  1.214e-17
        14  1.126e-17
     18.01  8.964e-18
     22.01  6.907e-18
     26.01  5.248e-18
     30.01   4.58e-18
     34.01  3.381e-18
     38.01  3.036e-18
     42.01  2.534e-18
     46.01  2.749e-18
     50.02  2.053e-18
     54.02  1.624e-18
     58.02  1.312e-18
     62.02  1.183e-18
     66.02  1.106e-18
     70.02  9.944e-19
     74.02  9.021e-19
     78.02  7.874e-19
     82.03  8.225e-19
     86.03  1.012e-18
     90.03  9.644e-19
     94.03  5.126e-19
     98.03  4.671e-19
       102  4.226e-19
       106   3.98e-19
       110  4.561e-19
       114  4.181e-19
       118  3.297e-19
       122  4.167e-19
       126  4.935e-19
       130   5.02e-19
       134  3.157e-19
       138  2.829e-19
       142  4.269e-19
       146  5.432e-19
       150  4.496e-19
       154  2.793e-19
       158  2.501e-19
     162.1  2.192e-19
     166.1  1.978e-19
     170.1  2.123e-19
     174.1  1.953e-19
     178.1  1.887e-19
     182.1  1.766e-19
     186.1  1.654e-19
     190.1  1.356e-19
     194.1   1.46e-19
     198.1   1.51e-19
     202.1  1.886e-19
     206.1  1.119e-19
     210.1  8.141e-20
     214.1  9.118e-20
     218.1  1.018e-19
     222.1  8.698e-20
     226.1  9.167e-20
     230.1  9.673e-20
     234.1  9.057e-20
     238.1  8.321e-20
     242.1  8.615e-20
     246.1  8.091e-20
     250.1  7.312e-20
     254.1  9.877e-20
     258.1  1.467e-19
     262.1  1.706e-19
     266.1  2.021e-19
     270.1  1.798e-19
     274.1  1.581e-19
     278.1  1.391e-19
     282.1  3.155e-19
     286.1   2.96e-19
     290.1  4.672e-19
     294.1  3.635e-19
     298.1  1.633e-19
     302.1  1.119e-19
     306.1  1.187e-19
     310.1  1.201e-19
     314.1  7.042e-20
     318.1  5.305e-20
     322.1  4.093e-20
     326.1  3.366e-20
     330.1  4.327e-20
     334.1  4.967e-20
     338.1  1.551e-20
     342.1  8.366e-21
     346.1  1.329e-20
     350.1  2.978e-20
