     2.001      19.24
     6.002      19.99
        10      20.31
        14      20.39
     18.01      20.63
     22.01      20.92
     26.01      21.22
     30.01      21.36
     34.01      21.69
     38.01      21.81
     42.01      22.01
     46.01      21.92
     50.02      22.24
     54.02      22.49
     58.02      22.72
     62.02      22.83
     66.02      22.91
     70.02      23.02
     74.02      23.13
     78.02      23.28
     82.03      23.23
     86.03         23
     90.03      23.06
     94.03      23.74
     98.03      23.84
       102      23.95
       106      24.02
       110      23.87
       114      23.96
       118      24.22
       122      23.97
       126      23.78
       130      23.76
       134      24.27
       138      24.39
       142      23.94
       146      23.68
       150      23.88
       154       24.4
       158      24.52
     162.1      24.66
     166.1      24.78
     170.1       24.7
     174.1      24.79
     178.1      24.83
     182.1       24.9
     186.1      24.97
     190.1      25.19
     194.1      25.11
     198.1      25.07
     202.1      24.83
     206.1      25.39
     210.1      25.74
     214.1      25.62
     218.1       25.5
     222.1      25.67
     226.1      25.61
     230.1      25.55
     234.1      25.62
     238.1      25.72
     242.1      25.68
     246.1      25.75
     250.1      25.86
     254.1      25.53
     258.1       25.1
     262.1      24.94
     266.1      24.75
     270.1      24.88
     274.1      25.02
     278.1      25.16
     282.1      24.27
     286.1      24.34
     290.1      23.84
     294.1      24.11
     298.1      24.98
     302.1      25.39
     306.1      25.33
     310.1      25.32
     314.1       25.9
     318.1       26.2
     322.1      26.49
     326.1       26.7
     330.1      26.43
     334.1      26.28
     338.1      27.54
     342.1      28.21
     346.1      27.71
     350.1      26.83
