     6.002  4.984e+08
        10  4.008e+08
        14   2.97e+08
        18  2.332e+08
     22.01  1.878e+08
     26.01  1.547e+08
     30.01  1.305e+08
     34.01  1.138e+08
     38.01  1.025e+08
     42.01  8.621e+07
     46.01  8.079e+07
     50.01  7.203e+07
     54.01   6.29e+07
     58.02  5.867e+07
     62.02  5.287e+07
     66.02  5.082e+07
     70.02  4.922e+07
     74.02  4.709e+07
     78.02  4.136e+07
     82.02  3.958e+07
     86.02  3.611e+07
     90.02  3.494e+07
     94.03  3.209e+07
     98.03  3.108e+07
       102  2.893e+07
       106  2.637e+07
       110    2.7e+07
       114  2.491e+07
       118  2.485e+07
       122   2.32e+07
       126  2.038e+07
       130  2.013e+07
       134  1.926e+07
       138  1.795e+07
       142  1.802e+07
       146  1.656e+07
       150   1.56e+07
       154  1.456e+07
       158   1.43e+07
       162    1.3e+07
       166  1.304e+07
       170  1.375e+07
       174  1.303e+07
       178  1.125e+07
     182.1  1.143e+07
     186.1  1.057e+07
     190.1  9.973e+06
     194.1  1.051e+07
     198.1  1.054e+07
     202.1  1.017e+07
     206.1  1.035e+07
     210.1   1.05e+07
     214.1  9.119e+06
     218.1  8.289e+06
     222.1   8.05e+06
     226.1  7.444e+06
     230.1  7.887e+06
     234.1  7.796e+06
     238.1  6.994e+06
     242.1   6.66e+06
     246.1  6.519e+06
     250.1  6.025e+06
     254.1  4.817e+06
     258.1  4.309e+06
     262.1  3.609e+06
     266.1  3.366e+06
     270.1  3.089e+06
     274.1   2.15e+06
     278.1   2.07e+06
     282.1  1.799e+06
     286.1  1.645e+06
     290.1  1.571e+06
     294.1  1.248e+06
     298.1  1.194e+06
     302.1  1.145e+06
     306.1   1.07e+06
     310.1  8.246e+05
     314.1  7.683e+05
     318.1  6.196e+05
     322.1  6.006e+05
     326.1  5.446e+05
     330.1  7.169e+05
     334.1  5.533e+05
     338.1  3.431e+05
     342.1  2.515e+05
     346.1  1.374e+05
     350.1  1.171e+05
