     2.001  2.612e+10
     6.002  1.013e+11
        10  2.021e+11
        14  3.067e+11
        18  4.122e+11
     22.01  5.161e+11
     26.01  6.173e+11
     30.01  7.157e+11
     34.01   8.13e+11
     38.01  9.109e+11
     42.01  1.002e+12
     46.01  1.095e+12
     50.01  1.186e+12
     54.01  1.271e+12
     58.02  1.357e+12
     62.02  1.439e+12
     66.02  1.524e+12
     70.02   1.61e+12
     74.02  1.698e+12
     78.02  1.779e+12
     82.02  1.861e+12
     86.02  1.939e+12
     90.02  2.018e+12
     94.03  2.094e+12
     98.03   2.17e+12
       102  2.245e+12
       106  2.315e+12
       110   2.39e+12
       114  2.461e+12
       118  2.535e+12
       122  2.606e+12
       126   2.67e+12
       130  2.736e+12
       134  2.801e+12
       138  2.863e+12
       142  2.928e+12
       146  2.989e+12
       150  3.047e+12
       154  3.104e+12
       158  3.161e+12
       162  3.214e+12
       166  3.268e+12
       170  3.327e+12
       174  3.384e+12
       178  3.434e+12
     182.1  3.486e+12
     186.1  3.536e+12
     190.1  3.584e+12
     194.1  3.635e+12
     198.1  3.687e+12
     202.1  3.739e+12
     206.1  3.793e+12
     210.1  3.848e+12
     214.1  3.897e+12
     218.1  3.942e+12
     222.1  3.987e+12
     226.1   4.03e+12
     230.1  4.075e+12
     234.1  4.121e+12
     238.1  4.163e+12
     242.1  4.204e+12
     246.1  4.244e+12
     250.1  4.282e+12
     254.1  4.313e+12
     258.1  4.341e+12
     262.1  4.364e+12
     266.1  4.387e+12
     270.1  4.408e+12
     274.1  4.423e+12
     278.1  4.437e+12
     282.1   4.45e+12
     286.1  4.462e+12
     290.1  4.473e+12
     294.1  4.482e+12
     298.1  4.491e+12
     302.1    4.5e+12
     306.1  4.508e+12
     310.1  4.515e+12
     314.1  4.521e+12
     318.1  4.526e+12
     322.1  4.531e+12
     326.1  4.535e+12
     330.1  4.541e+12
     334.1  4.546e+12
     338.1  4.549e+12
     342.1  4.551e+12
     346.1  4.552e+12
     350.1  4.553e+12
