     2.001  8.767e-17
     6.002   8.67e-18
        10  7.125e-18
        14  5.398e-18
        18   3.99e-18
     22.01  3.408e-18
     26.01  2.824e-18
     30.01  2.826e-18
     34.01  2.873e-18
     38.01  2.514e-18
     42.01  1.828e-18
     46.01  1.763e-18
     50.01  1.668e-18
     54.01  1.677e-18
     58.02  1.254e-18
     62.02  9.981e-19
     66.02   9.12e-19
     70.02  8.948e-19
     74.02  7.944e-19
     78.02  7.276e-19
     82.02  7.058e-19
     86.02  6.328e-19
     90.02  6.898e-19
     94.03  6.403e-19
     98.03  5.976e-19
       102  4.594e-19
       106   4.92e-19
       110  4.549e-19
       114  4.107e-19
       118  4.215e-19
       122  3.747e-19
       126  3.555e-19
       130  3.487e-19
       134  3.259e-19
       138  3.184e-19
       142  3.255e-19
       146  2.839e-19
       150  2.835e-19
       154  2.813e-19
       158  2.965e-19
       162  2.737e-19
       166  2.274e-19
       170  2.219e-19
       174  2.207e-19
       178  3.245e-19
     182.1  2.004e-19
     186.1  1.804e-19
     190.1   1.74e-19
     194.1  1.699e-19
     198.1  1.973e-19
     202.1  1.752e-19
     206.1  1.691e-19
     210.1  1.615e-19
     214.1  1.446e-19
     218.1  1.401e-19
     222.1  1.383e-19
     226.1  1.219e-19
     230.1  1.387e-19
     234.1  1.366e-19
     238.1  1.193e-19
     242.1  1.149e-19
     246.1  1.152e-19
     250.1   1.17e-19
     254.1  1.166e-19
     258.1  1.114e-19
     262.1  9.831e-20
     266.1  1.189e-19
     270.1  1.047e-19
     274.1  8.634e-20
     278.1  8.874e-20
     282.1  7.458e-20
     286.1  7.458e-20
     290.1  8.968e-20
     294.1  6.951e-20
     298.1  8.069e-20
     302.1  7.542e-20
     306.1  6.624e-20
     310.1  6.502e-20
     314.1  6.358e-20
     318.1  7.384e-20
     322.1  7.554e-20
     326.1  1.006e-19
     330.1  1.035e-19
     334.1  7.733e-20
     338.1  6.191e-20
     342.1  5.173e-20
     346.1  5.731e-20
     350.1  6.892e-20
