     6.063  2.997e+08
      10.1  5.435e+07
     14.15  3.429e+07
     18.19  1.904e+07
     22.23  1.152e+07
     26.27  7.021e+06
     30.31   6.97e+06
     34.36  6.235e+06
      38.4  4.044e+06
     42.44  3.386e+06
     46.48  1.573e+06
     50.52  1.368e+06
     54.57  8.392e+05
     58.61   5.47e+05
     62.65  5.382e+05
     66.69  9.004e+05
     70.73  1.093e+06
     74.78  1.989e+06
     78.82  1.116e+06
     82.86  6.641e+05
      86.9  4.853e+05
     90.94  4.692e+05
     94.98  4.173e+05
     99.03  3.396e+05
     103.1  2.387e+05
     107.1  2.362e+05
     111.2  8.328e+04
     115.2  1.472e+05
     119.2  1.701e+05
     123.3   7.44e+04
     127.3  1.267e+05
     131.4  9.433e+04
     135.4  6.965e+04
     139.4  1.463e+04
     143.5          0
     147.5  2.038e+04
     151.6  6.406e+04
     155.6  3.862e+04
     159.7  1.858e+04
     163.7  1.904e+04
     167.7  1.833e+04
     171.8       9108
     175.8          0
     179.9       8285
     183.9  2.622e+04
     187.9       8617
       192  1.648e+04
       196          0
     200.1       7873
     204.1          0
     208.2          0
     212.2          0
     216.2  1.406e+04
     220.3          0
     224.3          0
     228.4          0
     232.4          0
     236.5          0
     240.5          0
     244.5          0
     248.6          0
     252.6          0
     256.7          0
     260.7          0
     264.7          0
     268.8          0
     272.8          0
     276.9          0
     280.9          0
       285          0
       289          0
       293          0
     297.1          0
     301.1          0
     305.2          0
     309.2          0
     313.2          0
     317.3          0
     321.3          0
     325.4          0
     329.4          0
     333.5          0
     337.5          0
     341.5          0
     345.6          0
     349.6          0
