     2.021  5.503e+10
     6.063  1.012e+11
      10.1  1.151e+11
     14.15  1.275e+11
     18.19  1.362e+11
     22.23  1.427e+11
     26.27  1.474e+11
     30.31  1.528e+11
     34.36  1.582e+11
      38.4  1.622e+11
     42.44  1.658e+11
     46.48  1.677e+11
     50.52  1.694e+11
     54.57  1.706e+11
     58.61  1.714e+11
     62.65  1.723e+11
     66.69  1.738e+11
     70.73  1.758e+11
     74.78  1.795e+11
     78.82  1.818e+11
     82.86  1.832e+11
      86.9  1.842e+11
     90.94  1.853e+11
     94.98  1.863e+11
     99.03  1.872e+11
     103.1  1.878e+11
     107.1  1.885e+11
     111.2  1.887e+11
     115.2  1.891e+11
     119.2  1.896e+11
     123.3  1.899e+11
     127.3  1.903e+11
     131.4  1.906e+11
     135.4  1.908e+11
     139.4  1.909e+11
     143.5  1.909e+11
     147.5   1.91e+11
     151.6  1.912e+11
     155.6  1.914e+11
     159.7  1.914e+11
     163.7  1.915e+11
     167.7  1.916e+11
     171.8  1.916e+11
     175.8  1.916e+11
     179.9  1.917e+11
     183.9  1.918e+11
     187.9  1.918e+11
       192  1.919e+11
       196  1.919e+11
     200.1   1.92e+11
     204.1   1.92e+11
     208.2   1.92e+11
     212.2   1.92e+11
     216.2   1.92e+11
     220.3   1.92e+11
     224.3   1.92e+11
     228.4   1.92e+11
     232.4   1.92e+11
     236.5   1.92e+11
     240.5   1.92e+11
     244.5   1.92e+11
     248.6   1.92e+11
     252.6   1.92e+11
     256.7   1.92e+11
     260.7   1.92e+11
     264.7   1.92e+11
     268.8   1.92e+11
     272.8   1.92e+11
     276.9   1.92e+11
     280.9   1.92e+11
       285   1.92e+11
       289   1.92e+11
       293   1.92e+11
     297.1   1.92e+11
     301.1   1.92e+11
     305.2   1.92e+11
     309.2   1.92e+11
     313.2   1.92e+11
     317.3   1.92e+11
     321.3   1.92e+11
     325.4   1.92e+11
     329.4   1.92e+11
     333.5   1.92e+11
     337.5   1.92e+11
     341.5   1.92e+11
     345.6   1.92e+11
     349.6   1.92e+11
