     2.021  5.517e-16
     6.063  3.616e-17
      10.1  1.028e-17
     14.15  9.685e-18
     18.19  5.135e-18
     22.23   3.42e-18
     26.27  2.092e-18
     30.31  1.833e-18
     34.36   1.36e-18
      38.4    1.1e-18
     42.44  5.453e-19
     46.48  3.612e-19
     50.52  2.166e-19
     54.57  1.523e-19
     58.61  1.239e-19
     62.65  1.638e-19
     66.69  1.747e-19
     70.73  2.878e-19
     74.78  2.968e-19
     78.82  1.675e-19
     82.86   1.25e-19
      86.9   7.96e-20
     90.94   9.39e-20
     94.98  8.362e-20
     99.03  5.006e-20
     103.1  3.704e-20
     107.1  2.924e-20
     111.2  2.152e-20
     115.2  2.692e-20
     119.2  2.691e-20
     123.3  1.785e-20
     127.3   1.92e-20
     131.4  1.627e-20
     135.4  6.602e-21
     139.4  9.163e-22
     143.5  2.138e-21
     147.5  9.429e-21
     151.6  5.203e-21
     155.6  4.632e-21
     159.7   1.49e-21
     163.7  6.184e-21
     167.7  1.703e-21
     171.8  6.087e-22
     175.8  8.155e-22
     179.9  4.442e-21
     183.9  4.827e-21
     187.9  2.826e-21
       192  2.145e-21
       196  1.706e-21
     200.1  2.382e-22
     204.1      1e-23
     208.2      1e-23
     212.2  2.652e-22
     216.2  2.216e-21
     220.3  1.005e-23
     224.3      1e-23
     228.4      1e-23
     232.4      1e-23
     236.5      1e-23
     240.5      1e-23
     244.5      1e-23
     248.6      1e-23
     252.6      1e-23
     256.7      1e-23
     260.7      1e-23
     264.7      1e-23
     268.8      1e-23
     272.8      1e-23
     276.9      1e-23
     280.9      1e-23
       285      1e-23
       289      1e-23
       293      1e-23
     297.1      1e-23
     301.1      1e-23
     305.2      1e-23
     309.2      1e-23
     313.2      1e-23
     317.3      1e-23
     321.3      1e-23
     325.4      1e-23
     329.4      1e-23
     333.5      1e-23
     337.5      1e-23
     341.5      1e-23
     345.6      1e-23
     349.6      1e-23
