     2.021      16.16
     6.063      19.12
      10.1      20.49
     14.15      20.55
     18.19      21.24
     22.23      21.68
     26.27      22.21
     30.31      22.36
     34.36      22.68
      38.4      22.91
     42.44      23.67
     46.48      24.12
     50.52      24.68
     54.57      25.06
     58.61      25.28
     62.65      24.98
     66.69      24.91
     70.73      24.37
     74.78      24.33
     78.82      24.96
     82.86      25.27
      86.9      25.76
     90.94      25.58
     94.98      25.71
     99.03      26.27
     103.1      26.59
     107.1      26.85
     111.2      27.18
     115.2      26.94
     119.2      26.94
     123.3      27.39
     127.3      27.31
     131.4      27.49
     135.4      28.47
     139.4      30.61
     143.5      29.69
     147.5      28.08
     151.6      28.73
     155.6      28.85
     159.7      30.08
     163.7      28.54
     167.7      29.94
     171.8      31.06
     175.8      30.74
     179.9       28.9
     183.9      28.81
     187.9      29.39
       192      29.69
       196      29.94
     200.1      32.07
     204.1      35.52
     208.2      35.52
     212.2      31.96
     216.2      29.65
     220.3      35.51
     224.3      35.52
     228.4      35.52
     232.4      35.52
     236.5      35.52
     240.5      35.52
     244.5      35.52
     248.6      35.52
     252.6      35.52
     256.7      35.52
     260.7      35.52
     264.7      35.52
     268.8      35.52
     272.8      35.52
     276.9      35.52
     280.9      35.52
       285      35.52
       289      35.52
       293      35.52
     297.1      35.52
     301.1      35.52
     305.2      35.52
     309.2      35.52
     313.2      35.52
     317.3      35.52
     321.3      35.52
     325.4      35.52
     329.4      35.52
     333.5      35.52
     337.5      35.52
     341.5      35.52
     345.6      35.52
     349.6      35.52
