     6.066  3.747e+08
     10.11  1.617e+08
     14.15  9.684e+07
      18.2  7.381e+07
     22.24  5.486e+07
     26.29  4.396e+07
     30.33  3.637e+07
     34.38  2.721e+07
     38.42  2.094e+07
     42.46  1.729e+07
     46.51  1.505e+07
     50.55  1.189e+07
      54.6  1.038e+07
     58.64  8.801e+06
     62.68  6.335e+06
     66.73  4.957e+06
     70.77  4.673e+06
     74.82  4.438e+06
     78.86  3.507e+06
     82.91  3.386e+06
     86.95  2.813e+06
     90.99  2.708e+06
     95.04  2.171e+06
     99.08  2.364e+06
     103.1  2.051e+06
     107.2  1.769e+06
     111.2  1.509e+06
     115.3    1.4e+06
     119.3  1.661e+06
     123.3  1.341e+06
     127.4   1.23e+06
     131.4   1.19e+06
     135.5  1.015e+06
     139.5  1.078e+06
     143.6  1.033e+06
     147.6  1.292e+06
     151.7  1.082e+06
     155.7  7.626e+05
     159.7  7.813e+05
     163.8  6.883e+05
     167.8  5.332e+05
     171.9  6.431e+05
     175.9    4.1e+05
       180  4.395e+05
       184  3.189e+05
     188.1  5.315e+05
     192.1  3.631e+05
     196.1  4.396e+05
     200.2  3.635e+05
     204.2  4.045e+05
     208.3  2.647e+05
     212.3  3.546e+05
     216.4  2.562e+05
     220.4  2.705e+05
     224.5  2.892e+05
     228.5  2.863e+05
     232.5  2.153e+05
     236.6  2.292e+05
     240.6  2.388e+05
     244.7  1.142e+05
     248.7   1.55e+05
     252.8  1.597e+05
     256.8   1.18e+05
     260.8  1.136e+05
     264.9  1.276e+05
     268.9  8.187e+04
       273  5.764e+04
       277  1.019e+05
     281.1  5.996e+04
     285.1  9.398e+04
     289.2  4.815e+04
     293.2  3.496e+04
     297.2  2.865e+04
     301.3  3.237e+04
     305.3  2.629e+04
     309.4  1.786e+04
     313.4  2.694e+04
     317.5  1.666e+04
     321.5  1.267e+04
     325.6  1.332e+04
     329.6  1.281e+04
     333.6  2.467e+04
     337.7       8908
     341.7       4263
     345.8          0
     349.8          0
