     2.022  1.726e+10
     6.066  7.502e+10
     10.11  1.166e+11
     14.15  1.514e+11
      18.2  1.855e+11
     22.24  2.165e+11
     26.29  2.459e+11
     30.33  2.739e+11
     34.38  2.977e+11
     38.42  3.181e+11
     42.46  3.368e+11
     46.51  3.546e+11
     50.55  3.698e+11
      54.6  3.842e+11
     58.64  3.973e+11
     62.68  4.074e+11
     66.73  4.158e+11
     70.77  4.242e+11
     74.82  4.327e+11
     78.86  4.397e+11
     82.91  4.468e+11
     86.95  4.531e+11
     90.99  4.593e+11
     95.04  4.646e+11
     99.08  4.705e+11
     103.1  4.759e+11
     107.2  4.807e+11
     111.2   4.85e+11
     115.3  4.891e+11
     119.3  4.941e+11
     123.3  4.983e+11
     127.4  5.023e+11
     131.4  5.063e+11
     135.5  5.098e+11
     139.5  5.136e+11
     143.6  5.174e+11
     147.6  5.222e+11
     151.7  5.264e+11
     155.7  5.294e+11
     159.7  5.326e+11
     163.8  5.354e+11
     167.8  5.377e+11
     171.9  5.405e+11
     175.9  5.423e+11
       180  5.443e+11
       184  5.458e+11
     188.1  5.484e+11
     192.1  5.502e+11
     196.1  5.523e+11
     200.2  5.542e+11
     204.2  5.563e+11
     208.3  5.577e+11
     212.3  5.596e+11
     216.4   5.61e+11
     220.4  5.625e+11
     224.5  5.642e+11
     228.5  5.658e+11
     232.5  5.671e+11
     236.6  5.685e+11
     240.6  5.699e+11
     244.7  5.707e+11
     248.7  5.716e+11
     252.8  5.727e+11
     256.8  5.734e+11
     260.8  5.742e+11
     264.9   5.75e+11
     268.9  5.756e+11
       273   5.76e+11
       277  5.767e+11
     281.1  5.772e+11
     285.1  5.778e+11
     289.2  5.782e+11
     293.2  5.784e+11
     297.2  5.787e+11
     301.3  5.789e+11
     305.3  5.791e+11
     309.4  5.793e+11
     313.4  5.795e+11
     317.5  5.796e+11
     321.5  5.797e+11
     325.6  5.798e+11
     329.6  5.799e+11
     333.6  5.801e+11
     337.7  5.802e+11
     341.7  5.802e+11
     345.8  5.802e+11
     349.8  5.802e+11
