     2.022  1.044e-17
     6.066  3.649e-18
     10.11  1.646e-18
     14.15  1.161e-18
      18.2  8.882e-19
     22.24   7.04e-19
     26.29  5.823e-19
     30.33  4.911e-19
     34.38  3.428e-19
     38.42  2.741e-19
     42.46  2.426e-19
     46.51  1.974e-19
     50.55  1.739e-19
      54.6  1.343e-19
     58.64  1.124e-19
     62.68  8.901e-20
     66.73  7.167e-20
     70.77  6.594e-20
     74.82  6.442e-20
     78.86  6.056e-20
     82.91  4.999e-20
     86.95  4.734e-20
     90.99  3.663e-20
     95.04  3.714e-20
     99.08  3.458e-20
     103.1  2.884e-20
     107.2  2.967e-20
     111.2  2.425e-20
     115.3  2.326e-20
     119.3  2.453e-20
     123.3  2.222e-20
     127.4  2.171e-20
     131.4  2.146e-20
     135.5  1.639e-20
     139.5  1.708e-20
     143.6  1.974e-20
     147.6  2.197e-20
     151.7  1.467e-20
     155.7  1.432e-20
     159.7   1.26e-20
     163.8  1.138e-20
     167.8  1.175e-20
     171.9  8.581e-21
     175.9  7.019e-21
       180   6.73e-21
       184  6.288e-21
     188.1  6.646e-21
     192.1   6.82e-21
     196.1  6.816e-21
     200.2   6.13e-21
     204.2  5.589e-21
     208.3  4.803e-21
     212.3  5.166e-21
     216.4  3.899e-21
     220.4  4.663e-21
     224.5  4.021e-21
     228.5  4.262e-21
     232.5   3.12e-21
     236.6  3.903e-21
     240.6  2.359e-21
     244.7  2.003e-21
     248.7  2.535e-21
     252.8  2.723e-21
     256.8  3.152e-21
     260.8  3.221e-21
     264.9  2.083e-21
     268.9  2.481e-21
       273  3.425e-21
       277  3.462e-21
     281.1  3.588e-21
     285.1  2.908e-21
     289.2  2.114e-21
     293.2  2.605e-21
     297.2  3.614e-21
     301.3   2.28e-21
     305.3  2.796e-21
     309.4  1.091e-21
     313.4  3.194e-21
     317.5  2.092e-21
     321.5  2.093e-21
     325.6  3.002e-21
     329.6  3.488e-21
     333.6   5.33e-21
     337.7  1.623e-21
     341.7  3.286e-23
     345.8      1e-23
     349.8      1e-23
