     2.022      20.47
     6.066      21.61
     10.11      22.48
     14.15      22.85
      18.2      23.14
     22.24       23.4
     26.29       23.6
     30.33      23.79
     34.38      24.18
     38.42      24.42
     42.46      24.55
     46.51      24.78
     50.55      24.92
      54.6       25.2
     58.64      25.39
     62.68      25.64
     66.73      25.88
     70.77      25.97
     74.82      25.99
     78.86      26.06
     82.91      26.27
     86.95      26.33
     90.99      26.61
     95.04      26.59
     99.08      26.67
     103.1      26.87
     107.2      26.84
     111.2      27.05
     115.3       27.1
     119.3      27.04
     123.3      27.15
     127.4      27.17
     131.4      27.19
     135.5      27.48
     139.5      27.44
     143.6      27.28
     147.6      27.16
     151.7       27.6
     155.7      27.63
     159.7      27.77
     163.8      27.88
     167.8      27.84
     171.9      28.18
     175.9       28.4
       180      28.45
       184      28.52
     188.1      28.46
     192.1      28.43
     196.1      28.43
     200.2      28.55
     204.2      28.65
     208.3      28.81
     212.3      28.73
     216.4      29.04
     220.4      28.84
     224.5      29.01
     228.5      28.94
     232.5      29.28
     236.6      29.04
     240.6      29.58
     244.7      29.76
     248.7      29.51
     252.8      29.43
     256.8      29.27
     260.8      29.25
     264.9      29.72
     268.9      29.53
       273      29.18
       277      29.17
     281.1      29.13
     285.1      29.36
     289.2       29.7
     293.2      29.48
     297.2      29.12
     301.3      29.62
     305.3       29.4
     309.4      30.42
     313.4      29.26
     317.5      29.71
     321.5      29.71
     325.6      29.32
     329.6      29.16
     333.6       28.7
     337.7      29.99
     341.7      34.22
     345.8      35.52
     349.8      35.52
