     6.002  4.216e+08
        10  2.358e+08
        14  1.452e+08
        18  1.052e+08
     22.01  8.494e+07
     26.01  6.783e+07
     30.01  5.471e+07
     34.01  4.373e+07
     38.01  3.656e+07
     42.01  3.066e+07
     46.01  2.496e+07
     50.01  2.192e+07
     54.01  1.947e+07
     58.02  1.659e+07
     62.02  1.579e+07
     66.02   1.35e+07
     70.02  1.256e+07
     74.02  1.131e+07
     78.02  1.015e+07
     82.02  9.566e+06
     86.02  9.717e+06
     90.02  8.357e+06
     94.03  8.852e+06
     98.03  7.162e+06
       102   6.46e+06
       106  6.477e+06
       110  5.734e+06
       114  5.218e+06
       118  5.061e+06
       122  4.779e+06
       126  4.136e+06
       130  3.546e+06
       134  3.392e+06
       138  3.296e+06
       142  3.298e+06
       146  3.227e+06
       150  3.168e+06
       154  3.041e+06
       158  2.625e+06
       162  2.725e+06
       166  2.648e+06
       170  2.589e+06
       174  2.771e+06
       178  2.818e+06
     182.1   2.49e+06
     186.1  2.773e+06
     190.1  2.561e+06
     194.1  2.101e+06
     198.1  2.257e+06
     202.1  1.967e+06
     206.1  1.964e+06
     210.1   1.93e+06
     214.1  1.739e+06
     218.1  1.682e+06
     222.1  1.721e+06
     226.1  1.534e+06
     230.1  1.582e+06
     234.1  1.478e+06
     238.1  1.318e+06
     242.1  1.289e+06
     246.1   1.42e+06
     250.1  1.279e+06
     254.1  1.158e+06
     258.1  8.418e+05
     262.1  6.968e+05
     266.1  7.038e+05
     270.1  5.103e+05
     274.1  4.836e+05
     278.1  4.813e+05
     282.1  4.318e+05
     286.1  3.737e+05
     290.1  3.663e+05
     294.1  3.131e+05
     298.1  2.413e+05
     302.1  2.675e+05
     306.1  2.386e+05
     310.1   1.51e+05
     314.1  1.158e+05
     318.1  8.204e+04
     322.1  1.218e+05
     326.1  5.445e+04
     330.1  6.146e+04
     334.1  3.596e+04
     338.1   3.74e+04
     342.1  1.696e+04
     346.1          0
     350.1  1.186e+04
