     2.001   1.57e+10
     6.002  7.931e+10
        10  1.386e+11
        14  1.897e+11
        18  2.373e+11
     22.01  2.843e+11
     26.01  3.287e+11
     30.01  3.699e+11
     34.01  4.073e+11
     38.01  4.423e+11
     42.01  4.747e+11
     46.01  5.035e+11
     50.01  5.311e+11
     54.01  5.575e+11
     58.02  5.817e+11
     62.02  6.063e+11
     66.02  6.288e+11
     70.02  6.509e+11
     74.02  6.719e+11
     78.02  6.918e+11
     82.02  7.115e+11
     86.02  7.326e+11
     90.02  7.515e+11
     94.03  7.724e+11
     98.03    7.9e+11
       102  8.066e+11
       106  8.239e+11
       110  8.397e+11
       114  8.547e+11
       118  8.697e+11
       122  8.844e+11
       126  8.975e+11
       130  9.091e+11
       134  9.205e+11
       138  9.319e+11
       142  9.437e+11
       146  9.556e+11
       150  9.675e+11
       154  9.793e+11
       158  9.897e+11
       162  1.001e+12
       166  1.012e+12
       170  1.023e+12
       174  1.035e+12
       178  1.048e+12
     182.1  1.059e+12
     186.1  1.072e+12
     190.1  1.084e+12
     194.1  1.095e+12
     198.1  1.106e+12
     202.1  1.116e+12
     206.1  1.126e+12
     210.1  1.136e+12
     214.1  1.145e+12
     218.1  1.155e+12
     222.1  1.164e+12
     226.1  1.173e+12
     230.1  1.182e+12
     234.1  1.191e+12
     238.1  1.199e+12
     242.1  1.207e+12
     246.1  1.215e+12
     250.1  1.223e+12
     254.1  1.231e+12
     258.1  1.236e+12
     262.1  1.241e+12
     266.1  1.246e+12
     270.1  1.249e+12
     274.1  1.252e+12
     278.1  1.256e+12
     282.1  1.259e+12
     286.1  1.262e+12
     290.1  1.264e+12
     294.1  1.266e+12
     298.1  1.268e+12
     302.1   1.27e+12
     306.1  1.272e+12
     310.1  1.273e+12
     314.1  1.274e+12
     318.1  1.275e+12
     322.1  1.276e+12
     326.1  1.276e+12
     330.1  1.277e+12
     334.1  1.277e+12
     338.1  1.277e+12
     342.1  1.278e+12
     346.1  1.278e+12
     350.1  1.278e+12
