     2.001  8.644e-18
     6.002  4.582e-18
        10  2.545e-18
        14  1.646e-18
        18  1.238e-18
     22.01  1.022e-18
     26.01  8.914e-19
     30.01  6.868e-19
     34.01  5.592e-19
     38.01  5.117e-19
     42.01  4.068e-19
     46.01  3.433e-19
     50.01  3.161e-19
     54.01  2.831e-19
     58.02  2.786e-19
     62.02  2.372e-19
     66.02  2.037e-19
     70.02  2.141e-19
     74.02  1.833e-19
     78.02  1.672e-19
     82.02  1.866e-19
     86.02  1.829e-19
     90.02  1.715e-19
     94.03  1.496e-19
     98.03  1.342e-19
       102  1.494e-19
       106  2.694e-19
       110  1.587e-19
       114  9.856e-20
       118  8.146e-20
       122  7.739e-20
       126    6.9e-20
       130  7.208e-20
       134  5.904e-20
       138  6.218e-20
       142  6.654e-20
       146  7.767e-20
       150  8.566e-20
       154  1.499e-19
       158  1.286e-19
       162  9.267e-20
       166   8.41e-20
       170  5.118e-20
       174  5.245e-20
       178  5.262e-20
     182.1  4.958e-20
     186.1  5.271e-20
     190.1  4.619e-20
     194.1  3.459e-20
     198.1  3.637e-20
     202.1  3.092e-20
     206.1  3.064e-20
     210.1  2.743e-20
     214.1   2.51e-20
     218.1  2.521e-20
     222.1  2.447e-20
     226.1  2.188e-20
     230.1  2.143e-20
     234.1  2.183e-20
     238.1  2.022e-20
     242.1  2.156e-20
     246.1  2.059e-20
     250.1  1.964e-20
     254.1  1.928e-20
     258.1  1.511e-20
     262.1  1.586e-20
     266.1  1.369e-20
     270.1   1.49e-20
     274.1  1.597e-20
     278.1  1.277e-20
     282.1  1.486e-20
     286.1   1.63e-20
     290.1  1.445e-20
     294.1  1.434e-20
     298.1  1.395e-20
     302.1  1.373e-20
     306.1  1.257e-20
     310.1  8.956e-21
     314.1  9.937e-21
     318.1   8.95e-21
     322.1  1.235e-20
     326.1   9.62e-21
     330.1   7.28e-21
     334.1   1.56e-20
     338.1  1.034e-20
     342.1  2.412e-21
     346.1  7.405e-21
     350.1  1.148e-20
