     2.001      20.67
     6.002      21.36
        10         22
        14      22.48
        18      22.78
     22.01      22.99
     26.01      23.14
     30.01      23.42
     34.01      23.65
     38.01      23.74
     42.01      23.99
     46.01      24.18
     50.01      24.27
     54.01      24.39
     58.02       24.4
     62.02      24.58
     66.02      24.74
     70.02      24.69
     74.02      24.86
     78.02      24.96
     82.02      24.84
     86.02      24.86
     90.02      24.93
     94.03      25.08
     98.03       25.2
       102      25.08
       106      24.44
       110      25.01
       114      25.53
       118      25.74
       122      25.79
       126      25.92
       130      25.87
       134      26.09
       138      26.03
       142      25.96
       146      25.79
       150      25.68
       154      25.08
       158      25.24
       162       25.6
       166       25.7
       170      26.24
       174      26.22
       178      26.21
     182.1      26.28
     186.1      26.21
     190.1      26.35
     194.1      26.67
     198.1      26.61
     202.1      26.79
     206.1       26.8
     210.1      26.92
     214.1      27.02
     218.1      27.01
     222.1      27.04
     226.1      27.17
     230.1      27.19
     234.1      27.17
     238.1      27.25
     242.1      27.18
     246.1      27.23
     250.1      27.28
     254.1       27.3
     258.1      27.57
     262.1      27.52
     266.1      27.67
     270.1      27.58
     274.1      27.51
     278.1      27.75
     282.1      27.59
     286.1      27.49
     290.1      27.62
     294.1      27.62
     298.1      27.66
     302.1      27.67
     306.1      27.77
     310.1      28.14
     314.1      28.02
     318.1      28.14
     322.1      27.79
     326.1      28.06
     330.1      28.36
     334.1      27.53
     338.1      27.98
     342.1      29.56
     346.1      28.34
     350.1      27.87
