    22.393       33.3    0.74825   0.037911     6.2452   0.043163
    23.718     72.039    0.18483     1.9358       2327    0.01995
    22.172     39.366    0.87715   0.011892     2.4465   0.016703
     22.14     28.254     1.4523     0.0264     2.4157    0.15578
    22.696     32.359    0.85963   0.028851     4.7767   0.042142
    23.579     97.394    0.40167    0.46279     1096.5   0.025674
    23.323     72.366    0.40018    0.25633     312.57   0.018815
     26.59     300.78   0.079663     136.04 3.1091e+06   0.039039
    23.991     63.064    0.54193     1.0492     1194.3    0.12883
    22.927     70.791     0.7648   0.038818     41.851   0.017131
      22.6     35.929     0.9125    0.05462     10.729   0.082747
    22.874      60.32    0.41818   0.080942     60.436  0.0096784
     23.02     49.314    0.33614    0.59544     305.14   0.048408
    22.312     67.854    0.51644   0.086068     70.553   0.018959
    22.308      48.76    0.51019   0.030284     12.583  0.0087074
    22.709     85.815      0.619    0.06804     111.46   0.015184
    24.541     133.04    0.14118     5.1335      22469   0.013259
    35.765      69003   0.045506     280.77  3.929e+11  0.0031419
    24.695     246.97    0.67945      3.719  1.228e+05    0.34279
    23.436     93.872    0.21584    0.28397      588.5  0.0035892
    22.179     57.757    0.53361   0.030503     17.055  0.0087809
     23.13     89.961     0.4524    0.48834     987.96   0.038739
    24.047      79.39    0.27242    0.23814      383.9  0.0045333
    22.865     77.321    0.42598     0.0394     48.705  0.0041145
     22.28     44.309     1.1605   0.023368     5.3728   0.058152
    22.751     64.128    0.40937    0.12816     113.31   0.012709
    22.699     53.494    0.46546   0.053629     29.853  0.0098563
    22.552     56.757    0.43617   0.049413      29.28  0.0083274
    24.116     129.15    0.28745    0.53896     2405.3  0.0087974
