 2.36e-18      29.7      1.19  5.83e-38      3.02    0.0234
 3.05e-18      29.5     0.818  5.06e-37      14.9     0.046
 2.89e-18        35      1.31   2.9e-38      1.49   0.00863
 3.04e-18      25.4      2.86  1.87e-37      4.45     0.748
 1.75e-18      28.6      1.25  7.75e-38       6.8    0.0674
  1.9e-18      52.9      0.98  9.42e-38      28.4    0.0189
 1.65e-18      48.3     0.754  2.39e-37      77.4    0.0307
 7.13e-20       213    0.0959  4.42e-38  1.24e+05   0.00409
 9.56e-20       156      0.28   5.4e-38  6.08e+04    0.0464
 2.59e-19       173     0.356   4.2e-38  8.65e+03   0.00957
 2.29e-18      29.7       1.8  6.95e-38      3.87     0.101
 2.82e-18      38.3     0.983  2.35e-37      15.3    0.0287
 2.45e-18      32.2     0.888  6.09e-37      34.8    0.0915
 7.76e-19       110     0.285  9.31e-37  6.96e+03    0.0178
 2.07e-18      46.7      0.53  1.45e-37        26   0.00456
 5.38e-20       651     0.193  1.37e-38  8.99e+05    0.0073
  5.9e-19      81.1     0.186  5.15e-37   3.1e+03   0.00758
 5.62e-20       405     0.184  1.09e-38  2.08e+05    0.0086
 1.38e-20  2.73e+03     0.298  7.87e-39  2.46e+08     0.151
 2.57e-18      45.6     0.473  5.38e-37      57.2   0.00854
 2.44e-18        55     0.601  7.54e-37       144    0.0205
 2.61e-19       191     0.266  6.92e-38  1.54e+04   0.00659
 7.25e-19      55.9     0.387  4.12e-38      86.2   0.00358
 1.04e-18      82.5     0.414  4.57e-38       111   0.00166
 2.31e-18      41.9      1.44  4.06e-37      48.9     0.219
 2.23e-18      47.5     0.624  1.69e-37      27.8   0.00702
 1.02e-18      61.3     0.367   8.8e-38       113   0.00313
 2.75e-18      42.5     0.758  7.36e-38       6.3   0.00399
 1.41e-18      60.4     0.637  6.98e-38        50   0.00615
