     24.74     191.34    0.23107    0.23524       2456  0.0014577
    22.871     51.356     0.7127   0.078152     38.716   0.040488
    22.918     55.324     0.7838   0.028118     17.659   0.015884
    23.951     66.648    0.53119    0.15102     188.65   0.017418
    23.661     40.389    0.85654   0.035057      15.27    0.02282
    23.022     85.855    0.97015   0.046225     73.098   0.036245
    23.242     91.722    0.54971    0.10139     211.75   0.013796
    24.383     108.04    0.34294     1.6665     5877.2    0.03628
    24.393     54.572    0.78537    0.41179     474.98    0.11242
    23.208     90.878    0.74092     0.0556     115.95   0.017201
    24.418     162.04    0.35439    0.66295     5258.2   0.014579
    23.889     107.99    0.55437    0.15547        556   0.015066
    30.282     9581.9    0.16413     68.978 3.0432e+09   0.030176
    23.062     80.777     0.5219   0.077026     111.67   0.011412
     23.21     80.898    0.48061   0.038501     58.696  0.0042729
    23.932     130.51    0.39069    0.31982     1536.2   0.011573
    24.909     145.62    0.35566     8.1938      57855    0.15241
    23.553     108.02    0.70914    0.23036     804.94   0.049348
    23.917     111.74    0.44786    0.13232     470.16  0.0074409
    22.322     60.182    0.83107   0.014605      8.708   0.011033
    23.919     120.24    0.27898    0.95669     3656.5   0.015115
    24.327     170.88    0.36879    0.22583     2021.1  0.0054157
    26.512     447.22    0.22721     2.2804 1.6348e+05  0.0065136
     23.34     91.974    0.38148   0.081364     160.35  0.0046726
    27.148     368.58    0.17917     4.9102 2.2076e+05  0.0073148
    23.258     81.154    0.55813   0.035564     58.033  0.0053246
    29.222       3191     0.1576      13.99 5.6984e+07  0.0073526
    23.559     107.71    0.82698    0.25839     931.83   0.086221
    24.618     158.94    0.60387    0.21955     1541.8   0.040767
