 2.68e-20       661      0.14  1.97e-39  4.67e+05   0.00181
 2.36e-18      36.1      1.64  1.54e-37      12.5     0.134
 1.22e-18      52.4     0.877  7.12e-38      53.2    0.0234
  4.6e-19      63.6     0.563  1.99e-38       159    0.0101
 6.98e-19      35.3      1.09  6.97e-39      7.02    0.0179
 1.52e-18      69.1      1.48  9.06e-38      75.5    0.0977
 1.88e-18      57.2      1.04  2.14e-37      79.6    0.0494
 6.04e-19      67.7     0.486  3.42e-37  1.72e+03    0.0639
 2.04e-19      68.5     0.645  4.18e-38  2.46e+03     0.128
 1.17e-18      75.4      0.96  3.07e-38      57.5     0.012
 8.11e-19      83.7     0.609  5.17e-38       239   0.00943
 2.13e-19       177     0.396  2.73e-38  9.18e+03    0.0123
 4.73e-22  2.01e+04     0.145  8.47e-42  9.12e+09     0.011
 1.93e-18      56.2     0.931  7.77e-38      26.3    0.0123
  9.4e-19      76.6     0.528  3.23e-38        88   0.00303
 8.27e-19      86.9     0.529  2.12e-37       992    0.0238
  1.6e-21   3.3e+03     0.127  6.88e-40  1.33e+09    0.0775
  1.1e-20  1.76e+03     0.197  2.07e-39  2.81e+07    0.0199
 3.45e-19       131     0.408  5.12e-38  3.34e+03    0.0116
 1.56e-18      66.5     0.697  9.61e-38      72.6   0.00818
 2.06e-18      50.5     0.723  1.34e-37      30.3   0.00941
 9.31e-19      85.5     0.666  3.63e-38       135   0.00654
 1.49e-19       187     0.331   9.4e-39  6.74e+03   0.00492
 1.96e-18      54.6     0.763  1.34e-37      40.5    0.0115
 8.53e-20       158     0.256  2.28e-39  3.21e+03    0.0019
 1.23e-18      63.4     0.758  2.66e-38      29.5   0.00491
 8.12e-20       347     0.307  3.26e-39     3e+04    0.0036
  2.8e-21  5.18e+03     0.171  5.12e-40  9.95e+08    0.0399
 1.04e-19       263      0.39  7.56e-39  2.61e+04    0.0113
