     22.39     33.271    0.76349   0.015482      2.589  0.0096625
    23.369     61.756      0.277    0.46232     421.99  0.0094876
    22.168     38.922    0.77351  0.0091181     2.0958  0.0053542
    21.986      26.39     1.5354   0.016211     1.0987   0.076792
    22.621     30.632    0.71057      0.075     13.757   0.032808
    23.301     84.552    0.48951    0.12324     217.76   0.010012
    23.186     67.687     0.4489    0.07708     83.095     0.0057
    27.384     466.49    0.07707     42.319 2.4304e+06  0.0071215
    27.863     636.91    0.17152     51.973 7.5987e+06   0.050426
    23.472     91.431    0.45883    0.14512     334.14  0.0081367
    22.737     37.451    0.63777   0.087275     23.211   0.027062
    22.796     58.261    0.46166   0.033238     22.934  0.0035117
    22.969     48.437    0.38278     0.2053     105.87   0.013099
    22.349     68.274    0.46348   0.060248     54.285   0.006474
    22.367     50.261     0.4934   0.019361     9.5104  0.0027274
     23.02     98.826    0.45913   0.084499     209.05  0.0053102
    24.692     147.61    0.15692     1.6831     9662.3  0.0036806
    27.974     1100.7    0.11879     6.0312  2.274e+06  0.0021555
    33.863 4.6089e+05    0.13876     498.23 7.3001e+13   0.072128
    23.382     92.093    0.23508    0.14324     297.23  0.0015387
      22.2     57.993    0.49507   0.020379      12.51  0.0029458
    24.397     179.19    0.26162     1.5086      14848   0.010411
    23.795     69.889    0.31415   0.089171     113.51  0.0019787
    22.893     78.302    0.41503   0.020719     27.738  0.0013455
    22.365     44.882    0.83552   0.047934     16.607   0.029036
    22.506     57.185     0.5217   0.044798     29.788  0.0064217
    22.917     59.162    0.37729    0.04375     34.407  0.0023568
    22.549     56.801     0.4563   0.026972     16.824  0.0030172
    23.726      104.8    0.34313    0.15216     445.23  0.0037227
