    24.282     150.82    0.28194   0.091183      600.8 0.00094391
    22.822     50.105    0.76229   0.052379     27.407    0.02044
    22.898     54.852    0.80251   0.010874     6.8207  0.0047327
    23.995     67.551    0.49565    0.11585     162.24  0.0074608
    23.873     44.632    0.65103   0.054263     33.357  0.0090848
    22.945     81.787     1.0022   0.021615      31.93   0.015579
    23.078     84.861    0.64438   0.030499     52.405  0.0056129
    23.824     80.217    0.46646    0.16684     320.82  0.0089046
     25.06     84.266    0.55321    0.84932     2548.9   0.054477
     23.22     91.156    0.72927   0.030474      67.76  0.0070875
    24.516     174.72    0.35684    0.37236     3715.5  0.0063251
    24.262     132.44    0.44504    0.16045      944.2   0.005632
    33.743 1.1134e+05    0.11489     83.512 5.1662e+11   0.008326
    22.908     74.719    0.58213   0.023788     28.726   0.003814
      23.1     76.938    0.53543   0.017832     24.907  0.0020321
    23.708     117.11    0.46169    0.11276     452.43  0.0055805
    24.753     135.16    0.39412      2.183      14144   0.046655
    24.519     189.87    0.42847    0.50002     6675.2   0.012824
    23.874     109.09    0.45627   0.058313     204.37  0.0027905
    22.329     60.063    0.80014  0.0095605     5.9134  0.0046731
    23.521     99.259    0.36912    0.17779     467.53  0.0054371
    23.844     132.18    0.48433   0.053515     279.48  0.0029172
     25.98     329.37     0.2636    0.47713      19238  0.0021022
    23.112     82.387     0.4585   0.028277     44.387   0.002136
    25.805     171.37    0.25445     0.3711     3682.4  0.0018616
    23.213     79.409    0.58345   0.016335     25.812  0.0021761
    26.946     760.68    0.23666    0.97418 2.2845e+05  0.0023616
     24.79      219.6    0.41912     1.1131      20953   0.024253
     29.03     2930.8    0.18825     11.701 4.6233e+07  0.0093315
