 1.21e-18        65      0.48  2.12e-37       272   0.00685
 2.06e-18      38.2      1.24  1.69e-37      24.4    0.0517
 1.27e-18      51.4     0.892   2.4e-38      18.5   0.00556
 2.88e-19      84.6     0.424  1.27e-38       532   0.00403
 1.11e-19       115      0.35  1.69e-38  9.18e+03    0.0167
 1.07e-18      84.2      1.01  7.25e-38       234    0.0318
 2.02e-18        55      1.12  7.21e-38      23.8    0.0144
 1.13e-18      46.7     0.749  7.43e-38      57.6    0.0127
 2.69e-21  1.63e+03     0.188  4.92e-40  1.01e+08    0.0632
 9.21e-19      86.7     0.786  2.08e-38      96.6   0.00498
 7.52e-19      87.4     0.574   1.9e-38       128   0.00241
 7.09e-20       373     0.277  2.34e-39  3.48e+04     0.002
 3.15e-22  2.75e+04     0.138  7.89e-43  3.75e+09   0.00178
 1.42e-18      66.3     0.703   6.1e-38      63.1   0.00469
 1.36e-18        62      0.68  3.03e-38      29.7   0.00236
 1.52e-18      60.5     0.813  1.08e-37      79.6    0.0122
 4.79e-19      77.1     0.569  7.38e-38       969    0.0225
 1.72e-20  1.29e+03     0.213  8.09e-40  2.58e+06   0.00388
 4.52e-19       110     0.458  1.69e-38       508    0.0026
 1.68e-18      63.9     0.729  3.52e-38      24.5   0.00222
 2.29e-18      47.7     0.784  4.24e-38      8.19    0.0021
 1.33e-18      69.4     0.878  2.53e-38      32.8   0.00468
 2.48e-19       134     0.396  3.46e-39       513   0.00102
 1.76e-18      57.7     0.692  5.23e-38      25.8   0.00266
  2.2e-19      86.8      0.36  1.71e-39       121  0.000565
 1.16e-18      65.3     0.715  1.28e-38      19.5   0.00156
 1.62e-19       215      0.38  1.54e-39   1.5e+03  0.000812
 1.13e-19    0.0327     0.503       inf       inf       inf
 1.27e-19       226     0.415  2.11e-39  3.91e+03   0.00228
