 1.74e-18      34.5      0.78  7.19e-38        12     0.007
 2.94e-18      29.9     0.714  3.41e-37      13.8      0.01
 9.99e-19      62.8     0.485  2.67e-37       481    0.0127
 1.94e-18      31.2      1.11  8.22e-37      91.6     0.204
 2.96e-20       341     0.165  2.44e-38  1.38e+06    0.0274
 1.56e-18      58.6      0.79  5.23e-38      34.5   0.00521
 1.09e-18      61.1     0.538  8.53e-38       122   0.00491
  8.7e-19        53     0.215  9.31e-38       119  0.000713
 9.01e-20       157     0.268  6.27e-39  7.89e+03   0.00532
 9.19e-20       342     0.256   9.4e-39  6.15e+04   0.00459
 2.12e-18      30.7       1.5  2.26e-37      16.5     0.197
 2.04e-18      45.1     0.666  2.38e-37      50.6     0.009
 1.51e-18      41.3     0.518  2.72e-37      83.6   0.00915
 1.48e-18      75.1     0.382  2.76e-37       306   0.00279
 2.17e-18      45.8     0.553  2.06e-37      39.1   0.00384
 5.96e-21  2.74e+03      0.13  3.32e-40  3.15e+07   0.00307
 2.44e-18      37.6     0.432  2.48e-37      22.4   0.00209
 2.21e-18      42.6      0.62  3.21e-37      50.1   0.00858
 8.25e-21  3.89e+03     0.265  6.61e-40  1.18e+08    0.0217
 1.86e-18      54.4      0.37  1.36e-37      46.2  0.000962
 1.15e-18      84.5      0.37   2.1e-37       500     0.003
 5.38e-20       521     0.176  2.57e-39  1.08e+05   0.00094
 7.25e-19      55.9     0.381  1.77e-38      43.2   0.00086
 9.07e-19      89.9     0.383  2.08e-38      91.6  0.000514
 1.77e-18        48      1.02  4.22e-37       129     0.109
 2.88e-18      41.5     0.785  1.21e-37      10.8   0.00402
  9.1e-19      65.3     0.338  1.44e-38      30.2   0.00029
 2.12e-18      48.7     0.583  6.53e-38      14.8   0.00145
 7.18e-19      89.6     0.413  3.56e-38       255   0.00174
