     6.002  5.408e+08
        10  3.444e+08
        14  2.635e+08
        18  2.132e+08
     22.01  1.702e+08
     26.01  1.383e+08
     30.01   1.13e+08
     34.01  9.327e+07
     38.01  7.981e+07
     42.01  6.838e+07
     46.01  5.858e+07
     50.01  5.219e+07
     54.01  4.715e+07
     58.02   4.03e+07
     62.02   3.42e+07
     66.02  3.288e+07
     70.02  2.809e+07
     74.02  2.485e+07
     78.02   2.15e+07
     82.02  1.999e+07
     86.02  1.889e+07
     90.02  1.695e+07
     94.03  1.452e+07
     98.03  1.335e+07
       102  1.349e+07
       106  1.286e+07
       110  1.203e+07
       114   1.26e+07
       118  1.146e+07
       122  1.065e+07
       126  9.553e+06
       130   8.52e+06
       134  7.753e+06
       138  7.391e+06
       142  6.747e+06
       146  6.096e+06
       150  5.351e+06
       154   4.92e+06
       158  5.252e+06
       162    4.6e+06
       166  4.208e+06
       170  4.242e+06
       174  4.064e+06
       178  3.679e+06
     182.1  3.764e+06
     186.1  3.194e+06
     190.1  2.933e+06
     194.1  3.116e+06
     198.1  2.887e+06
     202.1  2.993e+06
     206.1  2.996e+06
     210.1  3.079e+06
     214.1  2.982e+06
     218.1  2.455e+06
     222.1  2.317e+06
     226.1  1.911e+06
     230.1  2.123e+06
     234.1  1.813e+06
     238.1  1.562e+06
     242.1  1.635e+06
     246.1  1.603e+06
     250.1  1.867e+06
     254.1  1.444e+06
     258.1  1.143e+06
     262.1  8.809e+05
     266.1  8.562e+05
     270.1  9.279e+05
     274.1  7.855e+05
     278.1  6.436e+05
     282.1  5.107e+05
     286.1  4.324e+05
     290.1  3.913e+05
     294.1  3.111e+05
     298.1  2.658e+05
     302.1  2.482e+05
     306.1   2.57e+05
     310.1  2.395e+05
     314.1  2.346e+05
     318.1  1.482e+05
     322.1  1.308e+05
     326.1  9.875e+04
     330.1  8.092e+04
     334.1  7.438e+04
     338.1  1.955e+04
     342.1  3.286e+04
     346.1  2.663e+04
     350.1  2.119e+04
