     2.001  2.424e+10
     6.002  1.058e+11
        10  1.924e+11
        14  2.852e+11
        18  3.817e+11
     22.01  4.759e+11
     26.01  5.663e+11
     30.01  6.516e+11
     34.01  7.313e+11
     38.01  8.076e+11
     42.01  8.798e+11
     46.01  9.475e+11
     50.01  1.013e+12
     54.01  1.077e+12
     58.02  1.136e+12
     62.02  1.189e+12
     66.02  1.244e+12
     70.02  1.293e+12
     74.02   1.34e+12
     78.02  1.382e+12
     82.02  1.423e+12
     86.02  1.464e+12
     90.02  1.502e+12
     94.03  1.536e+12
     98.03  1.569e+12
       102  1.604e+12
       106  1.638e+12
       110  1.672e+12
       114  1.708e+12
       118  1.742e+12
       122  1.774e+12
       126  1.805e+12
       130  1.832e+12
       134  1.859e+12
       138  1.884e+12
       142  1.908e+12
       146  1.931e+12
       150  1.951e+12
       154   1.97e+12
       158  1.991e+12
       162   2.01e+12
       166  2.027e+12
       170  2.045e+12
       174  2.063e+12
       178  2.079e+12
     182.1  2.097e+12
     186.1  2.112e+12
     190.1  2.126e+12
     194.1  2.141e+12
     198.1  2.155e+12
     202.1   2.17e+12
     206.1  2.186e+12
     210.1  2.202e+12
     214.1  2.218e+12
     218.1  2.232e+12
     222.1  2.245e+12
     226.1  2.256e+12
     230.1  2.268e+12
     234.1  2.278e+12
     238.1  2.288e+12
     242.1  2.298e+12
     246.1  2.308e+12
     250.1  2.319e+12
     254.1  2.329e+12
     258.1  2.336e+12
     262.1  2.342e+12
     266.1  2.348e+12
     270.1  2.354e+12
     274.1  2.359e+12
     278.1  2.364e+12
     282.1  2.367e+12
     286.1  2.371e+12
     290.1  2.373e+12
     294.1  2.376e+12
     298.1  2.378e+12
     302.1   2.38e+12
     306.1  2.382e+12
     310.1  2.383e+12
     314.1  2.385e+12
     318.1  2.386e+12
     322.1  2.388e+12
     326.1  2.388e+12
     330.1  2.389e+12
     334.1   2.39e+12
     338.1   2.39e+12
     342.1   2.39e+12
     346.1   2.39e+12
     350.1   2.39e+12
