     6.063  3.099e+08
     10.11  1.075e+08
     14.15  6.825e+07
     18.19  4.966e+07
     22.23  2.831e+07
     26.27  2.114e+07
     30.32  1.354e+07
     34.36  8.508e+06
      38.4  5.923e+06
     42.44  4.336e+06
     46.48  4.024e+06
     50.53  2.887e+06
     54.57  1.784e+06
     58.61  1.776e+06
     62.65  1.559e+06
     66.69  1.341e+06
     70.74  1.204e+06
     74.78  1.134e+06
     78.82  8.993e+05
     82.86  8.189e+05
      86.9  6.909e+05
     90.95  2.984e+05
     94.99  4.584e+05
     99.03  4.607e+05
     103.1  4.001e+05
     107.1  4.843e+05
     111.2  2.455e+05
     115.2  3.854e+05
     119.2   1.78e+05
     123.3  2.217e+05
     127.3  8.584e+04
     131.4  9.438e+04
     135.4  1.914e+05
     139.5  1.463e+05
     143.5  8.831e+04
     147.5  1.888e+05
     151.6  1.161e+05
     155.6  1.719e+05
     159.7  8.758e+04
     163.7  1.135e+05
     167.7  6.311e+04
     171.8  2.652e+04
     175.8       9184
     179.9  1.754e+04
     183.9  2.902e+04
       188  4.658e+04
       192  1.785e+04
       196          0
     200.1  2.497e+04
     204.1          0
     208.2          0
     212.2       7912
     216.3          0
     220.3          0
     224.3          0
     228.4  1.381e+04
     232.4       7831
     236.5    2.6e+04
     240.5  1.967e+04
     244.5       6618
     248.6  2.102e+04
     252.6       8631
     256.7          0
     260.7       5638
     264.8          0
     268.8  1.103e+04
     272.8          0
     276.9          0
     280.9          0
       285          0
       289          0
     293.1          0
     297.1          0
     301.1          0
     305.2          0
     309.2          0
     313.3          0
     317.3          0
     321.3          0
     325.4          0
     329.4          0
     333.5          0
     337.5          0
     341.6          0
     345.6          0
     349.6          0
