     2.021  5.465e+10
     6.063  1.024e+11
     10.11    1.3e+11
     14.15  1.545e+11
     18.19  1.774e+11
     22.23  1.934e+11
     26.27  2.075e+11
     30.32   2.18e+11
     34.36  2.254e+11
      38.4  2.312e+11
     42.44  2.358e+11
     46.48  2.406e+11
     50.53  2.443e+11
     54.57  2.468e+11
     58.61  2.494e+11
     62.65  2.519e+11
     66.69  2.541e+11
     70.74  2.563e+11
     74.78  2.585e+11
     78.82  2.603e+11
     82.86   2.62e+11
      86.9  2.635e+11
     90.95  2.642e+11
     94.99  2.653e+11
     99.03  2.665e+11
     103.1  2.675e+11
     107.1  2.688e+11
     111.2  2.695e+11
     115.2  2.707e+11
     119.2  2.712e+11
     123.3  2.719e+11
     127.3  2.722e+11
     131.4  2.725e+11
     135.4  2.731e+11
     139.5  2.737e+11
     143.5   2.74e+11
     147.5  2.747e+11
     151.6  2.751e+11
     155.6  2.758e+11
     159.7  2.762e+11
     163.7  2.766e+11
     167.7  2.769e+11
     171.8   2.77e+11
     175.8  2.771e+11
     179.9  2.771e+11
     183.9  2.773e+11
       188  2.775e+11
       192  2.776e+11
       196  2.776e+11
     200.1  2.777e+11
     204.1  2.777e+11
     208.2  2.777e+11
     212.2  2.778e+11
     216.3  2.778e+11
     220.3  2.778e+11
     224.3  2.778e+11
     228.4  2.778e+11
     232.4  2.779e+11
     236.5   2.78e+11
     240.5  2.782e+11
     244.5  2.782e+11
     248.6  2.783e+11
     252.6  2.784e+11
     256.7  2.784e+11
     260.7  2.784e+11
     264.8  2.784e+11
     268.8  2.785e+11
     272.8  2.785e+11
     276.9  2.785e+11
     280.9  2.785e+11
       285  2.785e+11
       289  2.785e+11
     293.1  2.785e+11
     297.1  2.785e+11
     301.1  2.785e+11
     305.2  2.785e+11
     309.2  2.785e+11
     313.3  2.785e+11
     317.3  2.785e+11
     321.3  2.785e+11
     325.4  2.785e+11
     329.4  2.785e+11
     333.5  2.785e+11
     337.5  2.785e+11
     341.6  2.785e+11
     345.6  2.785e+11
     349.6  2.785e+11
