     2.021  1.707e-16
     6.063  2.701e-17
     10.11  1.202e-17
     14.15  1.017e-17
     18.19  8.734e-18
     22.23  4.723e-18
     26.27  3.428e-18
     30.32  1.969e-18
     34.36  1.361e-18
      38.4  1.436e-18
     42.44  1.162e-18
     46.48  7.608e-19
     50.53  4.014e-19
     54.57   3.32e-19
     58.61   2.95e-19
     62.65  2.732e-19
     66.69  2.536e-19
     70.74  2.568e-19
     74.78  2.064e-19
     78.82  1.767e-19
     82.86  1.161e-19
      86.9  1.103e-19
     90.95  7.665e-20
     94.99  7.456e-20
     99.03  8.642e-20
     103.1  8.502e-20
     107.1    5.7e-20
     111.2  6.817e-20
     115.2  6.475e-20
     119.2  4.724e-20
     123.3  3.075e-20
     127.3  1.205e-20
     131.4  2.257e-20
     135.4  3.511e-20
     139.5  1.857e-20
     143.5  2.184e-20
     147.5  2.895e-20
     151.6  2.791e-20
     155.6  2.148e-20
     159.7  2.158e-20
     163.7  1.483e-20
     167.7  6.673e-21
     171.8  2.779e-21
     175.8    1.1e-21
     179.9   7.32e-21
     183.9  1.723e-20
       188  1.414e-20
       192  1.213e-21
       196  3.869e-21
     200.1  5.795e-21
     204.1  1.007e-23
     208.2  6.913e-22
     212.2  2.371e-21
     216.3      1e-23
     220.3      1e-23
     224.3  1.435e-21
     228.4  1.396e-21
     232.4  4.526e-21
     236.5  3.142e-21
     240.5   3.35e-21
     244.5  1.784e-21
     248.6  2.269e-20
     252.6  1.212e-21
     256.7  7.073e-23
     260.7   1.07e-21
     264.8   1.76e-21
     268.8  9.031e-22
     272.8      1e-23
     276.9      1e-23
     280.9      1e-23
       285      1e-23
       289      1e-23
     293.1      1e-23
     297.1      1e-23
     301.1      1e-23
     305.2      1e-23
     309.2      1e-23
     313.3      1e-23
     317.3      1e-23
     321.3      1e-23
     325.4      1e-23
     329.4      1e-23
     333.5      1e-23
     337.5      1e-23
     341.6      1e-23
     345.6      1e-23
     349.6      1e-23
