     2.021      17.44
     6.063      19.44
     10.11      20.32
     14.15       20.5
     18.19      20.66
     22.23      21.33
     26.27      21.68
     30.32      22.28
     34.36      22.68
      38.4      22.62
     42.44      22.85
     46.48      23.31
     50.53      24.01
     54.57      24.21
     58.61      24.34
     62.65      24.42
     66.69      24.51
     70.74      24.49
     74.78      24.73
     78.82       24.9
     82.86      25.35
      86.9      25.41
     90.95       25.8
     94.99      25.83
     99.03      25.67
     103.1      25.69
     107.1      26.13
     111.2      25.93
     115.2      25.99
     119.2      26.33
     123.3       26.8
     127.3      27.81
     131.4      27.13
     135.4      26.65
     139.5      27.34
     143.5      27.17
     147.5      26.86
     151.6       26.9
     155.6      27.19
     159.7      27.18
     163.7      27.59
     167.7      28.46
     171.8      29.41
     175.8      30.41
     179.9      28.35
     183.9      27.43
       188      27.64
       192      30.31
       196      29.05
     200.1      28.61
     204.1      35.51
     208.2      30.92
     212.2      29.58
     216.3      35.52
     220.3      35.52
     224.3      30.12
     228.4      30.15
     232.4      28.88
     236.5      29.27
     240.5       29.2
     244.5      29.89
     248.6      27.13
     252.6      30.31
     256.7      33.39
     260.7      30.44
     264.8       29.9
     268.8      30.63
     272.8      35.52
     276.9      35.52
     280.9      35.52
       285      35.52
       289      35.52
     293.1      35.52
     297.1      35.52
     301.1      35.52
     305.2      35.52
     309.2      35.52
     313.3      35.52
     317.3      35.52
     321.3      35.52
     325.4      35.52
     329.4      35.52
     333.5      35.52
     337.5      35.52
     341.6      35.52
     345.6      35.52
     349.6      35.52
