     6.058  3.655e+08
      10.1  1.112e+08
     14.13  6.451e+07
     18.17  6.242e+07
     22.21  5.737e+07
     26.25  5.021e+07
     30.29   3.83e+07
     34.33  2.754e+07
     38.36   2.32e+07
      42.4   1.83e+07
     46.44  1.874e+07
     50.48    1.8e+07
     54.52  1.291e+07
     58.56  1.187e+07
     62.59  8.629e+06
     66.63  7.477e+06
     70.67   6.91e+06
     74.71    5.3e+06
     78.75  5.073e+06
     82.79  3.346e+06
     86.82  2.964e+06
     90.86  2.781e+06
      94.9  2.527e+06
     98.94  2.143e+06
       103  1.612e+06
       107  1.998e+06
     111.1  1.835e+06
     115.1  1.633e+06
     119.1  2.049e+06
     123.2   1.52e+06
     127.2   1.37e+06
     131.2  8.639e+05
     135.3  8.249e+05
     139.3   7.02e+05
     143.4  7.374e+05
     147.4  7.771e+05
     151.4  7.293e+05
     155.5  9.601e+05
     159.5  1.268e+06
     163.6  6.657e+05
     167.6   4.02e+05
     171.6  3.599e+05
     175.7  2.595e+05
     179.7  1.758e+05
     183.7  2.168e+05
     187.8  1.846e+05
     191.8  1.653e+05
     195.9  1.064e+05
     199.9  1.331e+05
     203.9   1.25e+05
       208  6.096e+04
       212  3.181e+04
     216.1  1.021e+05
     220.1  5.432e+04
     224.1  7.483e+04
     228.2  4.291e+04
     232.2  5.118e+04
     236.2  1.952e+04
     240.3  3.434e+04
     244.3  2.134e+04
     248.4  5.335e+04
     252.4       5699
     256.4  2.311e+04
     260.5       6214
     264.5          0
     268.6       5200
     272.6       5149
     276.6       5100
     280.7  1.888e+04
     284.7          0
     288.7          0
     292.8  2.227e+04
     296.8          0
     300.9       4942
     304.9          0
     308.9          0
       313       4736
       317          0
       321       4969
     325.1          0
     329.1  2.428e+04
     333.2   1.39e+04
     337.2       4225
     341.2       8889
     345.3          0
     349.3       4022
