     2.019  4.255e+10
     6.058  9.872e+10
      10.1  1.272e+11
     14.13  1.503e+11
     18.17  1.791e+11
     22.21  2.114e+11
     26.25  2.449e+11
     30.29  2.743e+11
     34.33  2.983e+11
     38.36  3.209e+11
      42.4  3.406e+11
     46.44  3.627e+11
     50.48  3.857e+11
     54.52  4.036e+11
     58.56  4.212e+11
     62.59  4.349e+11
     66.63  4.476e+11
     70.67  4.599e+11
     74.71    4.7e+11
     78.75  4.801e+11
     82.79  4.872e+11
     86.82  4.937e+11
     90.86  5.001e+11
      94.9  5.062e+11
     98.94  5.116e+11
       103  5.158e+11
       107  5.212e+11
     111.1  5.264e+11
     115.1  5.311e+11
     119.1  5.373e+11
     123.2  5.421e+11
     127.2  5.465e+11
     131.2  5.494e+11
     135.3  5.522e+11
     139.3  5.547e+11
     143.4  5.574e+11
     147.4  5.603e+11
     151.4  5.631e+11
     155.5  5.669e+11
     159.5   5.72e+11
     163.6  5.748e+11
     167.6  5.765e+11
     171.6   5.78e+11
     175.7  5.792e+11
     179.7    5.8e+11
     183.7   5.81e+11
     187.8  5.819e+11
     191.8  5.827e+11
     195.9  5.832e+11
     199.9  5.839e+11
     203.9  5.845e+11
       208  5.849e+11
       212   5.85e+11
     216.1  5.856e+11
     220.1  5.859e+11
     224.1  5.863e+11
     228.2  5.866e+11
     232.2  5.869e+11
     236.2   5.87e+11
     240.3  5.872e+11
     244.3  5.873e+11
     248.4  5.877e+11
     252.4  5.877e+11
     256.4  5.879e+11
     260.5  5.879e+11
     264.5  5.879e+11
     268.6  5.879e+11
     272.6   5.88e+11
     276.6   5.88e+11
     280.7  5.881e+11
     284.7  5.881e+11
     288.7  5.881e+11
     292.8  5.883e+11
     296.8  5.883e+11
     300.9  5.883e+11
     304.9  5.883e+11
     308.9  5.883e+11
       313  5.884e+11
       317  5.884e+11
       321  5.884e+11
     325.1  5.884e+11
     329.1  5.886e+11
     333.2  5.887e+11
     337.2  5.888e+11
     341.2  5.889e+11
     345.3  5.889e+11
     349.3  5.889e+11
