     2.019  7.644e-17
     6.058  1.821e-17
      10.1  1.196e-17
     14.13  1.028e-17
     18.17  1.214e-17
     22.21  9.223e-18
     26.25  6.556e-18
     30.29  4.043e-18
     34.33  3.328e-18
     38.36   2.75e-18
      42.4  2.163e-18
     46.44  2.204e-18
     50.48  2.093e-18
     54.52  1.548e-18
     58.56   1.28e-18
     62.59  9.625e-19
     66.63  1.137e-18
     70.67   7.78e-19
     74.71   6.97e-19
     78.75   4.53e-19
     82.79  4.249e-19
     86.82  2.691e-19
     90.86  2.561e-19
      94.9  2.514e-19
     98.94  1.958e-19
       103   1.95e-19
       107  1.848e-19
     111.1  1.856e-19
     115.1  1.979e-19
     119.1  1.916e-19
     123.2  1.589e-19
     127.2  1.168e-19
     131.2  7.857e-20
     135.3  9.977e-20
     139.3  7.021e-20
     143.4  7.897e-20
     147.4  8.783e-20
     151.4  7.551e-20
     155.5  1.203e-19
     159.5  9.138e-20
     163.6  4.901e-20
     167.6  3.772e-20
     171.6  2.955e-20
     175.7   2.05e-20
     179.7  1.913e-20
     183.7   2.54e-20
     187.8  2.417e-20
     191.8  1.548e-20
     195.9   1.64e-20
     199.9  1.711e-20
     203.9   1.34e-20
       208  8.722e-21
       212  1.135e-20
     216.1  9.412e-21
     220.1  9.533e-21
     224.1  9.295e-21
     228.2  9.167e-21
     232.2  4.052e-21
     236.2  4.462e-21
     240.3  3.138e-21
     244.3   8.27e-21
     248.4  3.413e-21
     252.4  3.495e-21
     256.4  1.695e-21
     260.5  1.154e-21
     264.5  3.284e-22
     268.6  4.331e-22
     272.6   1.16e-21
     276.6  1.069e-21
     280.7  5.848e-21
     284.7  4.232e-23
     288.7  4.224e-21
     292.8  5.347e-21
     296.8  1.723e-21
     300.9   7.07e-22
     304.9  1.181e-23
     308.9  2.931e-21
       313  3.762e-23
       317  5.294e-21
       321  8.986e-22
     325.1  5.728e-21
     329.1  2.873e-20
     333.2  9.754e-21
     337.2  1.964e-20
     341.2  3.268e-21
     345.3  6.823e-21
     349.3  1.226e-20
