     2.019      18.31
     6.058      19.87
      10.1      20.32
     14.13      20.49
     18.17      20.31
     22.21       20.6
     26.25      20.97
     30.29       21.5
     34.33      21.71
     38.36      21.92
      42.4      22.18
     46.44      22.16
     50.48      22.21
     54.52      22.54
     58.56      22.75
     62.59      23.06
     66.63      22.88
     70.67      23.29
     74.71      23.41
     78.75      23.88
     82.79      23.95
     86.82      24.44
     90.86      24.49
      94.9      24.52
     98.94      24.79
       103      24.79
       107      24.85
     111.1      24.84
     115.1      24.77
     119.1      24.81
     123.2      25.01
     127.2      25.35
     131.2      25.78
     135.3      25.52
     139.3       25.9
     143.4      25.77
     147.4      25.66
     151.4      25.82
     155.5      25.32
     159.5      25.61
     163.6      26.29
     167.6      26.57
     171.6      26.84
     175.7      27.24
     179.7      27.31
     183.7         27
     187.8      27.06
     191.8      27.54
     195.9      27.48
     199.9      27.43
     203.9       27.7
       208      28.16
       212      27.88
     216.1      28.08
     220.1      28.07
     224.1       28.1
     228.2      28.11
     232.2         29
     236.2      28.89
     240.3      29.27
     244.3      28.22
     248.4      29.18
     252.4      29.16
     256.4      29.94
     260.5      30.36
     264.5      31.72
     268.6      31.42
     272.6      30.35
     276.6      30.44
     280.7       28.6
     284.7      33.95
     288.7      28.95
     292.8       28.7
     296.8      29.93
     300.9      30.89
     304.9      35.34
     308.9      29.35
       313      34.08
       317      28.71
       321      30.63
     325.1      28.62
     329.1      26.87
     333.2      28.04
     337.2      27.28
     341.2      29.23
     345.3      28.43
     349.3      27.79
