     6.056  2.912e+08
     10.09  1.229e+08
     14.13  6.178e+07
     18.17  4.835e+07
      22.2  3.207e+07
     26.24  2.583e+07
     30.28  1.995e+07
     34.32  1.847e+07
     38.35  1.358e+07
     42.39  9.572e+06
     46.43  8.188e+06
     50.47  7.404e+06
      54.5  5.848e+06
     58.54  5.723e+06
     62.58  4.296e+06
     66.61   2.56e+06
     70.65  2.671e+06
     74.69  1.552e+06
     78.73  1.185e+06
     82.76  1.176e+06
      86.8  8.759e+05
     90.84  8.655e+05
     94.87  6.977e+05
     98.91  4.843e+05
     102.9  4.185e+05
       107  5.135e+05
       111  3.885e+05
     115.1  3.124e+05
     119.1  2.929e+05
     123.1  5.793e+05
     127.2  3.322e+05
     131.2   3.62e+05
     135.2  1.963e+05
     139.3   1.53e+05
     143.3  1.649e+05
     147.4   1.64e+05
     151.4  1.323e+05
     155.4  1.481e+05
     159.5  2.347e+05
     163.5  1.343e+05
     167.5  1.388e+05
     171.6  1.997e+05
     175.6  1.726e+05
     179.7  1.965e+05
     183.7  1.647e+05
     187.7  1.005e+05
     191.8  1.291e+05
     195.8  5.593e+04
     199.8  3.114e+04
     203.9  6.839e+04
     207.9  5.861e+04
       212  5.854e+04
       216  3.973e+04
       220  4.049e+04
     224.1  4.394e+04
     228.1  6.825e+04
     232.1  5.125e+04
     236.2  6.448e+04
     240.2  5.343e+04
     244.3  7.458e+04
     248.3  1.008e+05
     252.3   4.21e+04
     256.4  1.767e+04
     260.4  1.121e+04
     264.4  1.673e+04
     268.5          0
     272.5  1.056e+04
     276.5       5580
     280.6          0
     284.6          0
     288.7          0
     292.7          0
     296.7          0
     300.8          0
     304.8          0
     308.8          0
     312.9          0
     316.9          0
       321          0
       325          0
       329          0
     333.1          0
     337.1          0
     341.1          0
     345.2          0
     349.2          0
