     2.019  2.824e+10
     6.056  7.297e+10
     10.09  1.044e+11
     14.13  1.266e+11
     18.17  1.489e+11
      22.2  1.669e+11
     26.24  1.841e+11
     30.28  1.995e+11
     34.32  2.155e+11
     38.35  2.287e+11
     42.39   2.39e+11
     46.43  2.487e+11
     50.47  2.582e+11
      54.5  2.662e+11
     58.54  2.747e+11
     62.58  2.816e+11
     66.61  2.859e+11
     70.65  2.907e+11
     74.69  2.936e+11
     78.73   2.96e+11
     82.76  2.984e+11
      86.8  3.004e+11
     90.84  3.024e+11
     94.87   3.04e+11
     98.91  3.053e+11
     102.9  3.064e+11
       107  3.077e+11
       111  3.088e+11
     115.1  3.098e+11
     119.1  3.106e+11
     123.1  3.124e+11
     127.2  3.135e+11
     131.2  3.147e+11
     135.2  3.154e+11
     139.3  3.159e+11
     143.3  3.165e+11
     147.4  3.172e+11
     151.4  3.177e+11
     155.4  3.182e+11
     159.5  3.192e+11
     163.5  3.197e+11
     167.5  3.203e+11
     171.6  3.212e+11
     175.6   3.22e+11
     179.7  3.229e+11
     183.7  3.236e+11
     187.7  3.241e+11
     191.8  3.247e+11
     195.8   3.25e+11
     199.8  3.252e+11
     203.9  3.255e+11
     207.9  3.258e+11
       212  3.262e+11
       216  3.264e+11
       220  3.266e+11
     224.1  3.269e+11
     228.1  3.272e+11
     232.1  3.275e+11
     236.2  3.279e+11
     240.2  3.283e+11
     244.3  3.287e+11
     248.3  3.294e+11
     252.3  3.296e+11
     256.4  3.297e+11
     260.4  3.298e+11
     264.4  3.299e+11
     268.5  3.299e+11
     272.5    3.3e+11
     276.5    3.3e+11
     280.6    3.3e+11
     284.6    3.3e+11
     288.7    3.3e+11
     292.7    3.3e+11
     296.7    3.3e+11
     300.8    3.3e+11
     304.8    3.3e+11
     308.8    3.3e+11
     312.9    3.3e+11
     316.9    3.3e+11
       321    3.3e+11
       325    3.3e+11
       329    3.3e+11
     333.1    3.3e+11
     337.1    3.3e+11
     341.1    3.3e+11
     345.2    3.3e+11
     349.2    3.3e+11
