     2.019  5.223e-17
     6.056  1.275e-17
     10.09   5.88e-18
     14.13  4.485e-18
     18.17  3.355e-18
      22.2  2.339e-18
     26.24  2.056e-18
     30.28  2.013e-18
     34.32  1.826e-18
     38.35   1.29e-18
     42.39  1.213e-18
     46.43  1.357e-18
     50.47  1.438e-18
      54.5   9.73e-19
     58.54  8.992e-19
     62.58  6.293e-19
     66.61  6.249e-19
     70.65  3.403e-19
     74.69  1.896e-19
     78.73  2.568e-19
     82.76  1.876e-19
      86.8  1.634e-19
     90.84  1.191e-19
     94.87  7.017e-20
     98.91  5.887e-20
     102.9  6.375e-20
       107  5.462e-20
       111  5.025e-20
     115.1  3.688e-20
     119.1  6.246e-20
     123.1  8.118e-20
     127.2    2.1e-19
     131.2  9.918e-20
     135.2  3.852e-20
     139.3  2.282e-20
     143.3  2.068e-20
     147.4  2.177e-20
     151.4  1.932e-20
     155.4  2.883e-20
     159.5  2.176e-20
     163.5  1.951e-20
     167.5  1.716e-20
     171.6  2.176e-20
     175.6  2.232e-20
     179.7  1.809e-20
     183.7  1.524e-20
     187.7  9.656e-21
     191.8  1.017e-20
     195.8  3.922e-21
     199.8   8.47e-21
     203.9   8.14e-21
     207.9  6.904e-21
       212  5.201e-21
       216  5.667e-21
       220  5.033e-21
     224.1  1.411e-20
     228.1  7.597e-21
     232.1  9.577e-21
     236.2  9.688e-21
     240.2  6.829e-21
     244.3  1.296e-20
     248.3    9.6e-21
     252.3  3.455e-21
     256.4  1.945e-21
     260.4  2.353e-21
     264.4  2.161e-21
     268.5  2.814e-22
     272.5  3.008e-21
     276.5  6.591e-22
     280.6      1e-23
     284.6      1e-23
     288.7      1e-23
     292.7      1e-23
     296.7      1e-23
     300.8      1e-23
     304.8      1e-23
     308.8      1e-23
     312.9      1e-23
     316.9      1e-23
       321      1e-23
       325      1e-23
       329      1e-23
     333.1      1e-23
     337.1      1e-23
     341.1      1e-23
     345.2      1e-23
     349.2      1e-23
