     2.019      18.72
     6.056      20.25
     10.09      21.09
     14.13      21.39
     18.17       21.7
      22.2      22.09
     26.24      22.23
     30.28      22.26
     34.32      22.36
     38.35      22.74
     42.39      22.81
     46.43      22.68
     50.47      22.62
      54.5      23.05
     58.54      23.13
     62.58      23.52
     66.61      23.53
     70.65      24.19
     74.69      24.82
     78.73      24.49
     82.76      24.83
      86.8      24.98
     90.84      25.33
     94.87       25.9
     98.91      26.09
     102.9         26
       107      26.17
       111      26.26
     115.1       26.6
     119.1      26.03
     123.1      25.74
     127.2      24.71
     131.2      25.53
     135.2      26.55
     139.3      27.12
     143.3      27.23
     147.4      27.17
     151.4       27.3
     155.4      26.87
     159.5      27.17
     163.5      27.29
     167.5      27.43
     171.6      27.17
     175.6      27.14
     179.7      27.37
     183.7      27.56
     187.7      28.05
     191.8         28
     195.8      29.03
     199.8       28.2
     203.9      28.24
     207.9      28.42
       212      28.73
       216      28.63
       220      28.76
     224.1      27.64
     228.1      28.31
     232.1      28.06
     236.2      28.05
     240.2      28.43
     244.3      27.73
     248.3      28.06
     252.3      29.17
     256.4      29.79
     260.4      29.59
     264.4      29.68
     268.5      31.89
     272.5      29.32
     276.5      30.97
     280.6      35.52
     284.6      35.52
     288.7      35.52
     292.7      35.52
     296.7      35.52
     300.8      35.52
     304.8      35.52
     308.8      35.52
     312.9      35.52
     316.9      35.52
       321      35.52
       325      35.52
       329      35.52
     333.1      35.52
     337.1      35.52
     341.1      35.52
     345.2      35.52
     349.2      35.52
