     6.002  3.678e+08
        10  3.568e+08
        14  2.924e+08
        18  2.313e+08
     22.01   1.91e+08
     26.01  1.582e+08
     30.01    1.3e+08
     34.01  1.125e+08
     38.01  9.869e+07
     42.01  8.732e+07
     46.01  7.548e+07
     50.01  6.751e+07
     54.01  6.009e+07
     58.02  5.295e+07
     62.02  4.975e+07
     66.02   4.46e+07
     70.02  3.994e+07
     74.02      4e+07
     78.02  3.591e+07
     82.02  3.329e+07
     86.02  3.235e+07
     90.02  2.987e+07
     94.03  2.887e+07
     98.03  2.796e+07
       102  2.803e+07
       106  2.527e+07
       110   2.39e+07
       114  2.241e+07
       118  2.227e+07
       122  2.055e+07
       126   1.97e+07
       130  1.825e+07
       134  1.781e+07
       138  1.675e+07
       142   1.66e+07
       146  1.812e+07
       150  1.705e+07
       154  1.691e+07
       158  1.557e+07
       162  1.338e+07
       166  1.315e+07
       170  1.189e+07
       174  1.116e+07
       178  1.049e+07
     182.1  1.036e+07
     186.1  1.057e+07
     190.1  9.837e+06
     194.1   9.08e+06
     198.1  8.459e+06
     202.1  8.137e+06
     206.1   7.72e+06
     210.1  8.162e+06
     214.1  7.608e+06
     218.1  7.594e+06
     222.1  6.986e+06
     226.1  7.328e+06
     230.1  6.699e+06
     234.1  6.675e+06
     238.1  6.338e+06
     242.1   6.64e+06
     246.1  6.566e+06
     250.1  5.646e+06
     254.1  4.869e+06
     258.1  4.292e+06
     262.1  3.739e+06
     266.1  3.222e+06
     270.1  2.783e+06
     274.1  2.445e+06
     278.1  2.408e+06
     282.1  2.461e+06
     286.1  2.315e+06
     290.1   1.58e+06
     294.1  1.263e+06
     298.1   1.26e+06
     302.1  1.129e+06
     306.1   9.27e+05
     310.1  8.646e+05
     314.1  7.345e+05
     318.1  5.643e+05
     322.1  4.671e+05
     326.1  4.246e+05
     330.1   3.37e+05
     334.1   3.42e+05
     338.1  2.501e+05
     342.1  1.963e+05
     346.1  1.269e+05
     350.1  5.211e+04
