     2.001         21
     6.002      21.03
        10      21.29
        14      21.52
        18       21.7
     22.01      21.86
     26.01      22.06
     30.01       22.2
     34.01      22.36
     38.01      22.38
     42.01      22.41
     46.01      22.64
     50.01      22.79
     54.01      22.88
     58.02      23.09
     62.02       23.2
     66.02      23.16
     70.02      23.27
     74.02      23.34
     78.02      23.33
     82.02      23.41
     86.02       23.4
     90.02       23.4
     94.03      23.32
     98.03      23.45
       102      23.51
       106       23.6
       110      23.61
       114      23.66
       118      23.84
       122      23.98
       126      23.98
       130       23.9
       134      23.92
       138      24.03
       142      23.91
       146      24.22
       150      24.34
       154      24.28
       158      24.38
       162      24.44
       166      24.48
       170      24.55
       174      24.58
       178      24.66
     182.1      24.68
     186.1      24.68
     190.1      24.26
     194.1       24.5
     198.1      24.86
     202.1      25.09
     206.1      25.13
     210.1      25.09
     214.1      25.02
     218.1      25.04
     222.1      25.19
     226.1      25.15
     230.1      25.12
     234.1      25.29
     238.1      25.35
     242.1      25.36
     246.1      25.46
     250.1      25.63
     254.1      25.56
     258.1      25.61
     262.1      25.56
     266.1      25.57
     270.1       25.6
     274.1      25.68
     278.1      25.51
     282.1      25.52
     286.1      25.57
     290.1      25.77
     294.1      25.75
     298.1      25.77
     302.1      25.85
     306.1       25.9
     310.1      25.95
     314.1         26
     318.1      26.19
     322.1      26.05
     326.1      26.26
     330.1      26.08
     334.1      25.88
     338.1      26.09
     342.1      26.12
     346.1      26.28
     350.1      26.75
