     6.122  1.568e+08
      10.2  3.331e+07
     14.28  1.218e+07
     18.37  6.657e+06
     22.45  4.935e+06
     26.53  4.028e+06
     30.61   3.28e+06
     34.69  3.875e+06
     38.77  1.607e+06
     42.85  1.835e+06
     46.93  1.276e+06
     51.02  1.775e+06
      55.1  1.535e+06
     59.18  1.225e+06
     63.26  1.215e+06
     67.34  8.935e+05
     71.42  1.031e+06
      75.5  1.218e+06
     79.59  1.319e+06
     83.67  8.051e+05
     87.75  9.188e+05
     91.83  5.538e+05
     95.91  3.629e+05
     99.99  3.396e+05
     104.1  4.346e+05
     108.2   7.54e+05
     112.2  1.021e+06
     116.3  8.157e+05
     120.4  6.678e+05
     124.5  1.998e+05
     128.6  1.062e+05
     132.6  4.559e+04
     136.7  2.198e+04
     140.8  3.199e+04
     144.9  1.024e+04
       149  1.977e+04
       153          0
     157.1          0
     161.2          0
     165.3          0
     169.4          0
     173.5          0
     177.5          0
     181.6          0
     185.7          0
     189.8          0
     193.9          0
