     2.041  3.696e+10
     6.122  6.158e+10
      10.2  7.029e+10
     14.28  7.476e+10
     18.37  7.789e+10
     22.45  8.073e+10
     26.53  8.347e+10
     30.61  8.605e+10
     34.69  8.949e+10
     38.77  9.109e+10
     42.85  9.311e+10
     46.93  9.464e+10
     51.02  9.697e+10
      55.1  9.914e+10
     59.18   1.01e+11
     63.26   1.03e+11
     67.34  1.045e+11
     71.42  1.064e+11
      75.5  1.088e+11
     79.59  1.114e+11
     83.67  1.132e+11
     87.75  1.152e+11
     91.83  1.165e+11
     95.91  1.174e+11
     99.99  1.183e+11
     104.1  1.195e+11
     108.2  1.216e+11
     112.2  1.245e+11
     116.3  1.269e+11
     120.4   1.29e+11
     124.5  1.296e+11
     128.6    1.3e+11
     132.6  1.301e+11
     136.7  1.302e+11
     140.8  1.303e+11
     144.9  1.304e+11
       149  1.304e+11
       153  1.304e+11
     157.1  1.304e+11
     161.2  1.304e+11
     165.3  1.304e+11
     169.4  1.304e+11
     173.5  1.304e+11
     177.5  1.304e+11
     181.6  1.304e+11
     185.7  1.304e+11
     189.8  1.304e+11
     193.9  1.304e+11
