     2.041  6.271e-17
     6.122  5.739e-18
      10.2  1.882e-18
     14.28  7.528e-19
     18.37  4.171e-19
     22.45  2.358e-19
     26.53  1.794e-19
     30.61  1.504e-19
     34.69  1.458e-19
     38.77  1.271e-19
     42.85  2.261e-19
     46.93  1.443e-19
     51.02  1.224e-19
      55.1  7.526e-20
     59.18  6.566e-20
     63.26  6.925e-20
     67.34  4.838e-20
     71.42  6.579e-20
      75.5  6.608e-20
     79.59  8.321e-20
     83.67    9.6e-20
     87.75  8.766e-20
     91.83  3.427e-20
     95.91  2.189e-20
     99.99  3.183e-20
     104.1  2.823e-20
     108.2  6.473e-20
     112.2  5.551e-20
     116.3  4.515e-20
     120.4  2.511e-20
     124.5  8.092e-21
     128.6  3.748e-21
     132.6  1.287e-21
     136.7  1.982e-21
     140.8  2.408e-22
     144.9   1.88e-21
       149  2.116e-22
       153      1e-23
     157.1      1e-23
     161.2      1e-23
     165.3      1e-23
     169.4      1e-23
     173.5      1e-23
     177.5      1e-23
     181.6      1e-23
     185.7      1e-23
     189.8      1e-23
     193.9      1e-23
