     2.041      18.52
     6.122      21.12
      10.2      22.33
     14.28      23.32
     18.37      23.97
     22.45      24.58
     26.53      24.88
     30.61      25.07
     34.69      25.11
     38.77      25.26
     42.85      24.63
     46.93      25.12
     51.02       25.3
      55.1      25.82
     59.18      25.97
     63.26      25.92
     67.34       26.3
     71.42      25.97
      75.5      25.97
     79.59      25.72
     83.67      25.56
     87.75      25.66
     91.83      26.68
     95.91      27.17
     99.99      26.76
     104.1      26.89
     108.2      25.99
     112.2      26.16
     116.3      26.38
     120.4      27.02
     124.5      28.25
     128.6      29.08
     132.6      30.24
     136.7      29.77
     140.8      32.06
     144.9      29.83
       149       32.2
       153      35.52
     157.1      35.52
     161.2      35.52
     165.3      35.52
     169.4      35.52
     173.5      35.52
     177.5      35.52
     181.6      35.52
     185.7      35.52
     189.8      35.52
     193.9      35.52
