     6.066   6.36e+08
     10.11  3.191e+08
     14.15  1.791e+08
      18.2  1.264e+08
     22.24  8.764e+07
     26.28  6.764e+07
     30.33  5.554e+07
     34.37  4.848e+07
     38.42  3.595e+07
     42.46  2.763e+07
      46.5   2.42e+07
     50.55  1.855e+07
     54.59  1.685e+07
     58.63  1.692e+07
     62.68  1.522e+07
     66.72  1.409e+07
     70.76  1.177e+07
     74.81  1.148e+07
     78.85  1.013e+07
      82.9  9.828e+06
     86.94  8.721e+06
     90.98  8.876e+06
     95.03  8.668e+06
     99.07    7.7e+06
     103.1  6.518e+06
     107.2  6.212e+06
     111.2  6.278e+06
     115.2  5.528e+06
     119.3  4.711e+06
     123.3  3.958e+06
     127.4  3.311e+06
     131.4  3.218e+06
     135.5  3.114e+06
     139.5  2.778e+06
     143.6  3.296e+06
     147.6    2.9e+06
     151.6  2.604e+06
     155.7  2.507e+06
     159.7   1.76e+06
     163.8  1.803e+06
     167.8  1.462e+06
     171.9   1.46e+06
     175.9  1.065e+06
     179.9  1.047e+06
       184  9.249e+05
       188  9.292e+05
     192.1  5.991e+05
     196.1  7.259e+05
     200.2  6.723e+05
     204.2  6.134e+05
     208.3  4.751e+05
     212.3  3.856e+05
     216.3  4.194e+05
     220.4   4.39e+05
     224.4  3.318e+05
     228.5  2.696e+05
     232.5   2.31e+05
     236.6  3.517e+05
     240.6   2.13e+05
     244.6  2.327e+05
     248.7  1.902e+05
     252.7  1.685e+05
     256.8  1.477e+05
     260.8  1.184e+05
     264.9  1.484e+05
     268.9  1.037e+05
     272.9  9.764e+04
       277  6.481e+04
       281  2.736e+04
     285.1  3.732e+04
     289.1  1.115e+04
     293.2       4982
     297.2  3.672e+04
     301.3       9430
     305.3          0
     309.3  1.472e+04
     313.4       4814
     317.4  1.789e+04
     321.5       9299
     325.5       4380
     329.6          0
     333.6          0
     337.6          0
     341.7       4300
     345.7          0
     349.8          0
