     2.022  6.568e+10
     6.066  1.637e+11
     10.11  2.457e+11
     14.15    3.1e+11
      18.2  3.685e+11
     22.24   4.18e+11
     26.28  4.632e+11
     30.33   5.06e+11
     34.37  5.483e+11
     38.42  5.834e+11
     42.46  6.132e+11
      46.5  6.418e+11
     50.55  6.656e+11
     54.59   6.89e+11
     58.63  7.142e+11
     62.68  7.384e+11
     66.72  7.623e+11
     70.76  7.835e+11
     74.81  8.053e+11
     78.85  8.256e+11
      82.9  8.463e+11
     86.94  8.655e+11
     90.98  8.861e+11
     95.03   9.07e+11
     99.07  9.264e+11
     103.1  9.434e+11
     107.2  9.604e+11
     111.2  9.781e+11
     115.2  9.943e+11
     119.3  1.009e+12
     123.3  1.021e+12
     127.4  1.032e+12
     131.4  1.042e+12
     135.5  1.053e+12
     139.5  1.063e+12
     143.6  1.075e+12
     147.6  1.086e+12
     151.6  1.096e+12
     155.7  1.106e+12
     159.7  1.113e+12
     163.8   1.12e+12
     167.8  1.127e+12
     171.9  1.133e+12
     175.9  1.138e+12
     179.9  1.143e+12
       184  1.147e+12
       188  1.151e+12
     192.1  1.154e+12
     196.1  1.158e+12
     200.2  1.161e+12
     204.2  1.165e+12
     208.3  1.167e+12
     212.3  1.169e+12
     216.3  1.171e+12
     220.4  1.174e+12
     224.4  1.176e+12
     228.5  1.177e+12
     232.5  1.179e+12
     236.6  1.181e+12
     240.6  1.182e+12
     244.6  1.184e+12
     248.7  1.185e+12
     252.7  1.186e+12
     256.8  1.187e+12
     260.8  1.188e+12
     264.9  1.189e+12
     268.9  1.189e+12
     272.9   1.19e+12
       277   1.19e+12
       281  1.191e+12
     285.1  1.191e+12
     289.1  1.191e+12
     293.2  1.191e+12
     297.2  1.191e+12
     301.3  1.191e+12
     305.3  1.191e+12
     309.3  1.191e+12
     313.4  1.192e+12
     317.4  1.192e+12
     321.5  1.192e+12
     325.5  1.192e+12
     329.6  1.192e+12
     333.6  1.192e+12
     337.6  1.192e+12
     341.7  1.192e+12
     345.7  1.192e+12
     349.8  1.192e+12
