     2.022  2.128e-16
     6.066   2.87e-17
     10.11  1.514e-17
     14.15  9.654e-18
      18.2   7.43e-18
     22.24  6.303e-18
     26.28  5.414e-18
     30.33   4.49e-18
     34.37  4.723e-18
     38.42  2.551e-18
     42.46  2.337e-18
      46.5  1.701e-18
     50.55  1.347e-18
     54.59   1.26e-18
     58.63  1.275e-18
     62.68  1.552e-18
     66.72  1.055e-18
     70.76  8.704e-19
     74.81  7.357e-19
     78.85   6.65e-19
      82.9  6.213e-19
     86.94  5.794e-19
     90.98  6.765e-19
     95.03  6.454e-19
     99.07  7.143e-19
     103.1  5.991e-19
     107.2  5.448e-19
     111.2  4.864e-19
     115.2  3.845e-19
     119.3  3.614e-19
     123.3  2.965e-19
     127.4  3.257e-19
     131.4  4.474e-19
     135.5  3.861e-19
     139.5  2.802e-19
     143.6  2.887e-19
     147.6  2.301e-19
     151.6  2.199e-19
     155.7  1.923e-19
     159.7  1.534e-19
     163.8  1.514e-19
     167.8  1.291e-19
     171.9  1.388e-19
     175.9  1.265e-19
     179.9  8.972e-20
       184  8.817e-20
       188  5.823e-20
     192.1  5.104e-20
     196.1    5.6e-20
     200.2   5.35e-20
     204.2  5.782e-20
     208.3   3.77e-20
     212.3  5.843e-20
     216.3  1.032e-19
     220.4  6.801e-20
     224.4  2.865e-20
     228.5  1.572e-20
     232.5  2.294e-20
     236.6  2.949e-20
     240.6   1.73e-20
     244.6  2.117e-20
     248.7  2.383e-20
     252.7  1.932e-20
     256.8  2.223e-20
     260.8  2.039e-20
     264.9  2.928e-20
     268.9  1.627e-20
     272.9  2.271e-20
       277  1.111e-20
       281  8.041e-21
     285.1  7.617e-21
     289.1  4.025e-21
     293.2  8.391e-21
     297.2  6.316e-21
     301.3   2.48e-21
     305.3  6.404e-21
     309.3  3.742e-21
     313.4  5.858e-21
     317.4  1.259e-20
     321.5  4.068e-21
     325.5  1.478e-22
     329.6      1e-23
     333.6      1e-23
     337.6   1.41e-21
     341.7  2.772e-21
     345.7      1e-23
     349.8      1e-23
