     6.067  4.277e+08
     10.11  1.239e+08
     14.16  8.149e+07
      18.2  5.487e+07
     22.25  3.263e+07
     26.29  2.485e+07
     30.34  1.799e+07
     34.38  1.228e+07
     38.43  1.075e+07
     42.47  7.573e+06
     46.52   6.35e+06
     50.56  7.196e+06
     54.61  6.618e+06
     58.65  5.666e+06
     62.69  6.032e+06
     66.74  4.714e+06
     70.78  4.399e+06
     74.83  3.655e+06
     78.87  2.883e+06
     82.92  2.293e+06
     86.96  1.975e+06
     91.01  1.771e+06
     95.05  1.448e+06
      99.1   1.46e+06
     103.1  1.443e+06
     107.2  1.093e+06
     111.2  1.201e+06
     115.3  9.484e+05
     119.3  9.558e+05
     123.4  7.269e+05
     127.4  6.993e+05
     131.5  7.026e+05
     135.5  7.409e+05
     139.5  6.047e+05
     143.6  9.215e+05
     147.6  6.548e+05
     151.7   6.02e+05
     155.7  6.791e+05
     159.8  6.607e+05
     163.8   7.24e+05
     167.9  7.083e+05
     171.9  4.286e+05
     175.9  3.872e+05
       180  3.962e+05
       184  2.811e+05
     188.1  2.527e+05
     192.1  2.404e+05
     196.2  1.828e+05
     200.2   1.06e+05
     204.3  1.754e+05
     208.3  1.496e+05
     212.4  1.567e+05
     216.4  1.494e+05
     220.4   9.65e+04
     224.5  1.603e+05
     228.5  1.112e+05
     232.6  9.341e+04
     236.6  8.848e+04
     240.7  7.049e+04
     244.7  1.351e+05
     248.8   3.27e+05
     252.8  8.901e+04
     256.8  9.994e+04
     260.9    3.5e+04
     264.9  2.766e+04
       269  3.319e+04
       273  4.987e+04
     277.1  8.331e+04
     281.1  4.448e+04
     285.2  3.892e+04
     289.2  1.077e+04
     293.2  2.215e+04
     297.3  1.562e+04
     301.3       9523
     305.4          0
     309.4          0
     313.5          0
     317.5       4725
     321.6          0
     325.6          0
     329.7          0
     333.7          0
     337.7          0
     341.8          0
     345.8          0
     349.9          0
