     2.022  3.436e+10
     6.067  1.003e+11
     10.11  1.321e+11
     14.16  1.615e+11
      18.2  1.868e+11
     22.25  2.053e+11
     26.29  2.219e+11
     30.34  2.358e+11
     34.38  2.465e+11
     38.43   2.57e+11
     42.47  2.652e+11
     46.52  2.727e+11
     50.56  2.819e+11
     54.61  2.911e+11
     58.65  2.995e+11
     62.69  3.092e+11
     66.74  3.172e+11
     70.78  3.251e+11
     74.83   3.32e+11
     78.87  3.378e+11
     82.92  3.426e+11
     86.96   3.47e+11
     91.01  3.511e+11
     95.05  3.546e+11
      99.1  3.583e+11
     103.1   3.62e+11
     107.2   3.65e+11
     111.2  3.684e+11
     115.3  3.712e+11
     119.3  3.741e+11
     123.4  3.764e+11
     127.4  3.786e+11
     131.5   3.81e+11
     135.5  3.835e+11
     139.5  3.857e+11
     143.6   3.89e+11
     147.6  3.915e+11
     151.7  3.938e+11
     155.7  3.965e+11
     159.8  3.992e+11
     163.8  4.022e+11
     167.9  4.052e+11
     171.9  4.071e+11
     175.9  4.088e+11
       180  4.106e+11
       184   4.12e+11
     188.1  4.132e+11
     192.1  4.143e+11
     196.2  4.153e+11
     200.2  4.158e+11
     204.3  4.167e+11
     208.3  4.175e+11
     212.4  4.183e+11
     216.4  4.192e+11
     220.4  4.197e+11
     224.5  4.206e+11
     228.5  4.213e+11
     232.6  4.218e+11
     236.6  4.223e+11
     240.7  4.228e+11
     244.7  4.236e+11
     248.8  4.257e+11
     252.8  4.263e+11
     256.8  4.269e+11
     260.9  4.271e+11
     264.9  4.273e+11
       269  4.276e+11
       273  4.279e+11
     277.1  4.285e+11
     281.1  4.288e+11
     285.2  4.291e+11
     289.2  4.292e+11
     293.2  4.293e+11
     297.3  4.295e+11
     301.3  4.295e+11
     305.4  4.295e+11
     309.4  4.295e+11
     313.5  4.295e+11
     317.5  4.296e+11
     321.6  4.296e+11
     325.6  4.296e+11
     329.7  4.296e+11
     333.7  4.296e+11
     337.7  4.296e+11
     341.8  4.296e+11
     345.8  4.296e+11
     349.9  4.296e+11
