     2.022  7.768e-17
     6.067  1.526e-17
     10.11  7.275e-18
     14.16  4.201e-18
      18.2  2.842e-18
     22.25  1.822e-18
     26.29  1.375e-18
     30.34  1.001e-18
     34.38  8.081e-19
     38.43  6.591e-19
     42.47   5.24e-19
     46.52  5.631e-19
     50.56  5.386e-19
     54.61   4.37e-19
     58.65  4.599e-19
     62.69  4.732e-19
     66.74  3.711e-19
     70.78  3.417e-19
     74.83  3.205e-19
     78.87  2.628e-19
     82.92  2.308e-19
     86.96  2.116e-19
     91.01  1.654e-19
     95.05  1.691e-19
      99.1  1.723e-19
     103.1  1.586e-19
     107.2  1.314e-19
     111.2  1.273e-19
     115.3  1.107e-19
     119.3  7.076e-20
     123.4  5.879e-20
     127.4  5.678e-20
     131.5  7.128e-20
     135.5  5.322e-20
     139.5  7.177e-20
     143.6  7.056e-20
     147.6  5.658e-20
     151.7  5.864e-20
     155.7  6.316e-20
     159.8   7.38e-20
     163.8  1.001e-19
     167.9  7.995e-20
     171.9  4.359e-20
     175.9   4.68e-20
       180  3.291e-20
       184  3.329e-20
     188.1  3.373e-20
     192.1  2.807e-20
     196.2  1.747e-20
     200.2   1.61e-20
     204.3  2.139e-20
     208.3  2.062e-20
     212.4  1.405e-20
     216.4  1.329e-20
     220.4  1.367e-20
     224.5  1.458e-20
     228.5  1.258e-20
     232.6  3.192e-20
     236.6  9.089e-21
     240.7  1.087e-20
     244.7      2e-20
     248.8  2.457e-20
     252.8  1.379e-20
     256.8  8.692e-21
     260.9  4.162e-21
     264.9  6.568e-21
       269  1.091e-20
       273  1.496e-20
     277.1  2.186e-20
     281.1  9.364e-21
     285.2  7.248e-21
     289.2   8.59e-21
     293.2  8.493e-21
     297.3  3.254e-21
     301.3  2.843e-21
     305.4  1.099e-23
     309.4      1e-23
     313.5   3.28e-21
     317.5  7.248e-22
     321.6      1e-23
     325.6      1e-23
     329.7      1e-23
     333.7      1e-23
     337.7      1e-23
     341.8      1e-23
     345.8      1e-23
     349.9      1e-23
