     2.022      18.29
     6.067      20.06
     10.11      20.86
     14.16      21.46
      18.2      21.88
     22.25      22.36
     26.29      22.67
     30.34      23.01
     34.38      23.25
     38.43      23.47
     42.47      23.72
     46.52      23.64
     50.56      23.69
     54.61      23.92
     58.65      23.86
     62.69      23.83
     66.74      24.09
     70.78      24.18
     74.83      24.25
     78.87      24.47
     82.92      24.61
     86.96       24.7
     91.01      24.97
     95.05      24.95
      99.1      24.93
     103.1      25.02
     107.2      25.22
     111.2      25.25
     115.3      25.41
     119.3      25.89
     123.4      26.09
     127.4      26.13
     131.5      25.88
     135.5       26.2
     139.5      25.88
     143.6      25.89
     147.6      26.13
     151.7       26.1
     155.7      26.01
     159.8      25.85
     163.8      25.51
     167.9      25.76
     171.9      26.42
     175.9      26.34
       180      26.72
       184      26.71
     188.1       26.7
     192.1       26.9
     196.2      27.41
     200.2       27.5
     204.3      27.19
     208.3      27.23
     212.4      27.65
     216.4      27.71
     220.4      27.68
     224.5      27.61
     228.5      27.77
     232.6      26.76
     236.6      28.12
     240.7      27.93
     244.7      27.26
     248.8      27.04
     252.8      27.67
     256.8      28.17
     260.9      28.97
     264.9      28.47
       269      27.92
       273      27.58
     277.1      27.17
     281.1      28.09
     285.2      28.37
     289.2      28.18
     293.2      28.19
     297.3      29.23
     301.3      29.38
     305.4      35.41
     309.4      35.52
     313.5      29.23
     317.5      30.87
     321.6      35.52
     325.6      35.52
     329.7      35.52
     333.7      35.52
     337.7      35.52
     341.8      35.52
     345.8      35.52
     349.9      35.52
