     6.002  3.198e+08
        10  1.623e+08
     14.01  1.178e+08
     18.01  9.916e+07
     22.01  8.694e+07
     26.01  7.816e+07
     30.01  7.002e+07
     34.01  6.402e+07
     38.02  5.837e+07
     42.02  5.015e+07
     46.02   4.42e+07
     50.02  3.878e+07
     54.02  3.784e+07
     58.02  3.353e+07
     62.02   3.14e+07
     66.03  2.965e+07
     70.03  2.732e+07
     74.03  2.262e+07
     78.03  2.062e+07
     82.03  1.703e+07
     86.03  1.374e+07
     90.04  1.093e+07
     94.04  9.899e+06
     98.04  9.369e+06
       102  9.836e+06
       106  8.917e+06
       110  8.126e+06
       114  7.283e+06
       118  7.047e+06
       122  7.197e+06
       126  6.759e+06
     130.1  6.108e+06
     134.1  5.726e+06
     138.1  5.799e+06
     142.1  5.404e+06
     146.1  5.542e+06
     150.1  5.415e+06
     154.1   4.58e+06
     158.1  5.239e+06
     162.1  6.041e+06
     166.1  5.155e+06
     170.1  4.708e+06
     174.1  4.636e+06
     178.1  4.655e+06
     182.1  4.515e+06
     186.1  4.467e+06
     190.1  3.977e+06
     194.1  3.739e+06
     198.1  3.421e+06
     202.1  3.241e+06
     206.1  2.911e+06
     210.1  3.274e+06
     214.1  3.153e+06
     218.1  3.139e+06
     222.1  2.738e+06
     226.1  2.727e+06
     230.1  2.421e+06
     234.1  2.196e+06
     238.1  2.111e+06
     242.1  1.926e+06
     246.1  1.951e+06
     250.1  1.991e+06
     254.1  1.469e+06
     258.1  1.061e+06
     262.1  9.461e+05
     266.1  6.713e+05
     270.1  8.974e+05
     274.1  6.869e+05
     278.1  5.302e+05
     282.1  4.733e+05
     286.1  4.136e+05
     290.1  2.898e+05
     294.1  3.205e+05
     298.1  3.234e+05
     302.1  2.074e+05
     306.1  1.636e+05
     310.1  1.641e+05
     314.1  1.067e+05
     318.1  7.534e+04
     322.1  1.414e+05
     326.1  1.097e+05
     330.1  5.565e+04
     334.1   6.58e+04
     338.1  7.447e+04
     342.1  3.541e+04
     346.1  3.083e+04
     350.1       8908
