     2.001  1.344e+10
     6.002  6.171e+10
        10  1.025e+11
     14.01   1.44e+11
     18.01  1.889e+11
     22.01   2.37e+11
     26.01  2.881e+11
     30.01   3.41e+11
     34.01  3.957e+11
     38.02  4.515e+11
     42.02  5.045e+11
     46.02  5.556e+11
     50.02  6.044e+11
     54.02  6.558e+11
     58.02  7.047e+11
     62.02  7.537e+11
     66.03  8.029e+11
     70.03   8.51e+11
     74.03  8.931e+11
     78.03  9.335e+11
     82.03  9.687e+11
     86.03  9.984e+11
     90.04  1.023e+12
     94.04  1.047e+12
     98.04   1.07e+12
       102  1.095e+12
       106  1.119e+12
       110  1.141e+12
       114  1.162e+12
       118  1.183e+12
       122  1.205e+12
       126  1.226e+12
     130.1  1.246e+12
     134.1  1.266e+12
     138.1  1.286e+12
     142.1  1.305e+12
     146.1  1.325e+12
     150.1  1.346e+12
     154.1  1.364e+12
     158.1  1.384e+12
     162.1  1.409e+12
     166.1  1.431e+12
     170.1  1.451e+12
     174.1  1.471e+12
     178.1  1.492e+12
     182.1  1.513e+12
     186.1  1.533e+12
     190.1  1.552e+12
     194.1  1.571e+12
     198.1  1.588e+12
     202.1  1.604e+12
     206.1  1.619e+12
     210.1  1.637e+12
     214.1  1.654e+12
     218.1  1.671e+12
     222.1  1.686e+12
     226.1  1.702e+12
     230.1  1.716e+12
     234.1  1.728e+12
     238.1  1.741e+12
     242.1  1.753e+12
     246.1  1.765e+12
     250.1  1.777e+12
     254.1  1.787e+12
     258.1  1.794e+12
     262.1    1.8e+12
     266.1  1.804e+12
     270.1  1.811e+12
     274.1  1.815e+12
     278.1  1.819e+12
     282.1  1.822e+12
     286.1  1.825e+12
     290.1  1.827e+12
     294.1   1.83e+12
     298.1  1.832e+12
     302.1  1.834e+12
     306.1  1.835e+12
     310.1  1.836e+12
     314.1  1.837e+12
     318.1  1.838e+12
     322.1  1.839e+12
     326.1   1.84e+12
     330.1   1.84e+12
     334.1  1.841e+12
     338.1  1.841e+12
     342.1  1.842e+12
     346.1  1.842e+12
     350.1  1.842e+12
