     2.001  3.839e-17
     6.002  1.645e-17
        10  8.113e-18
     14.01  5.848e-18
     18.01  4.574e-18
     22.01  3.752e-18
     26.01   3.33e-18
     30.01  3.023e-18
     34.01  2.791e-18
     38.02  2.434e-18
     42.02  2.263e-18
     46.02  1.862e-18
     50.02  1.877e-18
     54.02  1.489e-18
     58.02  1.461e-18
     62.02  1.499e-18
     66.03  1.346e-18
     70.03  1.543e-18
     74.03  1.165e-18
     78.03  1.144e-18
     82.03  8.244e-19
     86.03  6.259e-19
     90.04   5.91e-19
     94.04  5.737e-19
     98.04  5.318e-19
       102  5.295e-19
       106  4.458e-19
       110  4.124e-19
       114  3.891e-19
       118  3.972e-19
       122  3.985e-19
       126  3.467e-19
     130.1  2.876e-19
     134.1  2.943e-19
     138.1  2.927e-19
     142.1  2.943e-19
     146.1  3.594e-19
     150.1  4.165e-19
     154.1  2.935e-19
     158.1  2.702e-19
     162.1   2.96e-19
     166.1  2.754e-19
     170.1  2.719e-19
     174.1  4.088e-19
     178.1  2.899e-19
     182.1  2.539e-19
     186.1  3.722e-19
     190.1  2.637e-19
     194.1  1.986e-19
     198.1  1.761e-19
     202.1  1.485e-19
     206.1  1.622e-19
     210.1  1.577e-19
     214.1  1.714e-19
     218.1  1.771e-19
     222.1  1.788e-19
     226.1  1.793e-19
     230.1  1.896e-19
     234.1  1.113e-19
     238.1  1.043e-19
     242.1  8.696e-20
     246.1  1.006e-19
     250.1  9.749e-20
     254.1  7.905e-20
     258.1  6.183e-20
     262.1  6.072e-20
     266.1  6.995e-20
     270.1  8.412e-20
     274.1  6.787e-20
     278.1  5.857e-20
     282.1  5.476e-20
     286.1  6.298e-20
     290.1  5.338e-20
     294.1  5.209e-20
     298.1  4.509e-20
     302.1  3.632e-20
     306.1  3.509e-20
     310.1  4.481e-20
     314.1  2.694e-20
     318.1   4.39e-20
     322.1  5.611e-20
     326.1  3.069e-20
     330.1  2.274e-20
     334.1  7.091e-20
     338.1  4.792e-20
     342.1  3.961e-20
     346.1  3.515e-20
     350.1  5.304e-20
