     2.001      19.06
     6.002      19.98
        10      20.74
     14.01       21.1
     18.01      21.37
     22.01      21.58
     26.01      21.71
     30.01      21.82
     34.01       21.9
     38.02      22.05
     42.02      22.13
     46.02      22.34
     50.02      22.33
     54.02      22.58
     58.02       22.6
     62.02      22.58
     66.03      22.69
     70.03      22.54
     74.03      22.85
     78.03      22.87
     82.03      23.23
     86.03      23.52
     90.04      23.59
     94.04      23.62
     98.04       23.7
       102      23.71
       106      23.89
       110      23.98
       114      24.04
       118      24.02
       122      24.01
       126      24.17
     130.1      24.37
     134.1      24.34
     138.1      24.35
     142.1      24.34
     146.1      24.13
     150.1      23.97
     154.1      24.35
     158.1      24.44
     162.1      24.34
     166.1      24.42
     170.1      24.43
     174.1      23.99
     178.1      24.36
     182.1       24.5
     186.1      24.09
     190.1      24.46
     194.1      24.77
     198.1       24.9
     202.1      25.09
     206.1      24.99
     210.1      25.02
     214.1      24.93
     218.1       24.9
     222.1      24.89
     226.1      24.88
     230.1      24.82
     234.1       25.4
     238.1      25.47
     242.1      25.67
     246.1      25.51
     250.1      25.54
     254.1      25.77
     258.1      26.04
     262.1      26.06
     266.1       25.9
     270.1       25.7
     274.1      25.94
     278.1       26.1
     282.1      26.17
     286.1      26.02
     290.1       26.2
     294.1      26.22
     298.1      26.38
     302.1      26.62
     306.1      26.65
     310.1      26.39
     314.1      26.94
     318.1      26.41
     322.1      26.14
     326.1       26.8
     330.1      27.12
     334.1      25.89
     338.1      26.31
     342.1      26.52
     346.1      26.65
     350.1       26.2
