     6.002  3.899e+08
        10  1.393e+08
        14  7.748e+07
     18.01  5.977e+07
     22.01  4.755e+07
     26.01  3.276e+07
     30.01  2.093e+07
     34.01  1.757e+07
     38.01  1.399e+07
     42.01  1.296e+07
     46.02  9.826e+06
     50.02  8.128e+06
     54.02  6.448e+06
     58.02  5.023e+06
     62.02  4.167e+06
     66.02  3.139e+06
     70.02   3.07e+06
     74.03   2.22e+06
     78.03  1.998e+06
     82.03  2.423e+06
     86.03  1.897e+06
     90.03  1.664e+06
     94.03  1.542e+06
     98.03  1.544e+06
       102  1.175e+06
       106   1.27e+06
       110  1.155e+06
       114  1.043e+06
       118  9.549e+05
       122  8.852e+05
       126  9.248e+05
       130  9.875e+05
       134  8.997e+05
       138  1.057e+06
     142.1  6.518e+05
     146.1  6.307e+05
     150.1  4.571e+05
     154.1  4.681e+05
     158.1  4.453e+05
     162.1  2.264e+05
     166.1  3.826e+05
     170.1  4.653e+05
     174.1  2.728e+05
     178.1  2.539e+05
     182.1  3.758e+05
     186.1  2.927e+05
     190.1  1.567e+05
     194.1  1.354e+05
     198.1  1.629e+05
     202.1  1.509e+05
     206.1   2.07e+05
     210.1  1.071e+05
     214.1  9.678e+04
     218.1  1.739e+05
     222.1  1.364e+05
     226.1  2.692e+05
     230.1  1.843e+05
     234.1  1.261e+05
     238.1  8.449e+04
     242.1  6.703e+04
     246.1  6.321e+04
     250.1  1.092e+05
     254.1   5.96e+04
     258.1  6.218e+04
     262.1  4.747e+04
     266.1  5.893e+04
     270.1  2.837e+04
     274.1  8.616e+04
     278.1  6.133e+04
     282.1  2.539e+04
     286.1   1.06e+04
     290.1   2.39e+04
     294.1  1.501e+04
     298.1  2.253e+04
     302.1          0
     306.1          0
     310.1          0
     314.1          0
     318.1          0
     322.1          0
     326.1          0
     330.1          0
     334.1          0
     338.1          0
     342.1          0
     346.1          0
     350.1          0
