     2.001  3.601e+10
     6.002  9.484e+10
        10  1.299e+11
        14  1.572e+11
     18.01  1.842e+11
     22.01  2.105e+11
     26.01  2.319e+11
     30.01  2.477e+11
     34.01  2.628e+11
     38.01  2.761e+11
     42.01  2.898e+11
     46.02  3.012e+11
     50.02  3.114e+11
     54.02  3.202e+11
     58.02  3.275e+11
     62.02   3.34e+11
     66.02  3.392e+11
     70.02  3.446e+11
     74.03  3.487e+11
     78.03  3.527e+11
     82.03  3.577e+11
     86.03  3.618e+11
     90.03  3.655e+11
     94.03  3.692e+11
     98.03   3.73e+11
       102   3.76e+11
       106  3.794e+11
       110  3.826e+11
       114  3.856e+11
       118  3.884e+11
       122  3.911e+11
       126   3.94e+11
       130  3.973e+11
       134  4.003e+11
       138   4.04e+11
     142.1  4.063e+11
     146.1  4.086e+11
     150.1  4.103e+11
     154.1  4.122e+11
     158.1  4.139e+11
     162.1  4.148e+11
     166.1  4.164e+11
     170.1  4.184e+11
     174.1  4.196e+11
     178.1  4.208e+11
     182.1  4.225e+11
     186.1  4.239e+11
     190.1  4.246e+11
     194.1  4.253e+11
     198.1  4.261e+11
     202.1  4.268e+11
     206.1  4.279e+11
     210.1  4.285e+11
     214.1   4.29e+11
     218.1    4.3e+11
     222.1  4.307e+11
     226.1  4.322e+11
     230.1  4.333e+11
     234.1  4.341e+11
     238.1  4.346e+11
     242.1   4.35e+11
     246.1  4.354e+11
     250.1   4.36e+11
     254.1  4.364e+11
     258.1  4.368e+11
     262.1  4.371e+11
     266.1  4.375e+11
     270.1  4.377e+11
     274.1  4.383e+11
     278.1  4.387e+11
     282.1  4.389e+11
     286.1   4.39e+11
     290.1  4.392e+11
     294.1  4.393e+11
     298.1  4.395e+11
     302.1  4.395e+11
     306.1  4.395e+11
     310.1  4.395e+11
     314.1  4.395e+11
     318.1  4.395e+11
     322.1  4.395e+11
     326.1  4.395e+11
     330.1  4.395e+11
     334.1  4.395e+11
     338.1  4.395e+11
     342.1  4.395e+11
     346.1  4.395e+11
     350.1  4.395e+11
