     2.001  2.086e-15
     6.002  2.981e-17
        10    1.2e-17
        14  7.076e-18
     18.01  6.766e-18
     22.01  4.618e-18
     26.01  2.653e-18
     30.01  1.602e-18
     34.01  1.504e-18
     38.01   1.29e-18
     42.01  1.069e-18
     46.02   8.17e-19
     50.02  6.543e-19
     54.02  5.029e-19
     58.02  4.165e-19
     62.02  3.051e-19
     66.02  2.957e-19
     70.02  2.873e-19
     74.03  2.024e-19
     78.03  1.996e-19
     82.03  1.951e-19
     86.03  1.561e-19
     90.03  1.723e-19
     94.03  1.688e-19
     98.03  1.744e-19
       102  1.558e-19
       106  1.391e-19
       110  1.093e-19
       114  1.056e-19
       118  1.178e-19
       122  1.061e-19
       126  1.863e-19
       130  1.958e-19
       134  1.937e-19
       138  1.323e-19
     142.1  8.439e-20
     146.1  7.263e-20
     150.1  5.013e-20
     154.1  4.483e-20
     158.1  3.469e-20
     162.1  2.556e-20
     166.1  4.451e-20
     170.1  2.717e-20
     174.1  2.194e-20
     178.1  3.539e-20
     182.1  3.044e-20
     186.1  2.187e-20
     190.1  2.251e-20
     194.1  3.527e-20
     198.1  2.085e-20
     202.1  2.194e-20
     206.1  1.664e-20
     210.1  2.479e-20
     214.1  2.501e-20
     218.1  4.741e-20
     222.1  3.382e-20
     226.1  3.413e-20
     230.1  2.142e-20
     234.1  1.475e-20
     238.1  8.919e-21
     242.1  8.422e-21
     246.1  1.217e-20
     250.1  1.154e-20
     254.1  8.547e-21
     258.1  1.074e-20
     262.1  8.888e-21
     266.1  1.226e-20
     270.1  1.947e-20
     274.1  2.134e-20
     278.1  2.472e-20
     282.1  4.968e-21
     286.1  1.097e-20
     290.1   5.81e-21
     294.1  1.131e-20
     298.1  2.151e-21
     302.1      1e-23
     306.1      1e-23
     310.1      1e-23
     314.1      1e-23
     318.1      1e-23
     322.1      1e-23
     326.1      1e-23
     330.1      1e-23
     334.1      1e-23
     338.1      1e-23
     342.1      1e-23
     346.1      1e-23
     350.1      1e-23
