     2.001      14.72
     6.002      19.33
        10      20.32
        14      20.89
     18.01      20.94
     22.01      21.36
     26.01      21.96
     30.01       22.5
     34.01      22.57
     38.01      22.74
     42.01      22.94
     46.02      23.24
     50.02      23.48
     54.02      23.76
     58.02      23.97
     62.02      24.31
     66.02      24.34
     70.02      24.37
     74.03      24.75
     78.03      24.77
     82.03      24.79
     86.03      25.03
     90.03      24.93
     94.03      24.95
     98.03      24.91
       102      25.03
       106      25.16
       110      25.42
       114      25.46
       118      25.34
       122      25.45
       126      24.84
       130      24.79
       134       24.8
       138      25.21
     142.1       25.7
     146.1      25.86
     150.1      26.27
     154.1      26.39
     158.1      26.67
     162.1         27
     166.1      26.39
     170.1      26.93
     174.1      27.16
     178.1      26.64
     182.1      26.81
     186.1      27.17
     190.1      27.14
     194.1      26.65
     198.1      27.22
     202.1      27.16
     206.1      27.46
     210.1      27.03
     214.1      27.02
     218.1      26.33
     222.1      26.69
     226.1      26.68
     230.1      27.19
     234.1      27.59
     238.1      28.14
     242.1       28.2
     246.1       27.8
     250.1      27.86
     254.1      28.19
     258.1      27.94
     262.1      28.14
     266.1       27.8
     270.1      27.29
     274.1      27.19
     278.1      27.03
     282.1      28.78
     286.1      27.92
     290.1      28.61
     294.1      27.88
     298.1      29.68
     302.1      35.52
     306.1      35.52
     310.1      35.52
     314.1      35.52
     318.1      35.52
     322.1      35.52
     326.1      35.52
     330.1      35.52
     334.1      35.52
     338.1      35.52
     342.1      35.52
     346.1      35.52
     350.1      35.52
