     6.002  4.838e+08
        10  2.202e+08
        14   1.51e+08
     18.01  1.212e+08
     22.01  1.079e+08
     26.01  6.849e+07
     30.01  5.131e+07
     34.01   3.94e+07
     38.01  3.057e+07
     42.01  2.247e+07
     46.02  1.737e+07
     50.02  2.006e+07
     54.02  1.478e+07
     58.02  1.166e+07
     62.02  1.079e+07
     66.02   9.69e+06
     70.02  9.297e+06
     74.03   8.03e+06
     78.03  7.183e+06
     82.03  6.859e+06
     86.03  6.518e+06
     90.03  6.225e+06
     94.03  5.542e+06
     98.03  5.439e+06
       102  6.042e+06
       106  5.027e+06
       110   5.87e+06
       114  5.448e+06
       118  4.463e+06
       122  4.973e+06
       126  3.529e+06
       130  3.134e+06
       134  2.195e+06
       138  1.985e+06
     142.1  2.122e+06
     146.1  1.888e+06
     150.1  1.476e+06
     154.1  1.367e+06
     158.1  1.082e+06
     162.1  1.239e+06
     166.1  1.186e+06
     170.1  1.285e+06
     174.1  1.252e+06
     178.1  1.271e+06
     182.1  1.174e+06
     186.1  1.015e+06
     190.1  8.206e+05
     194.1   9.43e+05
     198.1  9.228e+05
     202.1  8.995e+05
     206.1  8.551e+05
     210.1  8.033e+05
     214.1  9.219e+05
     218.1  9.386e+05
     222.1  8.822e+05
     226.1  7.879e+05
     230.1  8.727e+05
     234.1  7.774e+05
     238.1  1.065e+06
     242.1  8.718e+05
     246.1  6.198e+05
     250.1  5.987e+05
     254.1  4.713e+05
     258.1  2.906e+05
     262.1   2.49e+05
     266.1  2.643e+05
     270.1  1.971e+05
     274.1  1.936e+05
     278.1   2.29e+05
     282.1  2.176e+05
     286.1  1.399e+05
     290.1   1.18e+05
     294.1   1.36e+05
     298.1  1.042e+05
     302.1  7.448e+04
     306.1  6.669e+04
     310.1  6.063e+04
     314.1  7.388e+04
     318.1  1.071e+05
     322.1  6.313e+04
     326.1  5.126e+04
     330.1  5.051e+04
     334.1  2.748e+04
     338.1  5.729e+04
     342.1  3.264e+04
     346.1       9011
     350.1       4176
