     2.001  3.864e+10
     6.002  1.116e+11
        10   1.67e+11
        14  2.202e+11
     18.01  2.751e+11
     22.01  3.348e+11
     26.01  3.796e+11
     30.01  4.183e+11
     34.01   4.52e+11
     38.01  4.812e+11
     42.01  5.049e+11
     46.02   5.25e+11
     50.02  5.502e+11
     54.02  5.703e+11
     58.02  5.873e+11
     62.02  6.041e+11
     66.02  6.202e+11
     70.02  6.366e+11
     74.03  6.515e+11
     78.03  6.656e+11
     82.03  6.798e+11
     86.03  6.939e+11
     90.03   7.08e+11
     94.03  7.211e+11
     98.03  7.345e+11
       102    7.5e+11
       106  7.634e+11
       110  7.796e+11
       114  7.952e+11
       118  8.085e+11
       122  8.237e+11
       126  8.349e+11
       130  8.452e+11
       134  8.526e+11
       138  8.595e+11
     142.1   8.67e+11
     146.1   8.74e+11
     150.1  8.795e+11
     154.1  8.848e+11
     158.1  8.891e+11
     162.1  8.942e+11
     166.1  8.991e+11
     170.1  9.046e+11
     174.1  9.101e+11
     178.1  9.158e+11
     182.1  9.212e+11
     186.1  9.259e+11
     190.1  9.298e+11
     194.1  9.344e+11
     198.1   9.39e+11
     202.1  9.436e+11
     206.1   9.48e+11
     210.1  9.523e+11
     214.1  9.572e+11
     218.1  9.624e+11
     222.1  9.673e+11
     226.1  9.718e+11
     230.1  9.768e+11
     234.1  9.814e+11
     238.1  9.878e+11
     242.1  9.931e+11
     246.1  9.969e+11
     250.1  1.001e+12
     254.1  1.004e+12
     258.1  1.006e+12
     262.1  1.007e+12
     266.1  1.009e+12
     270.1   1.01e+12
     274.1  1.012e+12
     278.1  1.013e+12
     282.1  1.015e+12
     286.1  1.016e+12
     290.1  1.017e+12
     294.1  1.018e+12
     298.1  1.018e+12
     302.1  1.019e+12
     306.1   1.02e+12
     310.1   1.02e+12
     314.1  1.021e+12
     318.1  1.021e+12
     322.1  1.022e+12
     326.1  1.022e+12
     330.1  1.023e+12
     334.1  1.023e+12
     338.1  1.024e+12
     342.1  1.024e+12
     346.1  1.024e+12
     350.1  1.024e+12
