     2.001  4.807e-16
     6.002  2.447e-17
        10    1.9e-17
        14  1.844e-17
     18.01  1.865e-17
     22.01  1.321e-17
     26.01   8.46e-18
     30.01  5.285e-18
     34.01  4.053e-18
     38.01  2.899e-18
     42.01   3.13e-18
     46.02  2.397e-18
     50.02  1.744e-18
     54.02  1.449e-18
     58.02  1.354e-18
     62.02  1.301e-18
     66.02  9.126e-19
     70.02  8.762e-19
     74.03  7.382e-19
     78.03  6.849e-19
     82.03  8.358e-19
     86.03  5.858e-19
     90.03  6.073e-19
     94.03  5.644e-19
     98.03  5.267e-19
       102   4.84e-19
       106  5.008e-19
       110  4.776e-19
       114  4.175e-19
       118  3.643e-19
       122    3.4e-19
       126  3.045e-19
       130  2.635e-19
       134  2.278e-19
       138  2.539e-19
     142.1  2.661e-19
     146.1  2.092e-19
     150.1  1.574e-19
     154.1  1.306e-19
     158.1   1.18e-19
     162.1  1.528e-19
     166.1  1.469e-19
     170.1  1.578e-19
     174.1  1.466e-19
     178.1   1.33e-19
     182.1  1.123e-19
     186.1  1.116e-19
     190.1  8.845e-20
     194.1  9.291e-20
     198.1  8.366e-20
     202.1  1.046e-19
     206.1  8.405e-20
     210.1   7.25e-20
     214.1  1.013e-19
     218.1  9.372e-20
     222.1  7.692e-20
     226.1  8.066e-20
     230.1  8.297e-20
     234.1  8.181e-20
     238.1  8.585e-20
     242.1  7.296e-20
     246.1  6.487e-20
     250.1  5.659e-20
     254.1  4.426e-20
     258.1  4.243e-20
     262.1  4.586e-20
     266.1  4.251e-20
     270.1  4.136e-20
     274.1  5.915e-20
     278.1  6.569e-20
     282.1    4.9e-20
     286.1  4.192e-20
     290.1  5.412e-20
     294.1  4.074e-20
     298.1  3.896e-20
     302.1   2.92e-20
     306.1  3.286e-20
     310.1  4.154e-20
     314.1  5.137e-20
     318.1  4.836e-20
     322.1  4.733e-20
     326.1  4.859e-20
     330.1  3.437e-20
     334.1  6.177e-20
     338.1  5.615e-20
     342.1  5.936e-20
     346.1  1.638e-20
     350.1      1e-23
