     2.001      16.31
     6.002      19.54
        10      19.82
        14      19.85
     18.01      19.84
     22.01      20.21
     26.01       20.7
     30.01      21.21
     34.01       21.5
     38.01      21.86
     42.01      21.78
     46.02      22.07
     50.02      22.41
     54.02      22.61
     58.02      22.69
     62.02      22.73
     66.02      23.12
     70.02      23.16
     74.03      23.35
     78.03      23.43
     82.03      23.21
     86.03       23.6
     90.03      23.56
     94.03      23.64
     98.03      23.71
       102       23.8
       106      23.77
       110      23.82
       114      23.96
       118      24.11
       122      24.19
       126      24.31
       130      24.46
       134      24.62
       138       24.5
     142.1      24.45
     146.1      24.71
     150.1      25.02
     154.1      25.23
     158.1      25.34
     162.1      25.06
     166.1       25.1
     170.1      25.02
     174.1       25.1
     178.1      25.21
     182.1      25.39
     186.1       25.4
     190.1      25.65
     194.1       25.6
     198.1      25.71
     202.1      25.47
     206.1       25.7
     210.1      25.87
     214.1       25.5
     218.1      25.59
     222.1       25.8
     226.1      25.75
     230.1      25.72
     234.1      25.73
     238.1      25.68
     242.1      25.86
     246.1      25.99
     250.1      26.13
     254.1       26.4
     258.1      26.45
     262.1      26.36
     266.1      26.44
     270.1      26.47
     274.1      26.09
     278.1      25.97
     282.1      26.29
     286.1      26.46
     290.1      26.18
     294.1      26.49
     298.1      26.54
     302.1      26.85
     306.1      26.72
     310.1      26.47
     314.1      26.24
     318.1       26.3
     322.1      26.33
     326.1       26.3
     330.1      26.68
     334.1      26.04
     338.1      26.14
     342.1      26.08
     346.1      27.48
     350.1      35.52
