     2.008       18.3
     6.025      20.09
     10.04      20.36
     14.06      20.85
     18.07      21.32
     22.09      21.88
     26.11      22.35
     30.12      22.49
     34.14      22.64
     38.16      23.26
     42.17      23.57
     46.19      24.06
     50.21      24.17
     54.22      24.14
     58.24      24.38
     62.26      24.63
     66.27      24.69
     70.29      24.71
      74.3      24.98
     78.32      24.99
     82.34       24.7
     86.35      24.47
     90.37      24.56
     94.39      25.39
      98.4      25.85
     102.4       25.7
     106.4      25.86
     110.5      25.64
     114.5      26.13
     118.5      26.54
     122.5      26.04
     126.5      26.99
     130.5      27.32
     134.6      28.04
     138.6      29.12
     142.6      29.29
     146.6      27.67
     150.6       28.4
     154.6      28.71
     158.7       28.9
     162.7      28.61
     166.7      28.81
     170.7       27.5
     174.7      27.62
     178.7      29.31
     182.7       30.5
     186.8      29.15
     190.8       29.2
     194.8      28.84
     198.8       29.1
     202.8      29.12
     206.8      29.77
     210.9      30.19
     214.9      31.45
     218.9      35.52
     222.9      35.52
     226.9      35.52
     230.9      35.52
       235      35.52
       239      35.52
       243      35.52
       247      35.52
       251      35.52
       255      35.52
     259.1      35.52
     263.1      35.52
     267.1      35.52
     271.1      35.52
     275.1      35.52
     279.1      35.52
     283.2      35.52
     287.2      35.52
     291.2      35.52
     295.2      35.52
     299.2      35.52
     303.2      35.52
     307.3      35.52
     311.3      35.52
     315.3      35.52
     319.3      35.52
     323.3      35.52
