     6.025  1.379e+08
     10.04  4.013e+07
     14.06  3.145e+07
     18.07  2.471e+07
     22.09  1.912e+07
     26.11  1.388e+07
     30.12  9.641e+06
     34.14  8.358e+06
     38.16  5.705e+06
     42.17   3.53e+06
     46.19  3.146e+06
     50.21  2.473e+06
     54.22  2.386e+06
     58.24  1.651e+06
     62.26  1.373e+06
     66.27  1.231e+06
     70.29  1.353e+06
      74.3  1.073e+06
     78.32  1.073e+06
     82.34  1.039e+06
     86.35   1.19e+06
     90.37  1.031e+06
     94.39  9.149e+05
      98.4  4.853e+05
     102.4  5.833e+05
     106.4  5.084e+05
     110.5  4.392e+05
     114.5  5.556e+05
     118.5  3.665e+05
     122.5  3.288e+05
     126.5  1.816e+05
     130.5  1.811e+05
     134.6  1.018e+05
     138.6  4.852e+04
     142.6  2.583e+04
     146.6  3.414e+04
     150.6  3.458e+04
     154.6  2.752e+04
     158.7  4.395e+04
     162.7  1.969e+04
     166.7  3.212e+04
     170.7  3.004e+04
     174.7  4.061e+04
     178.7  1.666e+04
     182.7  1.018e+04
     186.8  1.516e+04
     190.8  3.103e+04
     194.8  2.558e+04
     198.8  2.552e+04
     202.8  4.695e+04
     206.8       8803
     210.9   1.13e+04
     214.9       6372
     218.9          0
     222.9          0
     226.9          0
     230.9          0
       235          0
       239          0
       243          0
       247          0
       251          0
       255          0
     259.1          0
     263.1          0
     267.1          0
     271.1          0
     275.1          0
     279.1          0
     283.2          0
     287.2          0
     291.2          0
     295.2          0
     299.2          0
     303.2          0
     307.3          0
     311.3          0
     315.3          0
     319.3          0
     323.3          0
