     2.008  7.694e-17
     6.025  1.475e-17
     10.04   1.15e-17
     14.06  7.353e-18
     18.07  4.775e-18
     22.09  2.849e-18
     26.11  1.841e-18
     30.12   1.62e-18
     34.14  1.411e-18
     38.16  8.017e-19
     42.17  6.031e-19
     46.19  3.814e-19
     50.21  3.445e-19
     54.22  3.557e-19
     58.24  2.853e-19
     62.26  2.252e-19
     66.27  2.143e-19
     70.29  2.096e-19
      74.3  1.638e-19
     78.32  1.623e-19
     82.34  2.129e-19
     86.35  2.615e-19
     90.37  2.414e-19
     94.39  1.123e-19
      98.4  7.372e-20
     102.4  8.467e-20
     106.4  7.285e-20
     110.5  8.908e-20
     114.5   5.68e-20
     118.5  3.894e-20
     122.5  6.177e-20
     126.5  2.581e-20
     130.5  1.897e-20
     134.6  9.817e-21
     138.6  3.621e-21
     142.6  3.093e-21
     146.6  1.378e-20
     150.6      7e-21
     154.6  5.273e-21
     158.7  4.431e-21
     162.7  5.813e-21
     166.7  4.827e-21
     170.7  1.614e-20
     174.7  1.435e-20
     178.7   3.04e-21
     182.7  1.019e-21
     186.8  3.529e-21
     190.8  3.355e-21
     194.8  4.672e-21
     198.8  3.672e-21
     202.8  3.603e-21
     206.8   1.98e-21
     210.9   1.35e-21
     214.9  4.237e-22
     218.9      1e-23
     222.9      1e-23
     226.9      1e-23
     230.9      1e-23
       235      1e-23
       239      1e-23
       243      1e-23
       247      1e-23
       251      1e-23
       255      1e-23
     259.1      1e-23
     263.1      1e-23
     267.1      1e-23
     271.1      1e-23
     275.1      1e-23
     279.1      1e-23
     283.2      1e-23
     287.2      1e-23
     291.2      1e-23
     295.2      1e-23
     299.2      1e-23
     303.2      1e-23
     307.3      1e-23
     311.3      1e-23
     315.3      1e-23
     319.3      1e-23
     323.3      1e-23
