     2.008  2.238e+10
     6.025  4.334e+10
     10.04  5.351e+10
     14.06  6.467e+10
     18.07  7.594e+10
     22.09   8.66e+10
     26.11  9.575e+10
     30.12  1.031e+11
     34.14  1.103e+11
     38.16  1.158e+11
     42.17  1.195e+11
     46.19  1.232e+11
     50.21  1.263e+11
     54.22  1.296e+11
     58.24   1.32e+11
     62.26  1.342e+11
     66.27  1.362e+11
     70.29  1.386e+11
      74.3  1.406e+11
     78.32  1.428e+11
     82.34  1.449e+11
     86.35  1.475e+11
     90.37  1.499e+11
     94.39   1.52e+11
      98.4  1.533e+11
     102.4  1.548e+11
     106.4  1.561e+11
     110.5  1.574e+11
     114.5   1.59e+11
     118.5  1.601e+11
     122.5  1.611e+11
     126.5  1.616e+11
     130.5  1.622e+11
     134.6  1.626e+11
     138.6  1.628e+11
     142.6  1.629e+11
     146.6   1.63e+11
     150.6  1.631e+11
     154.6  1.632e+11
     158.7  1.634e+11
     162.7  1.635e+11
     166.7  1.636e+11
     170.7  1.637e+11
     174.7  1.639e+11
     178.7   1.64e+11
     182.7   1.64e+11
     186.8  1.641e+11
     190.8  1.643e+11
     194.8  1.644e+11
     198.8  1.645e+11
     202.8  1.648e+11
     206.8  1.648e+11
     210.9  1.649e+11
     214.9  1.649e+11
     218.9  1.649e+11
     222.9  1.649e+11
     226.9  1.649e+11
     230.9  1.649e+11
       235  1.649e+11
       239  1.649e+11
       243  1.649e+11
       247  1.649e+11
       251  1.649e+11
       255  1.649e+11
     259.1  1.649e+11
     263.1  1.649e+11
     267.1  1.649e+11
     271.1  1.649e+11
     275.1  1.649e+11
     279.1  1.649e+11
     283.2  1.649e+11
     287.2  1.649e+11
     291.2  1.649e+11
     295.2  1.649e+11
     299.2  1.649e+11
     303.2  1.649e+11
     307.3  1.649e+11
     311.3  1.649e+11
     315.3  1.649e+11
     319.3  1.649e+11
     323.3  1.649e+11
