     2.001   2.79e+10
     6.002  9.992e+10
        10  2.002e+11
        14  3.102e+11
        18  4.298e+11
     22.01  5.628e+11
     26.01  7.019e+11
     30.01  8.393e+11
     34.01  9.752e+11
     38.01  1.108e+12
     42.01  1.235e+12
     46.01  1.354e+12
     50.01   1.47e+12
     54.01  1.586e+12
     58.02  1.696e+12
     62.02  1.805e+12
     66.02  1.912e+12
     70.02  2.017e+12
     74.02  2.124e+12
     78.02   2.23e+12
     82.02  2.332e+12
     86.02  2.437e+12
     90.02  2.543e+12
     94.03  2.649e+12
     98.03   2.75e+12
       102  2.844e+12
       106  2.945e+12
       110  3.041e+12
       114  3.137e+12
       118  3.232e+12
       122  3.324e+12
       126   3.41e+12
       130  3.494e+12
       134  3.574e+12
       138  3.655e+12
       142  3.733e+12
       146  3.809e+12
       150  3.887e+12
       154  3.964e+12
       158  4.035e+12
       162  4.105e+12
       166  4.173e+12
       170  4.239e+12
       174  4.303e+12
       178  4.364e+12
     182.1  4.424e+12
     186.1  4.482e+12
     190.1  4.541e+12
     194.1  4.599e+12
     198.1  4.652e+12
     202.1  4.704e+12
     206.1  4.758e+12
     210.1  4.814e+12
     214.1  4.867e+12
     218.1  4.921e+12
     222.1  4.973e+12
     226.1  5.026e+12
     230.1  5.074e+12
     234.1   5.12e+12
     238.1  5.165e+12
     242.1  5.211e+12
     246.1  5.256e+12
     250.1  5.299e+12
     254.1  5.332e+12
     258.1  5.361e+12
     262.1  5.386e+12
     266.1  5.409e+12
     270.1  5.432e+12
     274.1  5.451e+12
     278.1  5.467e+12
     282.1  5.484e+12
     286.1    5.5e+12
     290.1  5.513e+12
     294.1  5.522e+12
     298.1  5.532e+12
     302.1  5.539e+12
     306.1  5.546e+12
     310.1  5.552e+12
     314.1  5.558e+12
     318.1  5.562e+12
     322.1  5.566e+12
     326.1   5.57e+12
     330.1  5.573e+12
     334.1  5.575e+12
     338.1  5.577e+12
     342.1  5.579e+12
     346.1   5.58e+12
     350.1   5.58e+12
