     6.009  1.332e+08
     10.01   9.48e+07
     14.02  3.838e+07
     18.03  1.954e+07
     22.03  9.219e+06
     26.04  5.442e+06
     30.04  2.674e+06
     34.05  7.832e+05
     38.06  7.738e+05
     42.06  8.057e+05
     46.07  7.777e+05
     50.07  3.373e+05
     54.08  3.118e+05
     58.08   2.36e+05
     62.09  4.796e+05
      66.1  5.666e+05
      70.1  4.572e+05
     74.11  3.478e+05
     78.11  2.784e+05
     82.12  1.893e+05
     86.12  4.094e+05
     90.13   6.91e+04
     94.14  1.066e+05
     98.14  2.118e+05
     102.1  1.596e+05
     106.2  2.533e+05
     110.2  1.429e+05
     114.2  8.446e+04
     118.2   6.34e+04
     122.2  7.761e+04
     126.2  9.854e+04
     130.2   1.09e+05
     134.2  9.054e+04
     138.2  3.406e+04
     142.2  5.376e+04
     146.2  5.366e+04
     150.2  2.057e+04
     154.2  3.039e+04
     158.2  3.848e+04
     162.2          0
     166.2  3.025e+04
     170.2  5.804e+04
     174.3  5.302e+04
     178.3  6.182e+04
     182.3  6.418e+04
     186.3  5.958e+04
     190.3       9023
     194.3          0
     198.3          0
     202.3       7258
     206.3          0
     210.3          0
     214.3          0
     218.3          0
     222.3          0
     226.3          0
     230.3          0
     234.3          0
     238.3          0
     242.4          0
     246.4          0
     250.4          0
     254.4          0
     258.4          0
     262.4          0
     266.4          0
     270.4          0
     274.4          0
