     2.003  2.421e+10
     6.009  4.435e+10
     10.01  6.825e+10
     14.02  8.179e+10
     18.03  9.066e+10
     22.03  9.577e+10
     26.04  9.934e+10
     30.04  1.014e+11
     34.05   1.02e+11
     38.06  1.028e+11
     42.06  1.036e+11
     46.07  1.045e+11
     50.07   1.05e+11
     54.08  1.054e+11
     58.08  1.057e+11
     62.09  1.065e+11
      66.1  1.074e+11
      70.1  1.082e+11
     74.11  1.089e+11
     78.11  1.094e+11
     82.12  1.098e+11
     86.12  1.107e+11
     90.13  1.109e+11
     94.14  1.111e+11
     98.14  1.116e+11
     102.1   1.12e+11
     106.2  1.127e+11
     110.2  1.131e+11
     114.2  1.134e+11
     118.2  1.135e+11
     122.2  1.138e+11
     126.2  1.141e+11
     130.2  1.145e+11
     134.2  1.148e+11
     138.2  1.149e+11
     142.2  1.151e+11
     146.2  1.153e+11
     150.2  1.153e+11
     154.2  1.155e+11
     158.2  1.156e+11
     162.2  1.156e+11
     166.2  1.157e+11
     170.2   1.16e+11
     174.3  1.162e+11
     178.3  1.165e+11
     182.3  1.168e+11
     186.3  1.171e+11
     190.3  1.171e+11
     194.3  1.171e+11
     198.3  1.171e+11
     202.3  1.172e+11
     206.3  1.172e+11
     210.3  1.172e+11
     214.3  1.172e+11
     218.3  1.172e+11
     222.3  1.172e+11
     226.3  1.172e+11
     230.3  1.172e+11
     234.3  1.172e+11
     238.3  1.172e+11
     242.4  1.172e+11
     246.4  1.172e+11
     250.4  1.172e+11
     254.4  1.172e+11
     258.4  1.172e+11
     262.4  1.172e+11
     266.4  1.172e+11
     270.4  1.172e+11
     274.4  1.172e+11
