     2.003  2.562e-16
     6.009  1.755e-17
     10.01   1.12e-17
     14.02  3.749e-18
     18.03  2.066e-18
     22.03  7.511e-19
     26.04  4.715e-19
     30.04  1.296e-19
     34.05  1.082e-19
     38.06  6.623e-20
     42.06  1.013e-19
     46.07  6.254e-20
     50.07  3.107e-20
     54.08  1.698e-20
     58.08  4.528e-20
     62.09  9.156e-20
      66.1  5.458e-20
      70.1  5.709e-20
     74.11  5.667e-20
     78.11  2.734e-20
     82.12  4.043e-20
     86.12  1.801e-20
     90.13  8.073e-21
     94.14   2.12e-20
     98.14  2.249e-20
     102.1  3.457e-20
     106.2  1.925e-20
     110.2  1.843e-20
     114.2  9.845e-21
     118.2  1.133e-20
     122.2    7.5e-21
     126.2  1.552e-20
     130.2  9.923e-21
     134.2  5.173e-21
     138.2  3.069e-21
     142.2  5.971e-21
     146.2  4.967e-21
     150.2   3.67e-21
     154.2  3.169e-21
     158.2  1.692e-21
     162.2  3.505e-21
     166.2  4.278e-21
     170.2  4.933e-21
     174.3  5.364e-21
     178.3  9.256e-21
     182.3  8.549e-21
     186.3  2.466e-21
     190.3  1.359e-21
     194.3  9.996e-24
     198.3  6.498e-22
     202.3      1e-23
     206.3      1e-23
     210.3      1e-23
     214.3      1e-23
     218.3      1e-23
     222.3      1e-23
     226.3      1e-23
     230.3      1e-23
     234.3      1e-23
     238.3      1e-23
     242.4      1e-23
     246.4      1e-23
     250.4      1e-23
     254.4      1e-23
     258.4      1e-23
     262.4      1e-23
     266.4      1e-23
     270.4      1e-23
     274.4      1e-23
