     2.003      16.99
     6.009      19.91
     10.01      20.39
     14.02      21.58
     18.03      22.23
     22.03      23.33
     26.04      23.83
     30.04      25.23
     34.05      25.43
     38.06      25.96
     42.06       25.5
     46.07      26.03
     50.07      26.79
     54.08      27.44
     58.08      26.38
     62.09      25.61
      66.1      26.17
      70.1      26.12
     74.11      26.13
     78.11      26.92
     82.12       26.5
     86.12      27.38
     90.13      28.25
     94.14       27.2
     98.14      27.14
     102.1      26.67
     106.2      27.31
     110.2      27.35
     114.2      28.03
     118.2      27.88
     122.2      28.33
     126.2      27.54
     130.2      28.02
     134.2      28.73
     138.2       29.3
     142.2      28.58
     146.2      28.78
     150.2       29.1
     154.2      29.26
     158.2      29.94
     162.2      29.15
     166.2      28.94
     170.2      28.78
     174.3      28.69
     178.3       28.1
     182.3      28.19
     186.3      29.54
     190.3      30.18
     194.3      35.52
     198.3      30.98
     202.3      35.52
     206.3      35.52
     210.3      35.52
     214.3      35.52
     218.3      35.52
     222.3      35.52
     226.3      35.52
     230.3      35.52
     234.3      35.52
     238.3      35.52
     242.4      35.52
     246.4      35.52
     250.4      35.52
     254.4      35.52
     258.4      35.52
     262.4      35.52
     266.4      35.52
     270.4      35.52
     274.4      35.52
