     6.007  2.989e+08
     10.01  1.261e+08
     14.02  2.628e+07
     18.02  1.526e+07
     22.02  1.014e+07
     26.03  7.602e+06
     30.03  5.765e+06
     34.04  4.426e+06
     38.04  3.793e+06
     42.05  3.529e+06
     46.05  2.519e+06
     50.06  3.879e+06
     54.06  1.531e+06
     58.07  8.728e+05
     62.07  1.035e+06
     66.07  6.777e+05
     70.08  6.119e+05
     74.08  4.108e+05
     78.09  4.946e+05
     82.09  1.797e+05
      86.1  1.419e+05
      90.1  1.521e+05
     94.11   9.76e+04
     98.11   1.15e+05
     102.1  1.429e+05
     106.1  8.994e+04
     110.1  3.221e+04
     114.1  1.196e+05
     118.1  1.794e+05
     122.1   1.72e+05
     126.1  1.592e+05
     130.1  1.019e+05
     134.2  8.953e+04
     138.2  5.927e+04
     142.2  3.183e+04
     146.2          0
     150.2  4.403e+04
     154.2  3.072e+04
     158.2  6.721e+04
     162.2  5.942e+04
     166.2  1.068e+04
     170.2       9586
     174.2  1.755e+04
     178.2  1.951e+04
     182.2   1.81e+04
     186.2       8577
     190.2       8267
     194.2          0
     198.2          0
     202.2          0
     206.2          0
     210.2          0
     214.2          0
     218.2          0
     222.3       6527
     226.3          0
     230.3          0
     234.3          0
     238.3          0
     242.3          0
     246.3          0
     250.3          0
     254.3          0
     258.3          0
     262.3          0
     266.3          0
     270.3          0
     274.3          0
     278.3          0
     282.3          0
     286.3          0
     290.3          0
     294.3          0
     298.3          0
     302.3          0
     306.3          0
