     2.002  2.605e+10
     6.007  7.122e+10
     10.01   1.03e+11
     14.02  1.123e+11
     18.02  1.192e+11
     22.02  1.248e+11
     26.03  1.298e+11
     30.03  1.341e+11
     34.04  1.379e+11
     38.04  1.415e+11
     42.05  1.453e+11
     46.05  1.482e+11
     50.06  1.531e+11
     54.06  1.552e+11
     58.07  1.564e+11
     62.07  1.581e+11
     66.07  1.592e+11
     70.08  1.603e+11
     74.08   1.61e+11
     78.09   1.62e+11
     82.09  1.624e+11
      86.1  1.627e+11
      90.1   1.63e+11
     94.11  1.633e+11
     98.11  1.635e+11
     102.1  1.639e+11
     106.1  1.641e+11
     110.1  1.642e+11
     114.1  1.646e+11
     118.1  1.651e+11
     122.1  1.656e+11
     126.1  1.661e+11
     130.1  1.665e+11
     134.2  1.668e+11
     138.2   1.67e+11
     142.2  1.671e+11
     146.2  1.671e+11
     150.2  1.673e+11
     154.2  1.674e+11
     158.2  1.677e+11
     162.2  1.679e+11
     166.2  1.679e+11
     170.2   1.68e+11
     174.2  1.681e+11
     178.2  1.681e+11
     182.2  1.682e+11
     186.2  1.683e+11
     190.2  1.683e+11
     194.2  1.683e+11
     198.2  1.683e+11
     202.2  1.683e+11
     206.2  1.683e+11
     210.2  1.683e+11
     214.2  1.683e+11
     218.2  1.683e+11
     222.3  1.683e+11
     226.3  1.683e+11
     230.3  1.683e+11
     234.3  1.683e+11
     238.3  1.683e+11
     242.3  1.683e+11
     246.3  1.683e+11
     250.3  1.683e+11
     254.3  1.683e+11
     258.3  1.683e+11
     262.3  1.683e+11
     266.3  1.683e+11
     270.3  1.683e+11
     274.3  1.683e+11
     278.3  1.683e+11
     282.3  1.683e+11
     286.3  1.683e+11
     290.3  1.683e+11
     294.3  1.683e+11
     298.3  1.683e+11
     302.3  1.683e+11
     306.3  1.683e+11
