     2.002  3.589e-16
     6.007  5.653e-17
     10.01   1.27e-17
     14.02  4.481e-18
     18.02  2.579e-18
     22.02  2.068e-18
     26.03  2.211e-18
     30.03  8.943e-19
     34.04  7.242e-19
     38.04  5.205e-19
     42.05  3.186e-19
     46.05  4.893e-19
     50.06  4.157e-19
     54.06  1.495e-19
     58.07    1.5e-19
     62.07  1.282e-19
     66.07  1.019e-19
     70.08  7.593e-20
     74.08  7.521e-20
     78.09  4.996e-20
     82.09  2.318e-20
      86.1  1.106e-20
      90.1  1.558e-20
     94.11  1.489e-20
     98.11   1.53e-20
     102.1  1.784e-20
     106.1   8.62e-21
     110.1  1.029e-20
     114.1  1.852e-20
     118.1  3.108e-20
     122.1  2.443e-20
     126.1  1.694e-20
     130.1  1.576e-20
     134.2  1.776e-20
     138.2  9.487e-21
     142.2  8.404e-22
     146.2  3.141e-21
     150.2  6.216e-21
     154.2  1.088e-20
     158.2  7.774e-21
     162.2  7.738e-21
     166.2  1.221e-21
     170.2  1.573e-21
     174.2  3.675e-21
     178.2  4.104e-21
     182.2  3.918e-21
     186.2  1.354e-22
     190.2  1.233e-21
     194.2      1e-23
     198.2      1e-23
     202.2      1e-23
     206.2      1e-23
     210.2      1e-23
     214.2      1e-23
     218.2  5.447e-22
     222.3      1e-23
     226.3      1e-23
     230.3      1e-23
     234.3      1e-23
     238.3      1e-23
     242.3      1e-23
     246.3      1e-23
     250.3      1e-23
     254.3      1e-23
     258.3      1e-23
     262.3      1e-23
     266.3      1e-23
     270.3      1e-23
     274.3      1e-23
     278.3      1e-23
     282.3      1e-23
     286.3      1e-23
     290.3      1e-23
     294.3      1e-23
     298.3      1e-23
     302.3      1e-23
     306.3      1e-23
