     2.002      16.63
     6.007      18.64
     10.01      20.26
     14.02      21.39
     18.02      21.99
     22.02      22.23
     26.03      22.15
     30.03      23.14
     34.04      23.37
     38.04      23.72
     42.05      24.26
     46.05      23.79
     50.06      23.97
     54.06      25.08
     58.07      25.08
     62.07      25.25
     66.07       25.5
     70.08      25.82
     74.08      25.83
     78.09      26.27
     82.09       27.1
      86.1      27.91
      90.1      27.53
     94.11      27.58
     98.11      27.55
     102.1      27.39
     106.1      28.18
     110.1      27.99
     114.1      27.35
     118.1      26.78
     122.1      27.05
     126.1      27.44
     130.1      27.52
     134.2      27.39
     138.2      28.07
     142.2       30.7
     146.2      29.27
     150.2      28.53
     154.2      27.92
     158.2      28.29
     162.2      28.29
     166.2       30.3
     170.2      30.02
     174.2       29.1
     178.2      28.98
     182.2      29.03
     186.2      32.69
     190.2      30.29
     194.2      35.52
     198.2      35.52
     202.2      35.52
     206.2      35.52
     210.2      35.52
     214.2      35.52
     218.2      31.18
     222.3      35.52
     226.3      35.52
     230.3      35.52
     234.3      35.52
     238.3      35.52
     242.3      35.52
     246.3      35.52
     250.3      35.52
     254.3      35.52
     258.3      35.52
     262.3      35.52
     266.3      35.52
     270.3      35.52
     274.3      35.52
     278.3      35.52
     282.3      35.52
     286.3      35.52
     290.3      35.52
     294.3      35.52
     298.3      35.52
     302.3      35.52
     306.3      35.52
