     2.001  1.056e+10
     6.002  5.887e+10
        10  1.049e+11
        14  1.482e+11
        18  1.909e+11
     22.01  2.376e+11
     26.01  2.817e+11
     30.01   3.28e+11
     34.01  3.744e+11
     38.01   4.16e+11
     42.01  4.537e+11
     46.01  4.906e+11
     50.01  5.237e+11
     54.01  5.559e+11
     58.02  5.867e+11
     62.02  6.146e+11
     66.02  6.427e+11
     70.02  6.664e+11
     74.02  6.881e+11
     78.02  7.071e+11
     82.02  7.255e+11
     86.02  7.463e+11
     90.02  7.669e+11
     94.03   7.87e+11
     98.03  8.052e+11
       102  8.217e+11
       106  8.374e+11
       110  8.541e+11
       114  8.686e+11
       118   8.83e+11
       122  8.956e+11
       126  9.081e+11
       130  9.203e+11
       134  9.322e+11
       138  9.433e+11
       142  9.535e+11
       146  9.644e+11
       150  9.745e+11
       154  9.845e+11
       158  9.943e+11
       162  1.005e+12
       166  1.016e+12
       170  1.026e+12
       174  1.034e+12
       178  1.043e+12
     182.1  1.051e+12
     186.1  1.059e+12
     190.1  1.067e+12
     194.1  1.075e+12
     198.1  1.083e+12
     202.1  1.091e+12
     206.1  1.098e+12
     210.1  1.103e+12
     214.1  1.109e+12
     218.1  1.115e+12
     222.1   1.12e+12
     226.1  1.124e+12
     230.1  1.129e+12
     234.1  1.132e+12
     238.1  1.136e+12
     242.1  1.141e+12
     246.1  1.144e+12
     250.1  1.148e+12
     254.1  1.152e+12
     258.1  1.156e+12
     262.1  1.158e+12
     266.1  1.159e+12
     270.1  1.161e+12
     274.1  1.161e+12
     278.1  1.162e+12
     282.1  1.163e+12
     286.1  1.164e+12
     290.1  1.164e+12
     294.1  1.166e+12
     298.1  1.168e+12
     302.1  1.169e+12
     306.1  1.169e+12
     310.1   1.17e+12
     314.1   1.17e+12
     318.1   1.17e+12
     322.1   1.17e+12
     326.1  1.171e+12
     330.1  1.171e+12
     334.1  1.172e+12
     338.1  1.172e+12
     342.1  1.173e+12
     346.1  1.173e+12
     350.1  1.173e+12
