     2.001      18.81
     6.002      21.61
        10      22.14
        14      22.38
        18      22.49
     22.01      22.76
     26.01      22.96
     30.01      23.14
     34.01      23.36
     38.01      23.61
     42.01      23.76
     46.01      23.98
     50.01      24.09
     54.01       24.2
     58.02      24.39
     62.02       24.5
     66.02      24.67
     70.02      24.89
     74.02      24.96
     78.02      25.11
     82.02      25.21
     86.02      25.24
     90.02      25.37
     94.03      25.32
     98.03      25.54
       102      25.51
       106      25.65
       110      25.73
       114      25.79
       118      25.92
       122      26.08
       126      26.05
       130      26.11
       134      26.09
       138      26.31
       142       26.4
       146       26.4
       150      26.56
       154      26.25
       158      26.29
       162      25.93
       166      25.53
       170      25.15
       174      25.77
       178      26.36
     182.1      26.25
     186.1      26.72
     190.1      26.45
     194.1      26.57
     198.1      26.41
     202.1      26.36
     206.1      26.69
     210.1      26.92
     214.1      27.37
     218.1      27.29
     222.1      27.16
     226.1       27.5
     230.1       27.8
     234.1      27.59
     238.1      27.48
     242.1      27.66
     246.1      27.63
     250.1      27.62
     254.1      27.53
     258.1      27.55
     262.1      27.41
     266.1      27.94
     270.1      27.85
     274.1      28.04
     278.1      27.65
     282.1      27.71
     286.1      27.24
     290.1      27.76
     294.1      27.32
     298.1      26.96
     302.1       27.6
     306.1       27.3
     310.1      27.34
     314.1      28.07
     318.1      27.68
     322.1      28.18
     326.1      28.09
     330.1      27.48
     334.1      26.25
     338.1      27.41
     342.1      26.88
     346.1       25.6
     350.1      27.42
