     6.002  8.341e+07
        10  6.346e+07
     14.01  5.841e+07
     18.01   4.94e+07
     22.01  4.872e+07
     26.01  5.284e+07
     30.01  4.888e+07
     34.01  4.219e+07
     38.02  3.696e+07
     42.02  2.962e+07
     46.02  2.452e+07
     50.02  2.045e+07
     54.02  1.844e+07
     58.02  1.895e+07
     62.02  1.547e+07
     66.03  1.744e+07
     70.03  1.703e+07
     74.03  1.528e+07
     78.03  1.411e+07
     82.03  1.477e+07
     86.03  1.459e+07
     90.04  1.211e+07
     94.04  1.165e+07
     98.04  1.093e+07
       102  1.153e+07
       106  1.785e+07
       110   1.91e+07
       114  1.046e+07
       118  8.509e+06
       122   6.97e+06
       126  6.068e+06
     130.1  6.526e+06
     134.1  5.958e+06
     138.1  5.801e+06
     142.1  6.173e+06
     146.1  5.024e+06
     150.1  5.396e+06
     154.1  5.295e+06
     158.1  5.965e+06
     162.1  5.262e+06
     166.1   5.41e+06
     170.1  6.523e+06
     174.1  5.806e+06
     178.1  5.993e+06
     182.1  5.702e+06
     186.1  5.419e+06
     190.1  5.158e+06
     194.1  4.551e+06
     198.1  4.245e+06
     202.1    4.1e+06
     206.1   4.08e+06
     210.1  4.447e+06
     214.1  4.857e+06
     218.1   4.56e+06
     222.1  4.188e+06
     226.1   4.61e+06
     230.1  4.173e+06
     234.1  3.394e+06
     238.1  3.741e+06
     242.1  4.126e+06
     246.1  4.195e+06
     250.1  3.334e+06
     254.1  3.153e+06
     258.1  2.961e+06
     262.1  2.677e+06
     266.1    2.2e+06
     270.1  1.962e+06
     274.1    1.8e+06
     278.1  1.592e+06
     282.1  1.748e+06
     286.1  1.736e+06
     290.1  2.275e+06
     294.1  1.363e+06
     298.1  1.206e+06
     302.1  1.095e+06
     306.1  8.725e+05
     310.1  8.178e+05
     314.1  7.343e+05
     318.1  8.459e+05
     322.1  8.893e+05
     326.1  7.311e+05
     330.1  3.746e+05
     334.1  2.865e+05
     338.1  2.076e+05
     342.1  1.652e+05
     346.1  1.259e+05
     350.1  4.587e+04
