     2.001  3.361e+09
     6.002  1.595e+10
        10  3.191e+10
     14.01  5.248e+10
     18.01  7.485e+10
     22.01  1.018e+11
     26.01  1.364e+11
     30.01  1.733e+11
     34.01  2.093e+11
     38.02  2.447e+11
     42.02  2.759e+11
     46.02  3.043e+11
     50.02    3.3e+11
     54.02  3.551e+11
     58.02  3.827e+11
     62.02  4.068e+11
     66.03  4.358e+11
     70.03  4.658e+11
     74.03  4.942e+11
     78.03  5.219e+11
     82.03  5.524e+11
     86.03  5.839e+11
     90.04  6.113e+11
     94.04  6.389e+11
     98.04  6.658e+11
       102  6.954e+11
       106   7.43e+11
       110  7.958e+11
       114  8.258e+11
       118  8.511e+11
       122  8.725e+11
       126  8.917e+11
     130.1   9.13e+11
     134.1  9.331e+11
     138.1  9.533e+11
     142.1  9.753e+11
     146.1  9.938e+11
     150.1  1.014e+12
     154.1  1.035e+12
     158.1  1.058e+12
     162.1   1.08e+12
     166.1  1.102e+12
     170.1   1.13e+12
     174.1  1.156e+12
     178.1  1.182e+12
     182.1  1.209e+12
     186.1  1.234e+12
     190.1  1.259e+12
     194.1  1.281e+12
     198.1  1.302e+12
     202.1  1.323e+12
     206.1  1.344e+12
     210.1  1.367e+12
     214.1  1.394e+12
     218.1  1.419e+12
     222.1  1.442e+12
     226.1  1.468e+12
     230.1  1.492e+12
     234.1  1.512e+12
     238.1  1.535e+12
     242.1   1.56e+12
     246.1  1.586e+12
     250.1  1.607e+12
     254.1  1.627e+12
     258.1  1.646e+12
     262.1  1.664e+12
     266.1  1.678e+12
     270.1  1.692e+12
     274.1  1.704e+12
     278.1  1.715e+12
     282.1  1.728e+12
     286.1   1.74e+12
     290.1  1.757e+12
     294.1  1.767e+12
     298.1  1.776e+12
     302.1  1.784e+12
     306.1  1.791e+12
     310.1  1.797e+12
     314.1  1.803e+12
     318.1   1.81e+12
     322.1  1.817e+12
     326.1  1.823e+12
     330.1  1.826e+12
     334.1  1.829e+12
     338.1   1.83e+12
     342.1  1.832e+12
     346.1  1.833e+12
     350.1  1.833e+12
