     2.001  5.234e-18
     6.002  3.163e-18
        10  2.338e-18
     14.01  2.147e-18
     18.01   1.93e-18
     22.01  1.931e-18
     26.01   2.06e-18
     30.01  1.705e-18
     34.01  1.416e-18
     38.02  1.272e-18
     42.02  9.936e-19
     46.02  9.502e-19
     50.02  7.939e-19
     54.02  7.889e-19
     58.02  8.017e-19
     62.02  8.285e-19
     66.03  1.116e-18
     70.03  1.604e-18
     74.03   1.08e-18
     78.03   8.19e-19
     82.03  1.172e-18
     86.03   1.13e-18
     90.04  8.278e-19
     94.04  7.778e-19
     98.04  6.674e-19
       102  7.237e-19
       106  8.461e-19
       110  8.357e-19
       114  1.032e-18
       118  8.464e-19
       122  4.381e-19
       126  3.714e-19
     130.1  3.725e-19
     134.1  3.493e-19
     138.1  4.315e-19
     142.1  4.473e-19
     146.1  4.121e-19
     150.1  3.912e-19
     154.1  3.783e-19
     158.1  4.637e-19
     162.1  5.174e-19
     166.1  3.964e-19
     170.1  4.791e-19
     174.1  4.568e-19
     178.1  4.625e-19
     182.1  4.616e-19
     186.1   4.38e-19
     190.1  3.987e-19
     194.1  4.338e-19
     198.1  3.765e-19
     202.1  3.147e-19
     206.1   4.98e-19
     210.1   3.59e-19
     214.1  2.835e-19
     218.1  3.274e-19
     222.1  3.778e-19
     226.1  3.919e-19
     230.1  3.183e-19
     234.1  2.852e-19
     238.1  2.494e-19
     242.1  2.641e-19
     246.1  2.662e-19
     250.1  2.287e-19
     254.1  2.001e-19
     258.1  1.943e-19
     262.1  2.042e-19
     266.1  2.175e-19
     270.1  2.317e-19
     274.1  2.077e-19
     278.1  3.175e-19
     282.1  4.805e-19
     286.1  3.082e-19
     290.1  3.256e-19
     294.1  3.383e-19
     298.1  2.882e-19
     302.1  2.039e-19
     306.1  2.755e-19
     310.1  2.447e-19
     314.1  2.815e-19
     318.1  2.924e-19
     322.1  3.212e-19
     326.1  1.953e-19
     330.1  1.885e-19
     334.1  1.641e-19
     338.1  1.271e-19
     342.1  1.303e-19
     346.1  1.195e-19
     350.1  9.217e-20
