     2.001      21.22
     6.002      21.77
        10      22.09
     14.01      22.19
     18.01       22.3
     22.01       22.3
     26.01      22.23
     30.01      22.44
     34.01      22.64
     38.02      22.76
     42.02      23.02
     46.02      23.07
     50.02      23.27
     54.02      23.27
     58.02      23.26
     62.02      23.22
     66.03       22.9
     70.03       22.5
     74.03      22.93
     78.03      23.23
     82.03      22.84
     86.03      22.88
     90.04      23.22
     94.04      23.29
     98.04      23.46
       102      23.37
       106       23.2
       110      23.21
       114      22.98
       118       23.2
       122      23.91
       126      24.09
     130.1      24.09
     134.1      24.16
     138.1      23.93
     142.1      23.89
     146.1      23.98
     150.1      24.04
     154.1      24.07
     158.1      23.85
     162.1      23.73
     166.1      24.02
     170.1      23.82
     174.1      23.87
     178.1      23.85
     182.1      23.86
     186.1      23.91
     190.1      24.01
     194.1      23.92
     198.1      24.08
     202.1      24.27
     206.1      23.77
     210.1      24.13
     214.1      24.38
     218.1      24.23
     222.1      24.07
     226.1      24.03
     230.1      24.26
     234.1      24.38
     238.1      24.52
     242.1      24.46
     246.1      24.45
     250.1      24.62
     254.1      24.76
     258.1      24.79
     262.1      24.74
     266.1      24.67
     270.1       24.6
     274.1      24.72
     278.1      24.26
     282.1      23.81
     286.1      24.29
     290.1      24.23
     294.1      24.19
     298.1      24.37
     302.1      24.74
     306.1      24.42
     310.1      24.54
     314.1      24.39
     318.1      24.35
     322.1      24.25
     326.1      24.79
     330.1      24.83
     334.1      24.98
     338.1      25.26
     342.1      25.23
     346.1      25.32
     350.1       25.6
