     6.003  4.108e+08
        10  1.585e+08
     14.01  9.825e+07
     18.01  5.525e+07
     22.01  3.562e+07
     26.01  2.456e+07
     30.01   1.62e+07
     34.01  1.368e+07
     38.02  1.181e+07
     42.02  9.068e+06
     46.02   8.48e+06
     50.02  7.889e+06
     54.02  6.039e+06
     58.03  4.573e+06
     62.03  3.343e+06
     66.03   2.98e+06
     70.03  2.109e+06
     74.03   2.25e+06
     78.03  2.224e+06
     82.04  1.948e+06
     86.04  2.007e+06
     90.04  1.338e+06
     94.04  1.388e+06
     98.04  1.197e+06
       102  1.048e+06
       106  9.484e+05
       110   9.58e+05
       114  9.624e+05
     118.1  1.287e+06
     122.1  1.016e+06
     126.1   8.01e+05
     130.1  6.166e+05
     134.1  8.455e+05
     138.1  5.281e+05
     142.1  2.909e+05
     146.1  3.216e+05
     150.1  3.121e+05
     154.1  1.826e+05
     158.1  2.149e+05
     162.1  2.114e+05
     166.1  1.459e+05
     170.1  1.027e+05
     174.1  8.747e+04
     178.1  1.366e+05
     182.1  2.269e+05
     186.1   7.65e+04
     190.1  6.544e+04
     194.1  5.816e+04
     198.1  2.263e+04
     202.1   6.16e+04
     206.1  3.248e+04
     210.1  2.343e+04
     214.1  5.184e+04
     218.1  3.494e+04
     222.1  2.225e+04
     226.1  1.396e+04
     230.1  5.929e+04
     234.1  1.301e+04
     238.1  3.172e+04
     242.1  3.857e+04
     246.1  5.166e+04
     250.1   3.77e+04
     254.1  3.593e+04
     258.1  2.454e+04
     262.1          0
     266.1  1.849e+04
     270.1  1.173e+04
     274.1       5410
     278.1          0
     282.1          0
     286.1          0
     290.1          0
     294.1          0
     298.1          0
     302.1       9965
     306.1          0
     310.1          0
     314.1          0
     318.1          0
     322.1          0
     326.1          0
     330.1          0
     334.1          0
     338.1          0
     342.1          0
     346.2          0
     350.2          0
