     2.001  4.119e+10
     6.003  1.032e+11
        10  1.431e+11
     14.01  1.777e+11
     18.01  2.027e+11
     22.01  2.224e+11
     26.01  2.385e+11
     30.01  2.507e+11
     34.01  2.624e+11
     38.02  2.737e+11
     42.02  2.832e+11
     46.02  2.931e+11
     50.02   3.03e+11
     54.02  3.112e+11
     58.03  3.179e+11
     62.03  3.231e+11
     66.03   3.28e+11
     70.03  3.317e+11
     74.03  3.359e+11
     78.03  3.403e+11
     82.04  3.443e+11
     86.04  3.486e+11
     90.04  3.517e+11
     94.04   3.55e+11
     98.04  3.579e+11
       102  3.606e+11
       106  3.631e+11
       110  3.658e+11
       114  3.685e+11
     118.1  3.723e+11
     122.1  3.755e+11
     126.1   3.78e+11
     130.1    3.8e+11
     134.1  3.829e+11
     138.1  3.847e+11
     142.1  3.857e+11
     146.1  3.869e+11
     150.1  3.881e+11
     154.1  3.888e+11
     158.1  3.897e+11
     162.1  3.905e+11
     166.1  3.911e+11
     170.1  3.916e+11
     174.1   3.92e+11
     178.1  3.926e+11
     182.1  3.936e+11
     186.1   3.94e+11
     190.1  3.943e+11
     194.1  3.946e+11
     198.1  3.947e+11
     202.1   3.95e+11
     206.1  3.952e+11
     210.1  3.953e+11
     214.1  3.956e+11
     218.1  3.958e+11
     222.1  3.959e+11
     226.1   3.96e+11
     230.1  3.963e+11
     234.1  3.964e+11
     238.1  3.966e+11
     242.1  3.968e+11
     246.1  3.971e+11
     250.1  3.974e+11
     254.1  3.976e+11
     258.1  3.977e+11
     262.1  3.977e+11
     266.1  3.979e+11
     270.1  3.979e+11
     274.1   3.98e+11
     278.1   3.98e+11
     282.1   3.98e+11
     286.1   3.98e+11
     290.1   3.98e+11
     294.1   3.98e+11
     298.1   3.98e+11
     302.1  3.981e+11
     306.1  3.981e+11
     310.1  3.981e+11
     314.1  3.981e+11
     318.1  3.981e+11
     322.1  3.981e+11
     326.1  3.981e+11
     330.1  3.981e+11
     334.1  3.981e+11
     338.1  3.981e+11
     342.1  3.981e+11
     346.2  3.981e+11
     350.2  3.981e+11
