     2.001  8.692e-17
     6.003  1.797e-17
        10   9.28e-18
     14.01  8.189e-18
     18.01  5.223e-18
     22.01  4.133e-18
     26.01   2.73e-18
     30.01  1.597e-18
     34.01  1.451e-18
     38.02  9.342e-19
     42.02  8.584e-19
     46.02  1.013e-18
     50.02  1.169e-18
     54.02  9.547e-19
     58.03  4.345e-19
     62.03  3.275e-19
     66.03  2.325e-19
     70.03  3.104e-19
     74.03  2.477e-19
     78.03   1.96e-19
     82.04  1.766e-19
     86.04  1.444e-19
     90.04  1.259e-19
     94.04  1.138e-19
     98.04  1.041e-19
       102  9.072e-20
       106  1.001e-19
       110   7.31e-20
       114  1.026e-19
     118.1  1.216e-19
     122.1  8.226e-20
     126.1  8.183e-20
     130.1  9.121e-20
     134.1  8.618e-20
     138.1   3.85e-20
     142.1  3.309e-20
     146.1  4.745e-20
     150.1  6.136e-20
     154.1  2.269e-20
     158.1  3.359e-20
     162.1  5.791e-20
     166.1   4.59e-20
     170.1  1.055e-20
     174.1  2.243e-20
     178.1  2.103e-20
     182.1  4.781e-20
     186.1  2.567e-20
     190.1  1.265e-20
     194.1   6.35e-21
     198.1   1.03e-20
     202.1  5.585e-21
     206.1  4.352e-21
     210.1  1.076e-20
     214.1  4.454e-21
     218.1  3.317e-21
     222.1  3.301e-21
     226.1   7.44e-21
     230.1  4.978e-21
     234.1  2.907e-21
     238.1  1.127e-20
     242.1  3.766e-21
     246.1  1.344e-20
     250.1  7.498e-21
     254.1  6.945e-21
     258.1  3.252e-21
     262.1  1.755e-21
     266.1   3.17e-21
     270.1  1.923e-21
     274.1  5.338e-23
     278.1      1e-23
     282.1      1e-23
     286.1      1e-23
     290.1      1e-23
     294.1  3.179e-23
     298.1  4.919e-21
     302.1  3.385e-22
     306.1      1e-23
     310.1      1e-23
     314.1      1e-23
     318.1      1e-23
     322.1      1e-23
     326.1      1e-23
     330.1      1e-23
     334.1      1e-23
     338.1      1e-23
     342.1      1e-23
     346.2      1e-23
     350.2      1e-23
