     2.001      18.17
     6.003      19.88
        10       20.6
     14.01      20.73
     18.01      21.22
     22.01      21.48
     26.01      21.93
     30.01      22.51
     34.01      22.61
     38.02      23.09
     42.02      23.18
     46.02         23
     50.02      22.85
     54.02      23.07
     58.03      23.92
     62.03      24.23
     66.03       24.6
     70.03      24.29
     74.03      24.53
     78.03      24.79
     82.04       24.9
     86.04      25.12
     90.04      25.27
     94.04      25.38
     98.04      25.47
       102      25.62
       106      25.51
       110      25.86
       114      25.49
     118.1       25.3
     122.1      25.73
     126.1      25.73
     130.1      25.62
     134.1      25.68
     138.1      26.55
     142.1      26.72
     146.1      26.33
     150.1      26.05
     154.1      27.13
     158.1       26.7
     162.1      26.11
     166.1      26.36
     170.1      27.96
     174.1      27.14
     178.1      27.21
     182.1      26.32
     186.1      26.99
     190.1      27.76
     194.1      28.51
     198.1      27.98
     202.1      28.65
     206.1      28.92
     210.1      27.94
     214.1      28.89
     218.1      29.21
     222.1      29.22
     226.1      28.34
     230.1      28.77
     234.1      29.36
     238.1      27.89
     242.1      29.08
     246.1       27.7
     250.1      28.33
     254.1      28.41
     258.1      29.24
     262.1      29.91
     266.1      29.26
     270.1      29.81
     274.1       33.7
     278.1      35.52
     282.1      35.52
     286.1      35.52
     290.1      35.52
     294.1      34.26
     298.1      28.79
     302.1      31.69
     306.1      35.52
     310.1      35.52
     314.1      35.52
     318.1      35.52
     322.1      35.52
     326.1      35.52
     330.1      35.52
     334.1      35.52
     338.1      35.52
     342.1      35.52
     346.2      35.52
     350.2      35.52
