     6.002  8.283e+08
        10    7.1e+08
        14  5.431e+08
        18  4.107e+08
     22.01  3.097e+08
     26.01  2.723e+08
     30.01  2.535e+08
     34.01  2.188e+08
     38.01  1.809e+08
     42.01  1.497e+08
     46.01  1.253e+08
     50.01  9.956e+07
     54.01  8.765e+07
     58.02  7.255e+07
     62.02  6.511e+07
     66.02  5.806e+07
     70.02  5.189e+07
     74.02  4.644e+07
     78.02  4.244e+07
     82.02   3.61e+07
     86.02  3.558e+07
     90.02  3.515e+07
     94.03   2.92e+07
     98.03  2.851e+07
       102  2.605e+07
       106  2.387e+07
       110   2.37e+07
       114  2.088e+07
       118  2.023e+07
       122  2.003e+07
       126  1.732e+07
       130  1.682e+07
       134  1.586e+07
       138  1.502e+07
       142  1.407e+07
       146  1.324e+07
       150  1.212e+07
       154  1.209e+07
       158  1.149e+07
       162  1.184e+07
       166  1.132e+07
       170  1.069e+07
       174  1.153e+07
       178  1.205e+07
     182.1  1.101e+07
     186.1  1.127e+07
     190.1  1.018e+07
     194.1  9.704e+06
     198.1  9.833e+06
     202.1  1.016e+07
     206.1  8.959e+06
     210.1  9.067e+06
     214.1  8.765e+06
     218.1  8.705e+06
     222.1  8.352e+06
     226.1  8.031e+06
     230.1  8.138e+06
     234.1  7.723e+06
     238.1  7.759e+06
     242.1   6.74e+06
     246.1  6.481e+06
     250.1  6.471e+06
     254.1  5.019e+06
     258.1  4.298e+06
     262.1   4.36e+06
     266.1  3.322e+06
     270.1  2.884e+06
     274.1  2.238e+06
     278.1  2.022e+06
     282.1  1.929e+06
     286.1    1.6e+06
     290.1  1.673e+06
     294.1  1.607e+06
     298.1   1.07e+06
     302.1  8.865e+05
     306.1  8.173e+05
     310.1  1.048e+06
     314.1  9.679e+05
     318.1   9.36e+05
     322.1  6.313e+05
     326.1  4.193e+05
     330.1  2.558e+05
     334.1  1.905e+05
     338.1  1.593e+05
     342.1  1.186e+05
     346.1  8.375e+04
     350.1  7.034e+04
