     2.001  1.615e-17
     6.002  1.347e-17
        10  1.102e-17
        14  9.039e-18
        18  7.382e-18
     22.01  6.876e-18
     26.01  5.463e-18
     30.01  4.599e-18
     34.01  3.774e-18
     38.01  3.193e-18
     42.01  2.464e-18
     46.01  2.012e-18
     50.01  1.767e-18
     54.01  1.686e-18
     58.02  1.435e-18
     62.02   1.27e-18
     66.02  1.054e-18
     70.02  9.625e-19
     74.02  9.243e-19
     78.02  8.434e-19
     82.02  7.564e-19
     86.02  7.806e-19
     90.02  7.036e-19
     94.03  6.558e-19
     98.03  6.643e-19
       102  6.961e-19
       106  6.996e-19
       110  8.093e-19
       114    4.9e-19
       118   4.16e-19
       122   3.98e-19
       126  3.301e-19
       130  3.436e-19
       134  3.417e-19
       138  3.342e-19
       142  4.074e-19
       146  4.907e-19
       150  2.581e-19
       154  2.474e-19
       158  2.575e-19
       162  3.068e-19
       166  2.455e-19
       170  3.222e-19
       174  3.346e-19
       178  3.034e-19
     182.1  2.075e-19
     186.1  2.093e-19
     190.1  1.767e-19
     194.1  1.913e-19
     198.1  2.178e-19
     202.1  1.767e-19
     206.1   1.76e-19
     210.1  2.055e-19
     214.1  1.869e-19
     218.1  1.627e-19
     222.1  1.632e-19
     226.1  1.655e-19
     230.1  1.923e-19
     234.1  1.831e-19
     238.1  2.122e-19
     242.1  2.635e-19
     246.1  1.476e-19
     250.1  1.329e-19
     254.1  1.136e-19
     258.1  1.228e-19
     262.1  1.204e-19
     266.1  1.312e-19
     270.1  1.003e-19
     274.1  9.662e-20
     278.1  1.031e-19
     282.1  8.798e-20
     286.1  8.864e-20
     290.1  1.009e-19
     294.1  8.423e-20
     298.1  7.654e-20
     302.1  8.816e-20
     306.1  1.192e-19
     310.1   1.24e-19
     314.1  8.284e-20
     318.1  9.248e-20
     322.1  6.507e-20
     326.1  6.446e-20
     330.1  4.409e-20
     334.1  5.518e-20
     338.1   4.34e-20
     342.1  4.077e-20
     346.1  3.434e-20
     350.1  5.531e-20
