     6.055  1.024e+08
     10.09  3.517e+07
     14.13   2.92e+07
     18.17  2.175e+07
      22.2  1.739e+07
     26.24  1.521e+07
     30.28  1.358e+07
     34.31  1.222e+07
     38.35  9.329e+06
     42.39  8.796e+06
     46.43   8.58e+06
     50.46    5.8e+06
      54.5  4.201e+06
     58.54  2.737e+06
     62.57  2.242e+06
     66.61   1.36e+06
     70.65   9.67e+05
     74.68  7.324e+05
     78.72  7.173e+05
     82.76  5.796e+05
     86.79  5.688e+05
     90.83  5.069e+05
     94.87  2.868e+05
     98.91  2.424e+05
     102.9  2.242e+05
       107  2.518e+05
       111  2.449e+05
     115.1  2.461e+05
     119.1  7.528e+04
     123.1  9.552e+04
     127.2  8.317e+04
     131.2   1.32e+05
     135.2  1.863e+05
     139.3  1.545e+05
     143.3  2.474e+05
     147.3  4.746e+05
     151.4  4.854e+05
     155.4  1.385e+05
     159.5   1.12e+05
     163.5  7.456e+04
     167.5  3.656e+04
     171.6  3.514e+04
     175.6  4.296e+04
     179.6   2.59e+04
     183.7  4.984e+04
     187.7       8313
     191.8       8188
     195.8  1.653e+04
     199.8          0
     203.9       7428
     207.9          0
     211.9          0
       216          0
       220          0
     224.1          0
     228.1          0
     232.1          0
     236.2          0
     240.2          0
     244.2          0
     248.3          0
     252.3          0
     256.3          0
     260.4          0
     264.4          0
     268.5          0
     272.5          0
