     2.018  1.768e+10
     6.055  3.341e+10
     10.09  4.241e+10
     14.13  5.288e+10
     18.17   6.29e+10
      22.2  7.269e+10
     26.24  8.281e+10
     30.28  9.324e+10
     34.31  1.039e+11
     38.35   1.13e+11
     42.39  1.224e+11
     46.43  1.325e+11
     50.46  1.399e+11
      54.5  1.457e+11
     58.54  1.498e+11
     62.57  1.534e+11
     66.61  1.557e+11
     70.65  1.574e+11
     74.68  1.588e+11
     78.72  1.602e+11
     82.76  1.614e+11
     86.79  1.627e+11
     90.83  1.639e+11
     94.87  1.645e+11
     98.91  1.652e+11
     102.9  1.657e+11
       107  1.664e+11
       111  1.671e+11
     115.1  1.678e+11
     119.1  1.681e+11
     123.1  1.684e+11
     127.2  1.686e+11
     131.2  1.691e+11
     135.2  1.697e+11
     139.3  1.703e+11
     143.3  1.711e+11
     147.3  1.729e+11
     151.4  1.748e+11
     155.4  1.753e+11
     159.5  1.758e+11
     163.5  1.761e+11
     167.5  1.763e+11
     171.6  1.764e+11
     175.6  1.766e+11
     179.6  1.767e+11
     183.7  1.769e+11
     187.7   1.77e+11
     191.8   1.77e+11
     195.8  1.771e+11
     199.8  1.771e+11
     203.9  1.771e+11
     207.9  1.771e+11
     211.9  1.771e+11
       216  1.771e+11
       220  1.771e+11
     224.1  1.771e+11
     228.1  1.771e+11
     232.1  1.771e+11
     236.2  1.771e+11
     240.2  1.771e+11
     244.2  1.771e+11
     248.3  1.771e+11
     252.3  1.771e+11
     256.3  1.771e+11
     260.4  1.771e+11
     264.4  1.771e+11
     268.5  1.771e+11
     272.5  1.771e+11
