     2.018  3.003e-17
     6.055  4.019e-18
     10.09   3.06e-18
     14.13  2.855e-18
     18.17  1.968e-18
      22.2   1.64e-18
     26.24  1.546e-18
     30.28  1.182e-18
     34.31  1.007e-18
     38.35  9.108e-19
     42.39   1.02e-18
     46.43  8.317e-19
     50.46  9.128e-19
      54.5  5.413e-19
     58.54  2.559e-19
     62.57  1.669e-19
     66.61  9.696e-20
     70.65   8.25e-20
     74.68  7.647e-20
     78.72  5.738e-20
     82.76  5.225e-20
     86.79  8.348e-20
     90.83  4.152e-20
     94.87  2.394e-20
     98.91  1.956e-20
     102.9  3.328e-20
       107  2.533e-20
       111   2.08e-20
     115.1  1.643e-20
     119.1   8.94e-21
     123.1  7.288e-21
     127.2  7.644e-21
     131.2  2.056e-20
     135.2  1.419e-20
     139.3  2.691e-20
     143.3  2.812e-20
     147.3  7.452e-20
     151.4  2.521e-20
     155.4   1.23e-20
     159.5  1.083e-20
     163.5   5.59e-21
     167.5  4.922e-21
     171.6  2.171e-21
     175.6  5.022e-21
     179.6  3.957e-21
     183.7  2.366e-21
     187.7  1.842e-21
     191.8  9.033e-22
     195.8  6.613e-22
     199.8  1.609e-23
     203.9  1.133e-21
     207.9  9.998e-24
     211.9      1e-23
       216      1e-23
       220      1e-23
     224.1      1e-23
     228.1      1e-23
     232.1      1e-23
     236.2      1e-23
     240.2      1e-23
     244.2      1e-23
     248.3      1e-23
     252.3      1e-23
     256.3      1e-23
     260.4      1e-23
     264.4      1e-23
     268.5      1e-23
     272.5      1e-23
