     2.018      19.32
     6.055      21.51
     10.09       21.8
     14.13      21.88
     18.17      22.28
      22.2      22.48
     26.24      22.54
     30.28      22.83
     34.31      23.01
     38.35      23.12
     42.39      22.99
     46.43      23.22
     50.46      23.12
      54.5      23.68
     58.54       24.5
     62.57      24.96
     66.61      25.55
     70.65      25.72
     74.68      25.81
     78.72      26.12
     82.76      26.22
     86.79      25.71
     90.83      26.47
     94.87      27.07
     98.91      27.29
     102.9      26.71
       107      27.01
       111      27.22
     115.1      27.48
     119.1      28.14
     123.1      28.36
     127.2      28.31
     131.2      27.23
     135.2      27.64
     139.3      26.94
     143.3      26.89
     147.3      25.84
     151.4      27.01
     155.4      27.79
     159.5      27.93
     163.5      28.65
     167.5      28.79
     171.6      29.67
     175.6      28.76
     179.6      29.02
     183.7      29.58
     187.7      29.85
     191.8      30.63
     195.8      30.97
     199.8         35
     203.9      30.38
     207.9      35.52
     211.9      35.52
       216      35.52
       220      35.52
     224.1      35.52
     228.1      35.52
     232.1      35.52
     236.2      35.52
     240.2      35.52
     244.2      35.52
     248.3      35.52
     252.3      35.52
     256.3      35.52
     260.4      35.52
     264.4      35.52
     268.5      35.52
     272.5      35.52
