     6.002  5.464e+08
        10  4.201e+08
     14.01  3.535e+08
     18.01  3.103e+08
     22.01    1.8e+08
     26.01  1.241e+08
     30.01  9.364e+07
     34.01  7.109e+07
     38.02  6.172e+07
     42.02  5.093e+07
     46.02  4.299e+07
     50.02  3.732e+07
     54.02  3.253e+07
     58.02   2.91e+07
     62.02  2.605e+07
     66.03  2.488e+07
     70.03    2.2e+07
     74.03  2.078e+07
     78.03  1.852e+07
     82.03  1.768e+07
     86.03  1.718e+07
     90.04   1.65e+07
     94.04  1.453e+07
     98.04  1.423e+07
       102  1.495e+07
       106  1.545e+07
       110  1.234e+07
       114  1.061e+07
       118  8.618e+06
       122  8.277e+06
       126  7.425e+06
     130.1  6.762e+06
     134.1  6.729e+06
     138.1  7.064e+06
     142.1  5.781e+06
     146.1  5.102e+06
     150.1  6.197e+06
     154.1   6.29e+06
     158.1  5.678e+06
     162.1  4.973e+06
     166.1  5.204e+06
     170.1  4.361e+06
     174.1  4.483e+06
     178.1  4.962e+06
     182.1  5.233e+06
     186.1  4.384e+06
     190.1  4.169e+06
     194.1  4.433e+06
     198.1  3.489e+06
     202.1  3.181e+06
     206.1  2.792e+06
     210.1  2.449e+06
     214.1  2.499e+06
     218.1  2.446e+06
     222.1  2.346e+06
     226.1  2.379e+06
     230.1  2.296e+06
     234.1  2.785e+06
     238.1  2.162e+06
     242.1  2.287e+06
     246.1  1.704e+06
     250.1  1.371e+06
     254.1  1.043e+06
     258.1  7.993e+05
     262.1   5.78e+05
     266.1  5.656e+05
     270.1  4.614e+05
     274.1  3.273e+05
     278.1  4.547e+05
     282.1  3.322e+05
     286.1  2.959e+05
     290.1  2.244e+05
     294.1  2.428e+05
     298.1  1.122e+05
     302.1  1.239e+05
     306.1  2.429e+05
     310.1  2.634e+05
     314.1  2.737e+05
     318.1   1.18e+05
     322.1    8.6e+04
     326.1  6.171e+04
     330.1  2.613e+04
     334.1  5.038e+04
     338.1       9783
     342.1  1.368e+04
     346.1  1.305e+04
     350.1       3914
