     2.001  1.092e+10
     6.002  9.338e+10
        10   1.99e+11
     14.01  3.235e+11
     18.01   4.64e+11
     22.01  5.636e+11
     26.01  6.448e+11
     30.01  7.155e+11
     34.01  7.762e+11
     38.02  8.352e+11
     42.02   8.89e+11
     46.02  9.388e+11
     50.02  9.857e+11
     54.02   1.03e+12
     58.02  1.072e+12
     62.02  1.113e+12
     66.03  1.154e+12
     70.03  1.193e+12
     74.03  1.232e+12
     78.03  1.268e+12
     82.03  1.304e+12
     86.03  1.342e+12
     90.04  1.379e+12
     94.04  1.413e+12
     98.04  1.448e+12
       102  1.487e+12
       106  1.528e+12
       110  1.562e+12
       114  1.593e+12
       118  1.618e+12
       122  1.644e+12
       126  1.667e+12
     130.1  1.689e+12
     134.1  1.712e+12
     138.1  1.736e+12
     142.1  1.757e+12
     146.1  1.776e+12
     150.1  1.799e+12
     154.1  1.824e+12
     158.1  1.846e+12
     162.1  1.866e+12
     166.1  1.888e+12
     170.1  1.907e+12
     174.1  1.926e+12
     178.1  1.949e+12
     182.1  1.972e+12
     186.1  1.993e+12
     190.1  2.013e+12
     194.1  2.035e+12
     198.1  2.052e+12
     202.1  2.068e+12
     206.1  2.083e+12
     210.1  2.096e+12
     214.1  2.109e+12
     218.1  2.122e+12
     222.1  2.135e+12
     226.1  2.149e+12
     230.1  2.162e+12
     234.1  2.179e+12
     238.1  2.192e+12
     242.1  2.206e+12
     246.1  2.216e+12
     250.1  2.225e+12
     254.1  2.231e+12
     258.1  2.237e+12
     262.1   2.24e+12
     266.1  2.244e+12
     270.1  2.247e+12
     274.1   2.25e+12
     278.1  2.253e+12
     282.1  2.255e+12
     286.1  2.257e+12
     290.1  2.259e+12
     294.1  2.261e+12
     298.1  2.261e+12
     302.1  2.262e+12
     306.1  2.264e+12
     310.1  2.266e+12
     314.1  2.268e+12
     318.1  2.269e+12
     322.1   2.27e+12
     326.1  2.271e+12
     330.1  2.271e+12
     334.1  2.271e+12
     338.1  2.271e+12
     342.1  2.271e+12
     346.1  2.272e+12
     350.1  2.272e+12
