     2.001  2.147e-17
     6.002  1.643e-17
        10  1.238e-17
     14.01  1.179e-17
     18.01  7.218e-18
     22.01  5.283e-18
     26.01  3.991e-18
     30.01  2.784e-18
     34.01  2.786e-18
     38.02  2.196e-18
     42.02  2.263e-18
     46.02  1.788e-18
     50.02  1.502e-18
     54.02  1.466e-18
     58.02  1.311e-18
     62.02  1.231e-18
     66.03  1.178e-18
     70.03  1.024e-18
     74.03  7.994e-19
     78.03  8.239e-19
     82.03  7.688e-19
     86.03  7.668e-19
     90.04  6.609e-19
     94.04  6.568e-19
     98.04  6.573e-19
       102  7.071e-19
       106  6.174e-19
       110   5.23e-19
       114  4.766e-19
       118  4.185e-19
       122  4.772e-19
       126  4.875e-19
     130.1  5.003e-19
     134.1  4.628e-19
     138.1  3.648e-19
     142.1  2.591e-19
     146.1  2.471e-19
     150.1  3.269e-19
     154.1  2.772e-19
     158.1  2.916e-19
     162.1  2.732e-19
     166.1  3.167e-19
     170.1  1.997e-19
     174.1  2.164e-19
     178.1  2.139e-19
     182.1  2.043e-19
     186.1  1.721e-19
     190.1  1.852e-19
     194.1  1.685e-19
     198.1    1.5e-19
     202.1  1.378e-19
     206.1  1.058e-19
     210.1   1.05e-19
     214.1  1.165e-19
     218.1    1.1e-19
     222.1  1.168e-19
     226.1  1.097e-19
     230.1  1.216e-19
     234.1  1.036e-19
     238.1  1.169e-19
     242.1  1.089e-19
     246.1  9.971e-20
     250.1  5.866e-20
     254.1  6.494e-20
     258.1  5.742e-20
     262.1  4.847e-20
     266.1  5.404e-20
     270.1  4.406e-20
     274.1  4.597e-20
     278.1   5.96e-20
     282.1  5.323e-20
     286.1  4.008e-20
     290.1  4.903e-20
     294.1  4.803e-20
     298.1  7.107e-20
     302.1  8.907e-20
     306.1  2.766e-19
     310.1   8.63e-19
     314.1  4.954e-19
     318.1  1.763e-19
     322.1  8.364e-20
     326.1  4.259e-20
     330.1  4.127e-20
     334.1  3.445e-20
     338.1  1.586e-20
     342.1  3.388e-20
     346.1  8.635e-21
     350.1  7.997e-21
