     2.001      19.69
     6.002      19.98
        10      20.28
     14.01      20.34
     18.01      20.87
     22.01      21.21
     26.01      21.51
     30.01       21.9
     34.01       21.9
     38.02      22.16
     42.02      22.13
     46.02      22.39
     50.02      22.57
     54.02       22.6
     58.02      22.72
     62.02      22.79
     66.03      22.84
     70.03      22.99
     74.03      23.26
     78.03      23.23
     82.03       23.3
     86.03       23.3
     90.04      23.47
     94.04      23.47
     98.04      23.47
       102      23.39
       106      23.54
       110      23.72
       114      23.82
       118      23.96
       122      23.82
       126       23.8
     130.1      23.77
     134.1      23.85
     138.1      24.11
     142.1      24.48
     146.1      24.53
     150.1      24.23
     154.1      24.41
     158.1      24.35
     162.1      24.42
     166.1      24.26
     170.1      24.76
     174.1      24.68
     178.1      24.69
     182.1      24.74
     186.1      24.93
     190.1      24.85
     194.1      24.95
     198.1      25.08
     202.1      25.17
     206.1      25.46
     210.1      25.46
     214.1      25.35
     218.1      25.41
     222.1      25.35
     226.1      25.42
     230.1       25.3
     234.1      25.48
     238.1      25.35
     242.1      25.42
     246.1      25.52
     250.1       26.1
     254.1      25.98
     258.1      26.12
     262.1       26.3
     266.1      26.18
     270.1      26.41
     274.1      26.36
     278.1      26.08
     282.1       26.2
     286.1      26.51
     290.1      26.29
     294.1      26.31
     298.1      25.89
     302.1      25.64
     306.1      24.41
     310.1      23.18
     314.1      23.78
     318.1       24.9
     322.1      25.71
     326.1      26.44
     330.1      26.48
     334.1      26.67
     338.1      27.52
     342.1      26.69
     346.1      28.18
     350.1      28.26
