     6.002  5.858e+08
        10  5.282e+08
        14  4.027e+08
        18  3.051e+08
     22.01  2.454e+08
     26.01  1.953e+08
     30.01  1.697e+08
     34.01  1.373e+08
     38.01  1.189e+08
     42.01  9.976e+07
     46.01   8.56e+07
     50.01  7.514e+07
     54.01  6.598e+07
     58.02  6.029e+07
     62.02  5.356e+07
     66.02  4.702e+07
     70.02  4.355e+07
     74.02  4.025e+07
     78.02  3.727e+07
     82.02  3.529e+07
     86.02  3.394e+07
     90.02  3.112e+07
     94.03  2.906e+07
     98.03  2.622e+07
       102  2.427e+07
       106  2.207e+07
       110  2.232e+07
       114  2.207e+07
       118  2.333e+07
       122  2.373e+07
       126  2.284e+07
       130  2.409e+07
       134  2.372e+07
       138  2.358e+07
       142  1.935e+07
       146  1.885e+07
       150  1.669e+07
       154  1.601e+07
       158  1.488e+07
       162  1.423e+07
       166  1.261e+07
       170  1.132e+07
       174  1.058e+07
       178  9.759e+06
     182.1  9.645e+06
     186.1  9.384e+06
     190.1  8.689e+06
     194.1  8.661e+06
     198.1    8.8e+06
     202.1   8.34e+06
     206.1  7.651e+06
     210.1  6.602e+06
     214.1  6.359e+06
     218.1  6.374e+06
     222.1  6.161e+06
     226.1  6.038e+06
     230.1   5.82e+06
     234.1   5.44e+06
     238.1  5.415e+06
     242.1  5.886e+06
     246.1  5.994e+06
     250.1  5.568e+06
     254.1  4.064e+06
     258.1  3.236e+06
     262.1  3.151e+06
     266.1  3.261e+06
     270.1  2.536e+06
     274.1  1.965e+06
     278.1  2.063e+06
     282.1    1.7e+06
     286.1   1.16e+06
     290.1  1.174e+06
     294.1  1.069e+06
     298.1  1.051e+06
     302.1  8.653e+05
     306.1  6.789e+05
     310.1  7.141e+05
     314.1  5.755e+05
     318.1  4.877e+05
     322.1  3.474e+05
     326.1  2.709e+05
     330.1  2.503e+05
     334.1  1.964e+05
     338.1  1.368e+05
     342.1  1.314e+05
     346.1   1.41e+05
     350.1  3.228e+04
