     2.001  1.297e-16
     6.002   1.12e-17
        10  9.552e-18
        14  6.636e-18
        18  5.713e-18
     22.01   5.46e-18
     26.01  5.054e-18
     30.01  4.788e-18
     34.01  4.519e-18
     38.01  3.554e-18
     42.01  3.106e-18
     46.01  2.312e-18
     50.01  2.211e-18
     54.01   1.78e-18
     58.02   1.44e-18
     62.02  1.277e-18
     66.02   1.22e-18
     70.02  1.118e-18
     74.02  1.086e-18
     78.02  1.089e-18
     82.02  9.524e-19
     86.02  8.234e-19
     90.02  6.908e-19
     94.03  7.193e-19
     98.03  7.056e-19
       102  5.045e-19
       106  4.956e-19
       110  4.452e-19
       114  4.211e-19
       118  4.226e-19
       122  4.615e-19
       126  4.541e-19
       130   3.93e-19
       134  4.188e-19
       138  3.948e-19
       142  3.375e-19
       146  3.382e-19
       150  3.203e-19
       154  3.007e-19
       158  2.991e-19
       162  2.902e-19
       166  2.346e-19
       170  2.385e-19
       174  2.115e-19
       178  2.056e-19
     182.1  2.582e-19
     186.1  1.889e-19
     190.1  1.824e-19
     194.1  1.824e-19
     198.1  1.949e-19
     202.1   2.04e-19
     206.1  1.845e-19
     210.1  1.964e-19
     214.1  2.115e-19
     218.1  1.948e-19
     222.1  1.468e-19
     226.1  1.249e-19
     230.1   1.21e-19
     234.1   1.16e-19
     238.1  1.155e-19
     242.1  1.292e-19
     246.1  1.156e-19
     250.1  1.037e-19
     254.1  1.002e-19
     258.1  9.662e-20
     262.1  1.112e-19
     266.1  9.676e-20
     270.1  8.499e-20
     274.1  7.819e-20
     278.1  8.354e-20
     282.1  6.375e-20
     286.1  7.569e-20
     290.1  6.888e-20
     294.1  6.112e-20
     298.1  7.651e-20
     302.1  6.766e-20
     306.1  8.211e-20
     310.1  7.716e-20
     314.1  6.482e-20
     318.1  8.686e-20
     322.1  5.325e-20
     326.1  6.508e-20
     330.1  6.569e-20
     334.1  5.349e-20
     338.1  3.721e-20
     342.1  1.075e-19
     346.1  6.571e-20
     350.1  2.364e-20
