     2.001      17.73
     6.002      20.39
        10      20.57
        14      20.96
        18      21.12
     22.01      21.17
     26.01      21.26
     30.01      21.32
     34.01      21.38
     38.01      21.64
     42.01      21.79
     46.01      22.11
     50.01      22.15
     54.01      22.39
     58.02      22.62
     62.02      22.75
     66.02       22.8
     70.02       22.9
     74.02      22.93
     78.02      22.92
     82.02      23.07
     86.02      23.23
     90.02      23.42
     94.03      23.37
     98.03      23.39
       102      23.76
       106      23.78
       110      23.89
       114      23.96
       118      23.95
       122      23.86
       126      23.87
       130      24.03
       134      23.96
       138      24.03
       142       24.2
       146      24.19
       150      24.25
       154      24.32
       158      24.33
       162      24.36
       166      24.59
       170      24.57
       174       24.7
       178      24.73
     182.1      24.49
     186.1      24.83
     190.1      24.86
     194.1      24.86
     198.1      24.79
     202.1      24.74
     206.1      24.85
     210.1      24.78
     214.1       24.7
     218.1      24.79
     222.1       25.1
     226.1      25.27
     230.1      25.31
     234.1      25.36
     238.1      25.36
     242.1      25.24
     246.1      25.36
     250.1      25.48
     254.1      25.51
     258.1      25.55
     262.1       25.4
     266.1      25.55
     270.1      25.69
     274.1      25.78
     278.1      25.71
     282.1         26
     286.1      25.82
     290.1      25.92
     294.1      26.05
     298.1      25.81
     302.1      25.94
     306.1      25.73
     310.1       25.8
     314.1      25.99
     318.1      25.67
     322.1       26.2
     326.1      25.98
     330.1      25.97
     334.1       26.2
     338.1      26.59
     342.1      25.44
     346.1      25.97
     350.1      27.08
