     2.001      20.86
     6.002      21.21
        10      21.57
        14       21.8
        18      21.95
     22.01      22.12
     26.01      22.24
     30.01      22.37
     34.01      22.47
     38.01      22.66
     42.01       22.7
     46.01      22.75
     50.01      22.92
     54.01      23.16
     58.02      23.11
     62.02      23.13
     66.02       23.2
     70.02      23.23
     74.02      23.38
     78.02      23.34
     82.02      23.31
     86.02      23.27
     90.02      23.04
     94.03      23.06
     98.03      23.17
       102      23.38
       106      23.37
       110      23.47
       114      23.62
       118       23.7
       122      23.69
       126       23.9
       130      23.85
       134      24.03
       138      23.86
       142      24.06
       146      24.19
       150      24.15
       154      24.15
       158      24.14
       162      24.39
       166      24.39
       170       24.4
       174      24.32
       178       24.5
     182.1      24.66
     186.1      24.68
     190.1       24.7
     194.1      24.65
     198.1      24.24
     202.1      24.06
     206.1      24.17
     210.1      24.57
     214.1      24.79
     218.1      24.87
     222.1      25.12
     226.1       25.4
     230.1      25.21
     234.1      25.39
     238.1      25.45
     242.1      25.35
     246.1      25.25
     250.1      25.45
     254.1      25.39
     258.1      25.77
     262.1      25.73
     266.1      25.78
     270.1      25.78
     274.1      25.74
     278.1      25.94
     282.1      26.05
     286.1      25.78
     290.1      25.99
     294.1      26.13
     298.1      26.06
     302.1      25.82
     306.1      25.52
     310.1      25.46
     314.1      25.43
     318.1      24.56
     322.1      25.85
     326.1      26.19
     330.1      26.48
     334.1      26.29
     338.1      26.72
     342.1      26.79
     346.1      26.31
     350.1      26.86
