     6.002  3.933e+08
        10  2.808e+08
        14  2.057e+08
        18  1.641e+08
     22.01   1.36e+08
     26.01  1.172e+08
     30.01  1.056e+08
     34.01    9.4e+07
     38.01  7.995e+07
     42.01  7.326e+07
     46.01  7.351e+07
     50.01   6.44e+07
     54.01  5.277e+07
     58.02   4.82e+07
     62.02  4.835e+07
     66.02  4.745e+07
     70.02  4.222e+07
     74.02  4.032e+07
     78.02  4.006e+07
     82.02  3.832e+07
     86.02  3.497e+07
     90.02  3.507e+07
     94.03  3.508e+07
     98.03  3.424e+07
       102  3.317e+07
       106  3.248e+07
       110  3.185e+07
       114  2.973e+07
       118    2.7e+07
       122  2.296e+07
       126  2.007e+07
       130  1.848e+07
       134  1.706e+07
       138  1.567e+07
       142  1.486e+07
       146  1.377e+07
       150  1.255e+07
       154  1.251e+07
       158  1.146e+07
       162  1.033e+07
       166  9.456e+06
       170  8.899e+06
       174  8.773e+06
       178  9.327e+06
     182.1  9.106e+06
     186.1  8.732e+06
     190.1  8.086e+06
     194.1  8.362e+06
     198.1  8.145e+06
     202.1  7.996e+06
     206.1  7.417e+06
     210.1  7.036e+06
     214.1   6.63e+06
     218.1  6.213e+06
     222.1  5.789e+06
     226.1   5.33e+06
     230.1  5.615e+06
     234.1  4.937e+06
     238.1  5.207e+06
     242.1  5.353e+06
     246.1  5.625e+06
     250.1  4.915e+06
     254.1  4.434e+06
     258.1  3.233e+06
     262.1  2.829e+06
     266.1  2.477e+06
     270.1  2.236e+06
     274.1  2.071e+06
     278.1   1.91e+06
     282.1  1.577e+06
     286.1  1.373e+06
     290.1  1.494e+06
     294.1  1.103e+06
     298.1  1.068e+06
     302.1  9.469e+05
     306.1  1.003e+06
     310.1  8.765e+05
     314.1  7.865e+05
     318.1  8.852e+05
     322.1  6.559e+05
     326.1  3.512e+05
     330.1  3.168e+05
     334.1   2.68e+05
     338.1  1.221e+05
     342.1  1.104e+05
     346.1  8.894e+04
     350.1  5.959e+04
