     2.001  1.836e+10
     6.002   7.77e+10
        10  1.483e+11
        14  2.207e+11
        18   2.95e+11
     22.01  3.703e+11
     26.01  4.469e+11
     30.01  5.266e+11
     34.01   6.07e+11
     38.01  6.834e+11
     42.01  7.607e+11
     46.01  8.458e+11
     50.01  9.267e+11
     54.01  9.984e+11
     58.02  1.069e+12
     62.02  1.144e+12
     66.02  1.223e+12
     70.02  1.297e+12
     74.02  1.372e+12
     78.02  1.451e+12
     82.02   1.53e+12
     86.02  1.605e+12
     90.02  1.685e+12
     94.03  1.768e+12
     98.03  1.852e+12
       102  1.937e+12
       106  2.024e+12
       110  2.112e+12
       114  2.197e+12
       118  2.277e+12
       122  2.348e+12
       126  2.411e+12
       130  2.472e+12
       134  2.529e+12
       138  2.584e+12
       142  2.637e+12
       146  2.687e+12
       150  2.734e+12
       154  2.783e+12
       158  2.828e+12
       162  2.871e+12
       166   2.91e+12
       170  2.948e+12
       174  2.986e+12
       178  3.028e+12
     182.1   3.07e+12
     186.1  3.111e+12
     190.1  3.149e+12
     194.1   3.19e+12
     198.1  3.231e+12
     202.1  3.271e+12
     206.1   3.31e+12
     210.1  3.347e+12
     214.1  3.383e+12
     218.1  3.417e+12
     222.1  3.449e+12
     226.1  3.479e+12
     230.1  3.512e+12
     234.1  3.541e+12
     238.1  3.572e+12
     242.1  3.604e+12
     246.1  3.639e+12
     250.1   3.67e+12
     254.1  3.698e+12
     258.1  3.719e+12
     262.1  3.738e+12
     266.1  3.755e+12
     270.1   3.77e+12
     274.1  3.784e+12
     278.1  3.797e+12
     282.1  3.809e+12
     286.1  3.819e+12
     290.1  3.829e+12
     294.1  3.838e+12
     298.1  3.846e+12
     302.1  3.853e+12
     306.1   3.86e+12
     310.1  3.867e+12
     314.1  3.874e+12
     318.1  3.881e+12
     322.1  3.886e+12
     326.1  3.889e+12
     330.1  3.891e+12
     334.1  3.894e+12
     338.1  3.895e+12
     342.1  3.896e+12
     346.1  3.896e+12
     350.1  3.897e+12
