     2.001   7.28e-18
     6.002  5.287e-18
        10  3.777e-18
        14  3.058e-18
        18  2.678e-18
     22.01  2.282e-18
     26.01   2.04e-18
     30.01  1.812e-18
     34.01  1.654e-18
     38.01  1.388e-18
     42.01  1.332e-18
     46.01  1.284e-18
     50.01  1.088e-18
     54.01   8.75e-19
     58.02  9.204e-19
     62.02  9.009e-19
     66.02  8.446e-19
     70.02  8.179e-19
     74.02  7.131e-19
     78.02   7.43e-19
     82.02  7.637e-19
     86.02  7.887e-19
     90.02  9.825e-19
     94.03  9.567e-19
     98.03  8.688e-19
       102  7.185e-19
       106  7.242e-19
       110  6.568e-19
       114  5.731e-19
       118   5.34e-19
       122  5.379e-19
       126  4.439e-19
       130  4.648e-19
       134  3.921e-19
       138  4.593e-19
       142  3.818e-19
       146  3.389e-19
       150  3.513e-19
       154   3.51e-19
       158  3.542e-19
       162  2.823e-19
       166  2.824e-19
       170  2.791e-19
       174   3.01e-19
       178   2.56e-19
     182.1  2.205e-19
     186.1  2.167e-19
     190.1  2.116e-19
     194.1  2.222e-19
     198.1   3.23e-19
     202.1  3.837e-19
     206.1  3.469e-19
     210.1    2.4e-19
     214.1  1.954e-19
     218.1  1.818e-19
     222.1  1.439e-19
     226.1  1.113e-19
     230.1  1.324e-19
     234.1  1.126e-19
     238.1  1.062e-19
     242.1   1.17e-19
     246.1  1.275e-19
     250.1  1.061e-19
     254.1   1.12e-19
     258.1  7.921e-20
     262.1  8.212e-20
     266.1  7.859e-20
     270.1  7.818e-20
     274.1   8.16e-20
     278.1  6.741e-20
     282.1  6.117e-20
     286.1  7.853e-20
     290.1   6.45e-20
     294.1  5.672e-20
     298.1  6.032e-20
     302.1  7.573e-20
     306.1  1.001e-19
     310.1  1.053e-19
     314.1  1.087e-19
     318.1  2.417e-19
     322.1  7.349e-20
     326.1  5.358e-20
     330.1  4.125e-20
     334.1   4.89e-20
     338.1  3.311e-20
     342.1  3.092e-20
     346.1  4.835e-20
     350.1  2.888e-20
