     6.036  3.048e+08
     10.06  6.588e+07
     14.08  3.435e+07
     18.11  3.011e+07
     22.13  1.894e+07
     26.16  1.149e+07
     30.18  1.139e+07
      34.2  1.048e+07
     38.23  7.677e+06
     42.25  3.458e+06
     46.28  2.109e+06
      50.3  1.831e+06
     54.32  5.392e+05
     58.35  3.788e+05
     62.37  1.249e+05
      66.4  1.151e+05
     70.42  2.184e+05
     74.44  1.639e+05
     78.47  8.032e+04
     82.49  7.355e+04
     86.52  7.117e+04
     90.54  4.963e+04
     94.57   1.03e+05
     98.59  1.202e+05
     102.6   1.15e+05
     106.6  5.316e+04
     110.7  8.037e+04
     114.7  5.867e+04
     118.7  5.649e+04
     122.7  3.719e+04
     126.8  4.856e+04
     130.8  4.938e+04
     134.8  2.347e+04
     138.8  6.961e+04
     142.9   8.69e+04
     146.9  7.176e+04
     150.9  1.008e+05
     154.9  9.097e+04
     158.9       9347
       163  1.829e+04
       167       9386
       171          0
       175          0
     179.1          0
     183.1       8075
     187.1          0
     191.1          0
     195.2          0
     199.2          0
     203.2          0
     207.2          0
     211.3          0
     215.3       7786
     219.3          0
     223.3          0
     227.4          0
     231.4          0
     235.4          0
     239.4          0
     243.5          0
     247.5       5956
     251.5          0
     255.5          0
     259.6          0
     263.6          0
     267.6          0
     271.6          0
     275.6          0
     279.7          0
     283.7          0
     287.7          0
     291.7          0
     295.8          0
     299.8          0
     303.8          0
     307.8          0
     311.9          0
     315.9          0
     319.9          0
     323.9          0
       328          0
       332          0
       336          0
       340          0
     344.1          0
