     2.012  3.744e+10
     6.036  8.395e+10
     10.06  1.007e+11
     14.08  1.129e+11
     18.11  1.267e+11
     22.13  1.373e+11
     26.16  1.449e+11
     30.18  1.536e+11
      34.2  1.627e+11
     38.23  1.701e+11
     42.25  1.738e+11
     46.28  1.763e+11
      50.3  1.786e+11
     54.32  1.793e+11
     58.35  1.799e+11
     62.37  1.801e+11
      66.4  1.803e+11
     70.42  1.807e+11
     74.44   1.81e+11
     78.47  1.811e+11
     82.49  1.813e+11
     86.52  1.814e+11
     90.54  1.816e+11
     94.57  1.818e+11
     98.59  1.821e+11
     102.6  1.824e+11
     106.6  1.825e+11
     110.7  1.828e+11
     114.7  1.829e+11
     118.7  1.831e+11
     122.7  1.832e+11
     126.8  1.834e+11
     130.8  1.835e+11
     134.8  1.836e+11
     138.8  1.839e+11
     142.9  1.842e+11
     146.9  1.845e+11
     150.9  1.848e+11
     154.9  1.852e+11
     158.9  1.852e+11
       163  1.853e+11
       167  1.853e+11
       171  1.853e+11
       175  1.853e+11
     179.1  1.853e+11
     183.1  1.854e+11
     187.1  1.854e+11
     191.1  1.854e+11
     195.2  1.854e+11
     199.2  1.854e+11
     203.2  1.854e+11
     207.2  1.854e+11
     211.3  1.854e+11
     215.3  1.854e+11
     219.3  1.854e+11
     223.3  1.854e+11
     227.4  1.854e+11
     231.4  1.854e+11
     235.4  1.854e+11
     239.4  1.854e+11
     243.5  1.854e+11
     247.5  1.855e+11
     251.5  1.855e+11
     255.5  1.855e+11
     259.6  1.855e+11
     263.6  1.855e+11
     267.6  1.855e+11
     271.6  1.855e+11
     275.6  1.855e+11
     279.7  1.855e+11
     283.7  1.855e+11
     287.7  1.855e+11
     291.7  1.855e+11
     295.8  1.855e+11
     299.8  1.855e+11
     303.8  1.855e+11
     307.8  1.855e+11
     311.9  1.855e+11
     315.9  1.855e+11
     319.9  1.855e+11
     323.9  1.855e+11
       328  1.855e+11
       332  1.855e+11
       336  1.855e+11
       340  1.855e+11
     344.1  1.855e+11
