     2.012  9.378e-16
     6.036  8.053e-17
     10.06   1.85e-17
     14.08   1.12e-17
     18.11  9.199e-18
     22.13  4.856e-18
     26.16  2.759e-18
     30.18  2.617e-18
      34.2  2.681e-18
     38.23  1.868e-18
     42.25  5.712e-19
     46.28  4.512e-19
      50.3  1.923e-19
     54.32  7.606e-20
     58.35  4.443e-20
     62.37  1.823e-20
      66.4   3.31e-20
     70.42  3.505e-20
     74.44  1.518e-20
     78.47  7.439e-21
     82.49  1.661e-20
     86.52  7.515e-21
     90.54   1.17e-20
     94.57  1.151e-20
     98.59  4.715e-20
     102.6  2.074e-20
     106.6  1.836e-20
     110.7  2.812e-20
     114.7  2.251e-20
     118.7  1.291e-20
     122.7  3.731e-21
     126.8   9.15e-21
     130.8  1.244e-20
     134.8  7.289e-21
     138.8  1.074e-20
     142.9  1.312e-20
     146.9  1.011e-20
     150.9  1.529e-20
     154.9  8.866e-21
     158.9  1.778e-21
       163  1.635e-21
       167  1.666e-21
       171  3.988e-23
       175  1.893e-23
     179.1  8.907e-22
     183.1  2.483e-23
     187.1      1e-23
     191.1      1e-23
     195.2      1e-23
     199.2      1e-23
     203.2      1e-23
     207.2      1e-23
     211.3  1.482e-21
     215.3  3.769e-22
     219.3      1e-23
     223.3      1e-23
     227.4      1e-23
     231.4      1e-23
     235.4      1e-23
     239.4      1e-23
     243.5  6.513e-22
     247.5      1e-23
     251.5      1e-23
     255.5      1e-23
     259.6      1e-23
     263.6      1e-23
     267.6      1e-23
     271.6      1e-23
     275.6      1e-23
     279.7      1e-23
     283.7      1e-23
     287.7      1e-23
     291.7      1e-23
     295.8      1e-23
     299.8      1e-23
     303.8      1e-23
     307.8      1e-23
     311.9      1e-23
     315.9      1e-23
     319.9      1e-23
     323.9      1e-23
       328      1e-23
       332      1e-23
       336      1e-23
       340      1e-23
     344.1      1e-23
