     2.012      15.59
     6.036      18.25
     10.06      19.85
     14.08      20.39
     18.11      20.61
     22.13       21.3
     26.16      21.91
     30.18      21.97
      34.2      21.95
     38.23      22.34
     42.25      23.62
     46.28      23.88
      50.3      24.81
     54.32      25.81
     58.35       26.4
     62.37      27.36
      66.4      26.72
     70.42      26.65
     74.44      27.56
     78.47      28.34
     82.49      27.47
     86.52      28.33
     90.54      27.85
     94.57      27.86
     98.59      26.33
     102.6      27.22
     106.6      27.36
     110.7      26.89
     114.7      27.14
     118.7      27.74
     122.7      29.09
     126.8      28.11
     130.8      27.78
     134.8      28.36
     138.8      27.94
     142.9      27.72
     146.9         28
     150.9      27.55
     154.9      28.15
     158.9      29.89
       163      29.98
       167      29.96
       171      34.01
       175      34.82
     179.1      30.64
     183.1      34.53
     187.1      35.52
     191.1      35.52
     195.2      35.52
     199.2      35.52
     203.2      35.52
     207.2      35.52
     211.3      30.09
     215.3      31.58
     219.3      35.52
     223.3      35.52
     227.4      35.52
     231.4      35.52
     235.4      35.52
     239.4      35.52
     243.5      30.98
     247.5      35.52
     251.5      35.52
     255.5      35.52
     259.6      35.52
     263.6      35.52
     267.6      35.52
     271.6      35.52
     275.6      35.52
     279.7      35.52
     283.7      35.52
     287.7      35.52
     291.7      35.52
     295.8      35.52
     299.8      35.52
     303.8      35.52
     307.8      35.52
     311.9      35.52
     315.9      35.52
     319.9      35.52
     323.9      35.52
       328      35.52
       332      35.52
       336      35.52
       340      35.52
     344.1      35.52
