     6.023  1.876e+08
     10.04  6.504e+07
     14.05  3.681e+07
     18.07    2.2e+07
     22.09  1.071e+07
      26.1  9.237e+06
     30.12   6.08e+06
     34.13  4.808e+06
     38.15  3.889e+06
     42.16  3.614e+06
     46.18  2.688e+06
     50.19   3.56e+06
     54.21  3.503e+06
     58.22  2.343e+06
     62.24  2.393e+06
     66.26  1.731e+06
     70.27  1.872e+06
     74.29  2.857e+06
      78.3  1.663e+06
     82.32  1.152e+06
     86.33  1.051e+06
     90.35  6.424e+05
     94.36  3.142e+05
     98.38  6.387e+04
     102.4  1.445e+04
     106.4  2.973e+04
     110.4  1.472e+04
     114.4          0
     118.5          0
     122.5          0
     126.5          0
     130.5  1.263e+04
     134.5  1.201e+04
     138.5  1.181e+04
     142.6          0
     146.6  1.047e+04
     150.6  1.058e+04
     154.6          0
     158.6          0
     162.6       9902
     166.6          0
     170.7          0
     174.7          0
     178.7          0
     182.7          0
     186.7          0
     190.7          0
     194.8          0
     198.8          0
