     2.008  4.814e+10
     6.023  7.666e+10
     10.04  9.313e+10
     14.05  1.062e+11
     18.07  1.162e+11
     22.09  1.222e+11
      26.1  1.283e+11
     30.12  1.329e+11
     34.13   1.37e+11
     38.15  1.408e+11
     42.16  1.446e+11
     46.18  1.477e+11
     50.19  1.523e+11
     54.21   1.57e+11
     58.22  1.605e+11
     62.24  1.642e+11
     66.26  1.671e+11
     70.27  1.705e+11
     74.29  1.758e+11
      78.3  1.791e+11
     82.32  1.815e+11
     86.33  1.838e+11
     90.35  1.852e+11
     94.36   1.86e+11
     98.38  1.861e+11
     102.4  1.862e+11
     106.4  1.863e+11
     110.4  1.863e+11
     114.4  1.863e+11
     118.5  1.863e+11
     122.5  1.863e+11
     126.5  1.863e+11
     130.5  1.863e+11
     134.5  1.864e+11
     138.5  1.864e+11
     142.6  1.864e+11
     146.6  1.865e+11
     150.6  1.865e+11
     154.6  1.865e+11
     158.6  1.865e+11
     162.6  1.865e+11
     166.6  1.865e+11
     170.7  1.865e+11
     174.7  1.865e+11
     178.7  1.865e+11
     182.7  1.865e+11
     186.7  1.865e+11
     190.7  1.865e+11
     194.8  1.865e+11
     198.8  1.865e+11
