     2.008  1.603e-16
     6.023  9.786e-18
     10.04   5.55e-18
     14.05  2.411e-18
     18.07  1.323e-18
     22.09  7.889e-19
      26.1  6.845e-19
     30.12   3.31e-19
     34.13  3.112e-19
     38.15  2.589e-19
     42.16  1.827e-19
     46.18  1.754e-19
     50.19  2.139e-19
     54.21  2.493e-19
     58.22  2.013e-19
     62.24  1.517e-19
     66.26  1.401e-19
     70.27  2.016e-19
     74.29  2.333e-19
      78.3  1.764e-19
     82.32  6.124e-20
     86.33   5.04e-20
     90.35    2.7e-20
     94.36  8.291e-21
     98.38  3.067e-21
     102.4  1.567e-21
     106.4   7.56e-22
     110.4  1.354e-21
     114.4      1e-23
     118.5      1e-23
     122.5      1e-23
     126.5  1.156e-21
     130.5  1.268e-21
     134.5  4.012e-22
     138.5  8.275e-22
     142.6  6.565e-22
     146.6  7.054e-22
     150.6  8.148e-22
     154.6      1e-23
     158.6   1.85e-21
     162.6      1e-23
     166.6      1e-23
     170.7      1e-23
     174.7      1e-23
     178.7      1e-23
     182.7      1e-23
     186.7      1e-23
     190.7      1e-23
     194.8      1e-23
     198.8      1e-23
