     2.008       17.5
     6.023      20.54
     10.04      21.16
     14.05      22.06
     18.07      22.71
     22.09      23.27
      26.1      23.43
     30.12      24.22
     34.13      24.28
     38.15      24.48
     42.16      24.86
     46.18      24.91
     50.19      24.69
     54.21      24.52
     58.22      24.76
     62.24      25.06
     66.26      25.15
     70.27      24.76
     74.29       24.6
      78.3       24.9
     82.32      26.05
     86.33      26.26
     90.35      26.94
     94.36      28.22
     98.38       29.3
     102.4      30.03
     106.4      30.82
     110.4      30.19
     114.4      35.52
     118.5      35.52
     122.5      35.52
     126.5      30.36
     130.5      30.26
     134.5      31.51
     138.5      30.72
     142.6      30.97
     146.6       30.9
     150.6      30.74
     154.6      35.52
     158.6      29.85
     162.6      35.52
     166.6      35.52
     170.7      35.52
     174.7      35.52
     178.7      35.52
     182.7      35.52
     186.7      35.52
     190.7      35.52
     194.8      35.52
     198.8      35.52
