     6.002   5.78e+08
        10  3.965e+08
        14  2.899e+08
        18  2.159e+08
     22.01  1.777e+08
     26.01  1.418e+08
     30.01  1.316e+08
     34.01  1.089e+08
     38.01  9.626e+07
     42.01  8.095e+07
     46.01  7.581e+07
     50.01   7.01e+07
     54.01  5.869e+07
     58.02   5.13e+07
     62.02  5.018e+07
     66.02  4.481e+07
     70.02  3.974e+07
     74.02  3.704e+07
     78.02  3.461e+07
     82.02  3.143e+07
     86.02   2.97e+07
     90.02  2.792e+07
     94.03  2.595e+07
     98.03  2.397e+07
       102  2.171e+07
       106  2.167e+07
       110  2.039e+07
       114  1.822e+07
       118  1.798e+07
       122  1.706e+07
       126   1.66e+07
       130  1.633e+07
       134  1.528e+07
       138  1.527e+07
       142  1.465e+07
       146  1.435e+07
       150  1.435e+07
       154  1.541e+07
       158  1.496e+07
       162  1.388e+07
       166  1.237e+07
       170  1.206e+07
       174  1.062e+07
       178  1.254e+07
     182.1  1.189e+07
     186.1  9.715e+06
     190.1   9.29e+06
     194.1  1.019e+07
     198.1  1.079e+07
     202.1  9.126e+06
     206.1  7.426e+06
     210.1  7.358e+06
     214.1  6.601e+06
     218.1  6.181e+06
     222.1  5.491e+06
     226.1    5.3e+06
     230.1  5.138e+06
     234.1  5.045e+06
     238.1  4.685e+06
     242.1  4.464e+06
     246.1    4.6e+06
     250.1  4.749e+06
     254.1  3.345e+06
     258.1  2.691e+06
     262.1   1.96e+06
     266.1  1.823e+06
     270.1  1.483e+06
     274.1  1.367e+06
     278.1  1.186e+06
     282.1  9.513e+05
     286.1   8.14e+05
     290.1   6.93e+05
     294.1  5.939e+05
     298.1  4.794e+05
     302.1  4.583e+05
     306.1  3.834e+05
     310.1  3.217e+05
     314.1  2.973e+05
     318.1  2.731e+05
     322.1  2.191e+05
     326.1  1.903e+05
     330.1  1.349e+05
     334.1  9.617e+04
     338.1  7.875e+04
     342.1  7.308e+04
     346.1  3.714e+04
     350.1  1.282e+04
