     2.001  2.331e+10
     6.002  1.105e+11
        10  2.102e+11
        14  3.123e+11
        18    4.1e+11
     22.01  5.083e+11
     26.01  6.011e+11
     30.01  7.004e+11
     34.01  7.935e+11
     38.01  8.855e+11
     42.01   9.71e+11
     46.01  1.059e+12
     50.01  1.147e+12
     54.01  1.226e+12
     58.02  1.301e+12
     62.02   1.38e+12
     66.02  1.454e+12
     70.02  1.524e+12
     74.02  1.593e+12
     78.02  1.661e+12
     82.02  1.725e+12
     86.02   1.79e+12
     90.02  1.853e+12
     94.03  1.914e+12
     98.03  1.973e+12
       102  2.029e+12
       106  2.087e+12
       110  2.143e+12
       114  2.195e+12
       118  2.249e+12
       122  2.301e+12
       126  2.354e+12
       130  2.407e+12
       134  2.459e+12
       138  2.512e+12
       142  2.564e+12
       146  2.617e+12
       150  2.671e+12
       154   2.73e+12
       158   2.79e+12
       162  2.846e+12
       166  2.898e+12
       170   2.95e+12
       174  2.996e+12
       178  3.052e+12
     182.1  3.107e+12
     186.1  3.152e+12
     190.1  3.196e+12
     194.1  3.246e+12
     198.1    3.3e+12
     202.1  3.346e+12
     206.1  3.385e+12
     210.1  3.423e+12
     214.1  3.459e+12
     218.1  3.493e+12
     222.1  3.523e+12
     226.1  3.554e+12
     230.1  3.583e+12
     234.1  3.613e+12
     238.1  3.641e+12
     242.1  3.668e+12
     246.1  3.697e+12
     250.1  3.727e+12
     254.1  3.748e+12
     258.1  3.765e+12
     262.1  3.778e+12
     266.1   3.79e+12
     270.1  3.801e+12
     274.1   3.81e+12
     278.1  3.818e+12
     282.1  3.825e+12
     286.1  3.831e+12
     290.1  3.836e+12
     294.1   3.84e+12
     298.1  3.844e+12
     302.1  3.847e+12
     306.1   3.85e+12
     310.1  3.853e+12
     314.1  3.855e+12
     318.1  3.857e+12
     322.1  3.859e+12
     326.1  3.861e+12
     330.1  3.862e+12
     334.1  3.863e+12
     338.1  3.863e+12
     342.1  3.864e+12
     346.1  3.864e+12
     350.1  3.864e+12
