     2.001      20.36
     6.002      20.79
        10      21.13
        14      21.47
        18      21.69
     22.01      21.83
     26.01      21.99
     30.01      22.06
     34.01       22.3
     38.01      22.43
     42.01      22.55
     46.01      22.63
     50.01       22.4
     54.01      22.45
     58.02       22.8
     62.02      22.98
     66.02      22.96
     70.02      23.17
     74.02      23.33
     78.02      23.47
     82.02      23.51
     86.02      23.35
     90.02      23.69
     94.03      23.45
     98.03      23.55
       102      23.76
       106       23.9
       110      23.99
       114      24.03
       118       24.1
       122      24.19
       126      24.17
       130       24.2
       134      24.36
       138      24.39
       142      24.44
       146      24.43
       150      24.48
       154      24.38
       158      24.47
       162      24.52
       166      24.55
       170      24.58
       174      24.47
       178      24.28
     182.1      24.56
     186.1      24.21
     190.1      24.76
     194.1      24.31
     198.1      24.56
     202.1      24.92
     206.1      25.04
     210.1      25.09
     214.1      25.18
     218.1      25.32
     222.1      25.26
     226.1      25.44
     230.1      25.45
     234.1      25.55
     238.1      25.54
     242.1       25.5
     246.1      25.36
     250.1      25.01
     254.1      25.71
     258.1      25.78
     262.1      25.53
     266.1      25.76
     270.1      25.76
     274.1       25.1
     278.1      25.22
     282.1       26.1
     286.1      26.03
     290.1      26.41
     294.1       26.3
     298.1      26.06
     302.1      26.73
     306.1      27.03
     310.1      26.73
     314.1      26.59
     318.1      26.54
     322.1      26.84
     326.1      26.43
     330.1       27.2
     334.1       27.4
     338.1      26.97
     342.1      26.99
     346.1      27.59
     350.1      28.49
