     2.001      20.65
     6.002      20.91
        10       21.1
        14      21.34
        18      21.46
     22.01      21.33
     26.01      21.51
     30.01      21.78
     34.01      21.56
     38.01      22.05
     42.01      22.21
     46.01      22.39
     50.01      22.61
     54.01      22.72
     58.02      22.87
     62.02      22.91
     66.02      23.06
     70.02       23.1
     74.02      23.13
     78.02      23.24
     82.02      23.15
     86.02       23.3
     90.02      23.41
     94.03      23.58
     98.03      23.62
       102      23.64
       106      23.78
       110      23.87
       114      23.91
       118      23.89
       122      23.97
       126      24.09
       130      24.15
       134       24.3
       138      24.33
       142      24.37
       146      24.34
       150      24.44
       154      24.37
       158      24.44
       162      24.55
       166      24.44
       170      24.62
       174      24.72
       178      24.78
     182.1      24.81
     186.1      24.79
     190.1      24.88
     194.1      24.99
     198.1      24.99
     202.1      25.02
     206.1      25.04
     210.1      25.08
     214.1      25.02
     218.1      25.07
     222.1      25.23
     226.1      25.24
     230.1       25.3
     234.1      25.32
     238.1      25.38
     242.1      25.41
     246.1      25.48
     250.1      25.44
     254.1      25.56
     258.1      25.67
     262.1       25.7
     266.1      25.67
     270.1      25.64
     274.1      25.74
     278.1       25.8
     282.1       25.8
     286.1      25.84
     290.1      25.92
     294.1      25.99
     298.1      26.04
     302.1      26.05
     306.1      26.14
     310.1      26.17
     314.1      26.13
     318.1      25.88
     322.1      25.67
     326.1      25.93
     330.1      26.15
     334.1      26.22
     338.1      26.29
     342.1      26.48
     346.1      26.45
     350.1      26.43
