     6.002  3.984e+08
        10  3.407e+08
        14  2.634e+08
        18  2.146e+08
     22.01  1.875e+08
     26.01  1.536e+08
     30.01  1.312e+08
     34.01  1.162e+08
     38.01  1.045e+08
     42.01  8.929e+07
     46.01  8.233e+07
     50.01  7.711e+07
     54.01  6.596e+07
     58.02  6.121e+07
     62.02  5.446e+07
     66.02  5.126e+07
     70.02  4.778e+07
     74.02  4.485e+07
     78.02  4.309e+07
     82.02  3.883e+07
     86.02  3.841e+07
     90.02  3.535e+07
     94.03  3.282e+07
     98.03  3.083e+07
       102   3.04e+07
       106  2.762e+07
       110  2.609e+07
       114  2.493e+07
       118  2.386e+07
       122   2.32e+07
       126  2.231e+07
       130  2.154e+07
       134  1.989e+07
       138  1.819e+07
       142  1.793e+07
       146  1.743e+07
       150  1.709e+07
       154  1.551e+07
       158  1.515e+07
       162   1.46e+07
       166  1.437e+07
       170  1.417e+07
       174  1.283e+07
       178  1.221e+07
     182.1  1.225e+07
     186.1  1.153e+07
     190.1  1.112e+07
     194.1  1.051e+07
     198.1  1.002e+07
     202.1  1.028e+07
     206.1  1.009e+07
     210.1  9.557e+06
     214.1  9.412e+06
     218.1  1.006e+07
     222.1  8.693e+06
     226.1  8.784e+06
     230.1  8.065e+06
     234.1  7.895e+06
     238.1  7.631e+06
     242.1  7.256e+06
     246.1  6.686e+06
     250.1  6.779e+06
     254.1  5.522e+06
     258.1   4.27e+06
     262.1  3.592e+06
     266.1  3.162e+06
     270.1  3.027e+06
     274.1  2.574e+06
     278.1  2.044e+06
     282.1   1.91e+06
     286.1   1.71e+06
     290.1  1.489e+06
     294.1  1.304e+06
     298.1  1.101e+06
     302.1  1.018e+06
     306.1  8.136e+05
     310.1  7.765e+05
     314.1  7.086e+05
     318.1  6.786e+05
     322.1  7.551e+05
     326.1  7.977e+05
     330.1  4.273e+05
     334.1  2.832e+05
     338.1  2.179e+05
     342.1  1.576e+05
     346.1  1.019e+05
     350.1  6.577e+04
