     2.001  8.866e-18
     6.002  6.935e-18
        10  5.842e-18
        14   4.68e-18
        18  4.184e-18
     22.01  4.742e-18
     26.01  3.996e-18
     30.01  3.133e-18
     34.01  3.821e-18
     38.01  2.436e-18
     42.01  2.097e-18
     46.01  1.772e-18
     50.01   1.46e-18
     54.01  1.315e-18
     58.02  1.143e-18
     62.02  1.108e-18
     66.02  9.646e-19
     70.02  9.267e-19
     74.02  8.973e-19
     78.02   8.15e-19
     82.02  8.836e-19
     86.02  7.714e-19
     90.02  6.967e-19
     94.03   5.96e-19
     98.03  5.721e-19
       102  5.617e-19
       106  4.948e-19
       110   4.56e-19
       114  4.388e-19
       118  4.465e-19
       122  4.141e-19
       126  3.706e-19
       130  3.509e-19
       134  3.078e-19
       138   2.97e-19
       142  2.871e-19
       146  2.944e-19
       150    2.7e-19
       154  2.871e-19
       158  2.706e-19
       162   2.44e-19
       166  2.683e-19
       170  2.288e-19
       174  2.081e-19
       178  1.978e-19
     182.1  1.918e-19
     186.1  1.946e-19
     190.1  1.799e-19
     194.1  1.618e-19
     198.1  1.629e-19
     202.1   1.58e-19
     206.1  1.546e-19
     210.1  1.491e-19
     214.1  1.584e-19
     218.1  1.506e-19
     222.1  1.307e-19
     226.1  1.295e-19
     230.1  1.223e-19
     234.1  1.196e-19
     238.1  1.132e-19
     242.1  1.101e-19
     246.1  1.035e-19
     250.1  1.068e-19
     254.1  9.562e-20
     258.1  8.666e-20
     262.1  8.423e-20
     266.1  8.661e-20
     270.1  8.935e-20
     274.1  8.127e-20
     278.1  7.669e-20
     282.1  7.677e-20
     286.1  7.442e-20
     290.1  6.887e-20
     294.1  6.446e-20
     298.1  6.196e-20
     302.1  6.094e-20
     306.1  5.621e-20
     310.1  5.474e-20
     314.1  5.667e-20
     318.1  7.139e-20
     322.1  8.714e-20
     326.1  6.802e-20
     330.1  5.585e-20
     334.1  5.225e-20
     338.1  4.904e-20
     342.1  4.119e-20
     346.1  4.224e-20
     350.1  4.306e-20
