     2.001   1.98e+10
     6.002  7.991e+10
        10  1.656e+11
        14  2.583e+11
        18  3.555e+11
     22.01  4.592e+11
     26.01  5.596e+11
     30.01  6.585e+11
     34.01  7.579e+11
     38.01  8.577e+11
     42.01   9.52e+11
     46.01  1.047e+12
     50.01  1.144e+12
     54.01  1.234e+12
     58.02  1.323e+12
     62.02  1.408e+12
     66.02  1.493e+12
     70.02  1.577e+12
     74.02  1.661e+12
     78.02  1.745e+12
     82.02  1.825e+12
     86.02  1.908e+12
     90.02  1.988e+12
     94.03  2.066e+12
     98.03  2.142e+12
       102   2.22e+12
       106  2.293e+12
       110  2.366e+12
       114  2.437e+12
       118  2.508e+12
       122  2.579e+12
       126   2.65e+12
       130   2.72e+12
       134  2.787e+12
       138   2.85e+12
       142  2.914e+12
       146  2.978e+12
       150  3.043e+12
       154  3.103e+12
       158  3.163e+12
       162  3.223e+12
       166  3.283e+12
       170  3.343e+12
       174  3.399e+12
       178  3.454e+12
     182.1   3.51e+12
     186.1  3.564e+12
     190.1  3.617e+12
     194.1  3.668e+12
     198.1  3.718e+12
     202.1   3.77e+12
     206.1  3.823e+12
     210.1  3.873e+12
     214.1  3.924e+12
     218.1  3.979e+12
     222.1  4.027e+12
     226.1  4.077e+12
     230.1  4.124e+12
     234.1   4.17e+12
     238.1  4.216e+12
     242.1   4.26e+12
     246.1  4.302e+12
     250.1  4.344e+12
     254.1   4.38e+12
     258.1  4.407e+12
     262.1  4.431e+12
     266.1  4.452e+12
     270.1  4.473e+12
     274.1   4.49e+12
     278.1  4.505e+12
     282.1  4.518e+12
     286.1   4.53e+12
     290.1  4.541e+12
     294.1  4.551e+12
     298.1  4.559e+12
     302.1  4.567e+12
     306.1  4.573e+12
     310.1  4.579e+12
     314.1  4.585e+12
     318.1   4.59e+12
     322.1  4.596e+12
     326.1  4.603e+12
     330.1  4.607e+12
     334.1  4.609e+12
     338.1  4.611e+12
     342.1  4.612e+12
     346.1  4.613e+12
     350.1  4.614e+12
