     6.051  3.421e+08
     10.08   1.37e+08
     14.12  5.474e+07
     18.15  3.431e+07
     22.19  2.436e+07
     26.22  2.006e+07
     30.25  1.706e+07
     34.29   1.33e+07
     38.32  1.025e+07
     42.36  5.743e+06
     46.39  3.631e+06
     50.42  3.384e+06
     54.46   2.17e+06
     58.49  1.505e+06
     62.52  1.681e+06
     66.56  1.203e+06
     70.59  1.034e+06
     74.63  1.007e+06
     78.66  1.007e+06
     82.69  8.116e+05
     86.73  3.935e+05
     90.76  4.481e+05
     94.79   3.84e+05
     98.83  3.546e+05
     102.9  2.581e+05
     106.9  2.337e+05
     110.9  2.288e+05
       115  1.502e+05
       119  4.235e+05
       123  7.307e+05
     127.1  3.469e+05
     131.1  3.228e+05
     135.1  2.309e+05
     139.2  2.876e+05
     143.2  3.795e+05
     147.2  3.712e+05
     151.3  2.695e+05
     155.3  1.688e+05
     159.3  8.909e+04
     163.4       9107
     167.4  6.336e+04
     171.4  1.744e+04
     175.5  4.581e+04
     179.5  5.891e+04
     183.5  1.963e+04
     187.6  6.188e+04
     191.6  4.255e+04
     195.6   1.87e+04
     199.7  1.225e+05
     203.7  1.389e+05
     207.7  1.289e+05
     211.8   6.32e+04
     215.8  1.292e+05
     219.8  8.491e+04
     223.9  5.831e+04
     227.9  7.782e+04
     231.9  3.743e+04
       236  2.585e+04
       240  1.441e+04
       244  1.887e+04
     248.1  2.581e+04
     252.1  1.374e+04
     256.1  2.837e+04
     260.2   1.37e+04
     264.2          0
     268.2       7714
     272.3       5507
     276.3          0
     280.4          0
     284.4  1.125e+04
     288.4          0
     292.5          0
     296.5          0
     300.5          0
     304.6          0
     308.6          0
     312.6          0
     316.7          0
     320.7          0
     324.7          0
     328.8          0
     332.8          0
     336.8          0
     340.9          0
     344.9          0
     348.9          0
