     2.017  5.987e+10
     6.051  1.123e+11
     10.08  1.474e+11
     14.12  1.669e+11
     18.15  1.827e+11
     22.19  1.964e+11
     26.22  2.098e+11
     30.25  2.228e+11
     34.29  2.344e+11
     38.32  2.444e+11
     42.36  2.505e+11
     46.39  2.548e+11
     50.42  2.591e+11
     54.46  2.621e+11
     58.49  2.643e+11
     62.52   2.67e+11
     66.56   2.69e+11
     70.59  2.709e+11
     74.63  2.728e+11
     78.66  2.748e+11
     82.69  2.765e+11
     86.73  2.774e+11
     90.76  2.784e+11
     94.79  2.793e+11
     98.83  2.802e+11
     102.9  2.809e+11
     106.9  2.815e+11
     110.9  2.822e+11
       115  2.826e+11
       119  2.839e+11
       123  2.862e+11
     127.1  2.873e+11
     131.1  2.883e+11
     135.1  2.891e+11
     139.2  2.901e+11
     143.2  2.915e+11
     147.2  2.929e+11
     151.3  2.939e+11
     155.3  2.946e+11
     159.3   2.95e+11
     163.4   2.95e+11
     167.4  2.953e+11
     171.4  2.953e+11
     175.5  2.956e+11
     179.5  2.958e+11
     183.5  2.959e+11
     187.6  2.962e+11
     191.6  2.964e+11
     195.6  2.965e+11
     199.7  2.971e+11
     203.7  2.978e+11
     207.7  2.985e+11
     211.8  2.989e+11
     215.8  2.996e+11
     219.8      3e+11
     223.9  3.004e+11
     227.9  3.008e+11
     231.9   3.01e+11
       236  3.012e+11
       240  3.013e+11
       244  3.014e+11
     248.1  3.016e+11
     252.1  3.016e+11
     256.1  3.018e+11
     260.2  3.019e+11
     264.2  3.019e+11
     268.2   3.02e+11
     272.3   3.02e+11
     276.3   3.02e+11
     280.4   3.02e+11
     284.4  3.021e+11
     288.4  3.021e+11
     292.5  3.021e+11
     296.5  3.021e+11
     300.5  3.021e+11
     304.6  3.021e+11
     308.6  3.021e+11
     312.6  3.021e+11
     316.7  3.021e+11
     320.7  3.021e+11
     324.7  3.021e+11
     328.8  3.021e+11
     332.8  3.021e+11
     336.8  3.021e+11
     340.9  3.021e+11
     344.9  3.021e+11
     348.9  3.021e+11
