     2.017  1.872e-16
     6.051  3.149e-17
     10.08  1.347e-17
     14.12  6.343e-18
     18.15  4.296e-18
     22.19  3.747e-18
     26.22  4.666e-18
     30.25  4.344e-18
     34.29  2.588e-18
     38.32   1.27e-18
     42.36   9.12e-19
     46.39  7.236e-19
     50.42   5.75e-19
     54.46  4.033e-19
     58.49  3.089e-19
     62.52  2.844e-19
     66.56  1.905e-19
     70.59   1.79e-19
     74.63  1.632e-19
     78.66  1.579e-19
     82.69  9.809e-20
     86.73  6.525e-20
     90.76  7.127e-20
     94.79  8.214e-20
     98.83  5.352e-20
     102.9  5.511e-20
     106.9  5.873e-20
     110.9  3.648e-20
       115   3.53e-20
       119  8.607e-20
       123  7.535e-20
     127.1  5.019e-20
     131.1  4.788e-20
     135.1  3.866e-20
     139.2  4.851e-20
     143.2  6.267e-20
     147.2  4.933e-20
     151.3   2.68e-20
     155.3  2.572e-20
     159.3  7.362e-21
     163.4  6.087e-21
     167.4  3.395e-21
     171.4  7.304e-21
     175.5  2.047e-20
     179.5  2.084e-20
     183.5  1.488e-20
     187.6   2.11e-20
     191.6  1.093e-20
     195.6  2.606e-20
     199.7  3.141e-20
     203.7  2.981e-20
     207.7  2.243e-20
     211.8  2.757e-20
     215.8  1.629e-20
     219.8   1.88e-20
     223.9   1.27e-20
     227.9  1.096e-20
     231.9  6.586e-21
       236  3.488e-21
       240  1.419e-21
       244  4.624e-21
     248.1  8.064e-21
     252.1  1.811e-20
     256.1  1.076e-20
     260.2  2.445e-21
     264.2  2.141e-21
     268.2  2.967e-21
     272.3  8.655e-22
     276.3  1.263e-23
     280.4  3.789e-21
     284.4  4.002e-21
     288.4  1.571e-23
     292.5      1e-23
     296.5      1e-23
     300.5      1e-23
     304.6      1e-23
     308.6      1e-23
     312.6      1e-23
     316.7      1e-23
     320.7      1e-23
     324.7      1e-23
     328.8      1e-23
     332.8      1e-23
     336.8      1e-23
     340.9      1e-23
     344.9      1e-23
     348.9      1e-23
