     2.017      17.34
     6.051      19.27
     10.08      20.19
     14.12      21.01
     18.15      21.43
     22.19      21.58
     26.22      21.34
     30.25      21.42
     34.29      21.98
     38.32      22.76
     42.36      23.12
     46.39      23.37
     50.42      23.62
     54.46         24
     58.49      24.29
     62.52      24.38
     66.56      24.82
     70.59      24.88
     74.63      24.98
     78.66      25.02
     82.69      25.54
     86.73      25.98
     90.76      25.88
     94.79      25.73
     98.83      26.19
     102.9      26.16
     106.9      26.09
     110.9      26.61
       115      26.65
       119      25.68
       123      25.82
     127.1      26.26
     131.1      26.32
     135.1      26.55
     139.2       26.3
     143.2      26.02
     147.2      26.28
     151.3      26.95
     155.3      26.99
     159.3      28.35
     163.4      28.56
     167.4      29.19
     171.4      28.36
     175.5      27.24
     179.5      27.22
     183.5      27.58
     187.6      27.21
     191.6      27.92
     195.6      26.98
     199.7      26.77
     203.7      26.83
     207.7      27.14
     211.8      26.91
     215.8      27.49
     219.8      27.33
     223.9      27.76
     227.9      27.92
     231.9      28.47
       236      29.16
       240      30.14
       244      28.85
     248.1      28.25
     252.1      27.37
     256.1      27.94
     260.2      29.55
     264.2      29.69
     268.2      29.34
     272.3      30.67
     276.3      35.26
     280.4      29.07
     284.4      29.01
     288.4      35.03
     292.5      35.52
     296.5      35.52
     300.5      35.52
     304.6      35.52
     308.6      35.52
     312.6      35.52
     316.7      35.52
     320.7      35.52
     324.7      35.52
     328.8      35.52
     332.8      35.52
     336.8      35.52
     340.9      35.52
     344.9      35.52
     348.9      35.52
