     6.003  3.365e+08
        10  1.044e+08
     14.01  5.645e+07
     18.01  3.636e+07
     22.01  2.827e+07
     26.01  2.116e+07
     30.01   1.29e+07
     34.01  1.087e+07
     38.02  9.582e+06
     42.02  9.238e+06
     46.02   7.88e+06
     50.02  8.034e+06
     54.02  5.847e+06
     58.03  4.243e+06
     62.03  3.267e+06
     66.03  4.088e+06
     70.03   3.82e+06
     74.03  3.226e+06
     78.03  2.805e+06
     82.04  2.622e+06
     86.04  3.622e+06
     90.04  3.673e+06
     94.04  3.319e+06
     98.04   2.47e+06
       102  2.383e+06
       106  1.775e+06
       110  1.348e+06
       114  1.038e+06
     118.1  9.044e+05
     122.1  9.798e+05
     126.1  1.126e+06
     130.1  1.026e+06
     134.1  7.034e+05
     138.1  5.693e+05
     142.1  6.739e+05
     146.1  8.838e+05
     150.1   1.52e+06
     154.1  9.185e+05
     158.1  6.614e+05
     162.1  6.281e+05
     166.1  6.827e+05
     170.1  6.269e+05
     174.1  6.417e+05
     178.1  6.334e+05
     182.1  6.737e+05
     186.1   7.98e+05
     190.1  8.805e+05
     194.1  1.002e+06
     198.1  9.214e+05
     202.1  8.489e+05
     206.1  7.696e+05
     210.1  7.426e+05
     214.1  5.462e+05
     218.1  5.302e+05
     222.1  5.314e+05
     226.1   5.05e+05
     230.1  4.527e+05
     234.1  4.062e+05
     238.1  4.482e+05
     242.1   5.13e+05
     246.1   4.82e+05
     250.1  5.397e+05
     254.1  5.023e+05
     258.1   1.13e+06
     262.1  1.967e+06
     266.1  1.718e+05
     270.1  9.733e+04
     274.1  5.063e+04
     278.1   5.34e+04
     282.1  2.593e+04
     286.1  1.585e+04
     290.1       4951
     294.1  3.146e+04
     298.1   3.48e+04
     302.1  1.011e+04
     306.1       9676
     310.1  5.872e+04
     314.1       9987
     318.1       4634
     322.1    1.9e+04
     326.1  3.265e+04
     330.1  1.316e+04
     334.1  2.204e+04
     338.1       9810
     342.1          0
     346.2       4178
     350.2          0
