     2.001   3.89e+10
     6.003  8.969e+10
        10   1.16e+11
     14.01  1.358e+11
     18.01  1.523e+11
     22.01  1.679e+11
     26.01  1.818e+11
     30.01  1.915e+11
     34.01  2.008e+11
     38.02    2.1e+11
     42.02  2.197e+11
     46.02  2.288e+11
     50.02  2.389e+11
     54.02  2.469e+11
     58.03  2.531e+11
     62.03  2.582e+11
     66.03   2.65e+11
     70.03  2.717e+11
     74.03  2.777e+11
     78.03  2.832e+11
     82.04  2.886e+11
     86.04  2.964e+11
     90.04  3.048e+11
     94.04  3.126e+11
     98.04  3.187e+11
       102  3.248e+11
       106  3.295e+11
       110  3.333e+11
       114  3.362e+11
     118.1  3.389e+11
     122.1  3.419e+11
     126.1  3.455e+11
     130.1  3.489e+11
     134.1  3.512e+11
     138.1  3.532e+11
     142.1  3.556e+11
     146.1  3.589e+11
     150.1  3.646e+11
     154.1  3.682e+11
     158.1  3.708e+11
     162.1  3.733e+11
     166.1  3.762e+11
     170.1  3.789e+11
     174.1  3.817e+11
     178.1  3.845e+11
     182.1  3.876e+11
     186.1  3.913e+11
     190.1  3.955e+11
     194.1  4.004e+11
     198.1   4.05e+11
     202.1  4.093e+11
     206.1  4.133e+11
     210.1  4.173e+11
     214.1  4.202e+11
     218.1  4.231e+11
     222.1  4.261e+11
     226.1  4.289e+11
     230.1  4.316e+11
     234.1  4.339e+11
     238.1  4.366e+11
     242.1  4.398e+11
     246.1  4.427e+11
     250.1  4.461e+11
     254.1  4.493e+11
     258.1  4.567e+11
     262.1  4.696e+11
     266.1  4.708e+11
     270.1  4.715e+11
     274.1  4.718e+11
     278.1  4.722e+11
     282.1  4.724e+11
     286.1  4.725e+11
     290.1  4.725e+11
     294.1  4.727e+11
     298.1   4.73e+11
     302.1  4.731e+11
     306.1  4.732e+11
     310.1  4.736e+11
     314.1  4.737e+11
     318.1  4.737e+11
     322.1  4.739e+11
     326.1  4.741e+11
     330.1  4.743e+11
     334.1  4.744e+11
     338.1  4.745e+11
     342.1  4.745e+11
     346.2  4.746e+11
     350.2  4.746e+11
