     2.001  7.033e-17
     6.003  1.298e-17
        10  5.417e-18
     14.01  3.545e-18
     18.01  2.591e-18
     22.01  2.259e-18
     26.01  1.673e-18
     30.01  1.364e-18
     34.01  1.822e-18
     38.02  1.351e-18
     42.02  1.559e-18
     46.02  2.061e-18
     50.02  1.237e-18
     54.02  7.731e-19
     58.03  5.317e-19
     62.03  5.565e-19
     66.03  4.921e-19
     70.03  4.287e-19
     74.03  3.234e-19
     78.03  3.442e-19
     82.04  4.332e-19
     86.04  4.189e-19
     90.04  4.485e-19
     94.04  4.641e-19
     98.04   3.79e-19
       102  3.732e-19
       106  2.994e-19
       110  1.743e-19
       114  1.398e-19
     118.1  1.884e-19
     122.1  1.474e-19
     126.1   3.29e-19
     130.1  1.334e-19
     134.1  1.102e-19
     138.1  9.609e-20
     142.1  1.068e-19
     146.1  1.632e-19
     150.1  1.679e-19
     154.1  1.917e-19
     158.1  1.543e-19
     162.1   9.57e-20
     166.1  8.872e-20
     170.1  6.619e-20
     174.1  5.271e-20
     178.1  5.824e-20
     182.1  7.777e-20
     186.1  9.869e-20
     190.1  1.903e-19
     194.1  1.369e-19
     198.1  9.342e-20
     202.1   8.45e-20
     206.1   1.02e-19
     210.1  4.751e-20
     214.1  4.561e-20
     218.1  4.806e-20
     222.1  4.099e-20
     226.1   4.39e-20
     230.1  4.312e-20
     234.1  3.467e-20
     238.1  4.372e-20
     242.1  4.715e-20
     246.1  4.351e-20
     250.1  5.412e-20
     254.1  1.038e-19
     258.1  2.569e-19
     262.1  5.373e-20
     266.1   1.71e-20
     270.1  1.295e-20
     274.1  1.031e-20
     278.1  9.509e-21
     282.1   6.61e-21
     286.1  1.759e-21
     290.1  5.889e-21
     294.1   1.15e-20
     298.1  8.561e-21
     302.1  1.447e-21
     306.1  1.436e-20
     310.1  1.996e-20
     314.1  3.362e-21
     318.1   9.16e-21
     322.1  1.815e-20
     326.1  2.104e-20
     330.1  2.047e-20
     334.1  2.153e-20
     338.1  1.472e-20
     342.1  6.869e-21
     346.2  1.522e-21
     350.2      1e-23
