     2.001       18.4
     6.003      20.23
        10      21.18
     14.01      21.64
     18.01      21.98
     22.01      22.13
     26.01      22.46
     30.01      22.68
     34.01      22.36
     38.02      22.69
     42.02      22.53
     46.02      22.23
     50.02      22.78
     54.02       23.3
     58.03       23.7
     62.03      23.65
     66.03      23.79
     70.03      23.94
     74.03      24.24
     78.03      24.17
     82.04      23.92
     86.04      23.96
     90.04      23.89
     94.04      23.85
     98.04      24.07
       102      24.09
       106      24.33
       110      24.91
       114      25.15
     118.1      24.83
     122.1      25.09
     126.1      24.22
     130.1       25.2
     134.1      25.41
     138.1      25.56
     142.1      25.44
     146.1      24.98
     150.1      24.95
     154.1      24.81
     158.1      25.05
     162.1      25.56
     166.1      25.65
     170.1      25.96
     174.1      26.21
     178.1       26.1
     182.1      25.79
     186.1      25.53
     190.1      24.82
     194.1      25.17
     198.1      25.59
     202.1       25.7
     206.1      25.49
     210.1      26.32
     214.1      26.37
     218.1      26.31
     222.1      26.48
     226.1      26.41
     230.1      26.43
     234.1      26.67
     238.1      26.41
     242.1      26.33
     246.1      26.42
     250.1      26.18
     254.1      25.48
     258.1      24.49
     262.1      26.19
     266.1      27.43
     270.1      27.74
     274.1      27.98
     278.1      28.07
     282.1      28.47
     286.1       29.9
     290.1      28.59
     294.1      27.86
     298.1      28.18
     302.1      30.12
     306.1      27.62
     310.1      27.27
     314.1       29.2
     318.1      28.11
     322.1      27.37
     326.1      27.21
     330.1      27.24
     334.1      27.18
     338.1       27.6
     342.1      28.42
     346.2      30.06
     350.2      35.52
