     6.003  3.867e+08
        10   1.52e+08
     14.01  1.015e+08
     18.01  7.266e+07
     22.01  6.033e+07
     26.01  4.932e+07
     30.01  3.711e+07
     34.01  3.442e+07
     38.02  3.257e+07
     42.02  2.609e+07
     46.02  2.218e+07
     50.02  1.837e+07
     54.02  1.507e+07
     58.03  1.126e+07
     62.03  9.728e+06
     66.03  7.178e+06
     70.03  6.725e+06
     74.03  5.233e+06
     78.03  4.525e+06
     82.04  3.696e+06
     86.04  3.348e+06
     90.04  3.612e+06
     94.04  2.948e+06
     98.04  2.927e+06
       102  2.835e+06
       106  3.021e+06
       110   2.49e+06
       114  1.888e+06
     118.1  1.419e+06
     122.1  1.352e+06
     126.1  1.434e+06
     130.1  1.414e+06
     134.1  1.301e+06
     138.1  1.076e+06
     142.1  1.425e+06
     146.1  1.315e+06
     150.1   9.04e+05
     154.1  9.987e+05
     158.1  8.333e+05
     162.1  8.256e+05
     166.1  8.518e+05
     170.1  7.941e+05
     174.1   7.43e+05
     178.1  5.847e+05
     182.1  6.384e+05
     186.1  6.185e+05
     190.1  5.771e+05
     194.1  4.684e+05
     198.1  5.394e+05
     202.1  3.461e+05
     206.1  2.867e+05
     210.1  3.809e+05
     214.1   3.81e+05
     218.1  3.706e+05
     222.1  4.575e+05
     226.1  3.596e+05
     230.1  3.073e+05
     234.1  5.605e+05
     238.1  4.634e+05
     242.1  3.971e+05
     246.1  6.653e+05
     250.1  3.092e+05
     254.1   1.84e+05
     258.1  1.519e+05
     262.1  1.196e+05
     266.1  1.258e+05
     270.1  7.517e+04
     274.1  5.521e+04
     278.1  6.757e+04
     282.1   3.73e+04
     286.1  6.137e+04
     290.1  3.771e+04
     294.1  1.597e+04
     298.1  3.179e+04
     302.1  2.027e+04
     306.1  3.993e+04
     310.1  1.566e+04
     314.1   3.37e+04
     318.1       4796
     322.1  1.853e+04
     326.1  1.404e+04
     330.1  2.057e+04
     334.1  1.351e+04
     338.1          0
     342.1  1.297e+04
     346.2          0
     350.2          0
