     2.001  6.116e+10
     6.003  1.195e+11
        10  1.577e+11
     14.01  1.935e+11
     18.01  2.264e+11
     22.01  2.598e+11
     26.01  2.921e+11
     30.01  3.201e+11
     34.01  3.495e+11
     38.02  3.806e+11
     42.02  4.082e+11
     46.02  4.339e+11
     50.02   4.57e+11
     54.02  4.774e+11
     58.03  4.939e+11
     62.03   5.09e+11
     66.03  5.209e+11
     70.03  5.328e+11
     74.03  5.425e+11
     78.03  5.514e+11
     82.04   5.59e+11
     86.04  5.663e+11
     90.04  5.745e+11
     94.04  5.814e+11
     98.04  5.886e+11
       102  5.959e+11
       106   6.04e+11
       110  6.109e+11
       114  6.163e+11
     118.1  6.205e+11
     122.1  6.246e+11
     126.1  6.292e+11
     130.1  6.338e+11
     134.1  6.382e+11
     138.1  6.419e+11
     142.1   6.47e+11
     146.1  6.518e+11
     150.1  6.553e+11
     154.1  6.591e+11
     158.1  6.624e+11
     162.1  6.658e+11
     166.1  6.694e+11
     170.1  6.728e+11
     174.1   6.76e+11
     178.1  6.786e+11
     182.1  6.815e+11
     186.1  6.844e+11
     190.1  6.872e+11
     194.1  6.895e+11
     198.1  6.922e+11
     202.1  6.939e+11
     206.1  6.954e+11
     210.1  6.974e+11
     214.1  6.995e+11
     218.1  7.015e+11
     222.1  7.041e+11
     226.1  7.061e+11
     230.1  7.079e+11
     234.1  7.112e+11
     238.1   7.14e+11
     242.1  7.164e+11
     246.1  7.205e+11
     250.1  7.224e+11
     254.1  7.236e+11
     258.1  7.246e+11
     262.1  7.254e+11
     266.1  7.262e+11
     270.1  7.267e+11
     274.1  7.271e+11
     278.1  7.276e+11
     282.1  7.279e+11
     286.1  7.283e+11
     290.1  7.286e+11
     294.1  7.287e+11
     298.1  7.289e+11
     302.1  7.291e+11
     306.1  7.294e+11
     310.1  7.295e+11
     314.1  7.298e+11
     318.1  7.298e+11
     322.1    7.3e+11
     326.1  7.301e+11
     330.1  7.303e+11
     334.1  7.304e+11
     338.1  7.304e+11
     342.1  7.305e+11
     346.2  7.305e+11
     350.2  7.305e+11
