     2.001  1.868e-16
     6.003  2.192e-17
        10  1.163e-17
     14.01  7.668e-18
     18.01  7.375e-18
     22.01  7.117e-18
     26.01  6.173e-18
     30.01  5.678e-18
     34.01  5.924e-18
     38.02  4.274e-18
     42.02  2.934e-18
     46.02  2.622e-18
     50.02  2.231e-18
     54.02  1.446e-18
     58.03  1.102e-18
     62.03  9.583e-19
     66.03  7.827e-19
     70.03   7.44e-19
     74.03  9.433e-19
     78.03  7.342e-19
     82.04  5.351e-19
     86.04  4.414e-19
     90.04  3.466e-19
     94.04  3.369e-19
     98.04  3.169e-19
       102  3.017e-19
       106  2.796e-19
       110  2.162e-19
       114  1.575e-19
     118.1  1.345e-19
     122.1  1.306e-19
     126.1  1.352e-19
     130.1  1.368e-19
     134.1  1.101e-19
     138.1  1.304e-19
     142.1  1.448e-19
     146.1  1.034e-19
     150.1  1.049e-19
     154.1  9.202e-20
     158.1  8.011e-20
     162.1  8.319e-20
     166.1  7.538e-20
     170.1  9.193e-20
     174.1  6.897e-20
     178.1  5.878e-20
     182.1  6.931e-20
     186.1   6.08e-20
     190.1  5.689e-20
     194.1  4.936e-20
     198.1  5.239e-20
     202.1  3.741e-20
     206.1  3.154e-20
     210.1  5.379e-20
     214.1  4.905e-20
     218.1  5.211e-20
     222.1  5.308e-20
     226.1  4.345e-20
     230.1  5.727e-20
     234.1  7.146e-20
     238.1  5.586e-20
     242.1  6.885e-20
     246.1  5.727e-20
     250.1  2.749e-20
     254.1  2.488e-20
     258.1  3.343e-20
     262.1  1.974e-20
     266.1  2.692e-20
     270.1  1.644e-20
     274.1  1.183e-20
     278.1  1.831e-20
     282.1  2.128e-20
     286.1  8.245e-21
     290.1  1.527e-20
     294.1  6.194e-21
     298.1   1.24e-20
     302.1  3.547e-20
     306.1  1.369e-20
     310.1    1.7e-20
     314.1  1.495e-20
     318.1   9.27e-21
     322.1  1.614e-20
     326.1  1.983e-20
     330.1  2.315e-20
     334.1  6.818e-21
     338.1  1.627e-20
     342.1  7.317e-21
     346.2      1e-23
     350.2      1e-23
