     2.001      17.34
     6.003      19.66
        10      20.35
     14.01       20.8
     18.01      20.85
     22.01      20.89
     26.01      21.04
     30.01      21.13
     34.01      21.08
     38.02      21.44
     42.02      21.85
     46.02      21.97
     50.02      22.15
     54.02      22.62
     58.03      22.91
     62.03      23.06
     66.03      23.28
     70.03      23.34
     74.03      23.08
     78.03      23.35
     82.04       23.7
     86.04       23.9
     90.04      24.17
     94.04       24.2
     98.04      24.26
       102      24.32
       106       24.4
       110      24.68
       114      25.02
     118.1      25.19
     122.1      25.23
     126.1      25.19
     130.1      25.18
     134.1      25.41
     138.1      25.23
     142.1      25.11
     146.1      25.48
     150.1      25.46
     154.1      25.61
     158.1      25.76
     162.1      25.72
     166.1      25.82
     170.1      25.61
     174.1      25.92
     178.1      26.09
     182.1      25.91
     186.1      26.06
     190.1      26.13
     194.1      26.28
     198.1      26.22
     202.1      26.58
     206.1      26.77
     210.1      26.19
     214.1      26.29
     218.1      26.22
     222.1       26.2
     226.1      26.42
     230.1      26.12
     234.1      25.88
     238.1      26.15
     242.1      25.92
     246.1      26.12
     250.1      26.92
     254.1      27.03
     258.1      26.71
     262.1      27.28
     266.1      26.94
     270.1      27.48
     274.1      27.83
     278.1      27.36
     282.1       27.2
     286.1      28.23
     290.1      27.56
     294.1      28.54
     298.1      27.78
     302.1      26.64
     306.1      27.67
     310.1      27.44
     314.1      27.58
     318.1       28.1
     322.1       27.5
     326.1      27.27
     330.1       27.1
     334.1      28.43
     338.1      27.49
     342.1      28.36
     346.2      35.52
     350.2      35.52
