     6.002  3.548e+08
        10  2.157e+08
        14  1.431e+08
        18  1.053e+08
     22.01  8.729e+07
     26.01  7.046e+07
     30.01  6.027e+07
     34.01  5.009e+07
     38.01  4.013e+07
     42.01   3.29e+07
     46.01  2.864e+07
     50.01  2.347e+07
     54.01  2.039e+07
     58.02  1.961e+07
     62.02  1.687e+07
     66.02  1.712e+07
     70.02  1.321e+07
     74.02  1.269e+07
     78.02  1.233e+07
     82.02  1.186e+07
     86.02  9.877e+06
     90.02  9.044e+06
     94.03  8.344e+06
     98.03  8.345e+06
       102  8.962e+06
       106  8.439e+06
       110  6.406e+06
       114  5.857e+06
       118  5.306e+06
       122  4.573e+06
       126  4.138e+06
       130  4.124e+06
       134  3.962e+06
       138  3.965e+06
       142  3.726e+06
       146  3.185e+06
       150  2.871e+06
       154  2.507e+06
       158  2.479e+06
       162  2.595e+06
       166  2.133e+06
       170  1.944e+06
       174  1.677e+06
       178  1.591e+06
     182.1  1.624e+06
     186.1  1.401e+06
     190.1   1.51e+06
     194.1  1.973e+06
     198.1  1.769e+06
     202.1  1.354e+06
     206.1  1.172e+06
     210.1  1.041e+06
     214.1   1.19e+06
     218.1  1.442e+06
     222.1  1.499e+06
     226.1   9.98e+05
     230.1  7.319e+05
     234.1  7.687e+05
     238.1  6.564e+05
     242.1  6.111e+05
     246.1  6.744e+05
     250.1  5.733e+05
     254.1  4.267e+05
     258.1  4.102e+05
     262.1  3.844e+05
     266.1  2.628e+05
     270.1  2.929e+05
     274.1  2.758e+05
     278.1  2.189e+05
     282.1  1.636e+05
     286.1   1.33e+05
     290.1  1.821e+05
     294.1   1.39e+05
     298.1   4.37e+04
     302.1      7e+04
     306.1  3.737e+04
     310.1  2.741e+04
     314.1  4.365e+04
     318.1  4.455e+04
     322.1  3.038e+04
     326.1  4.046e+04
     330.1  2.136e+04
     334.1  1.241e+04
     338.1          0
     342.1  2.934e+04
     346.1  2.383e+04
     350.1       8118
