     2.001  8.325e+09
     6.002  6.186e+10
        10  1.161e+11
        14  1.665e+11
        18  2.141e+11
     22.01  2.624e+11
     26.01  3.085e+11
     30.01   3.54e+11
     34.01  3.968e+11
     38.01  4.351e+11
     42.01  4.699e+11
     46.01   5.03e+11
     50.01  5.325e+11
     54.01  5.602e+11
     58.02  5.888e+11
     62.02  6.151e+11
     66.02  6.435e+11
     70.02  6.668e+11
     74.02  6.904e+11
     78.02  7.146e+11
     82.02  7.391e+11
     86.02  7.604e+11
     90.02  7.809e+11
     94.03  8.006e+11
     98.03  8.212e+11
       102  8.442e+11
       106  8.667e+11
       110  8.844e+11
       114  9.012e+11
       118  9.169e+11
       122  9.309e+11
       126  9.441e+11
       130  9.575e+11
       134  9.709e+11
       138  9.846e+11
       142  9.979e+11
       146   1.01e+12
       150   1.02e+12
       154   1.03e+12
       158   1.04e+12
       162  1.051e+12
       166   1.06e+12
       170  1.068e+12
       174  1.075e+12
       178  1.082e+12
     182.1   1.09e+12
     186.1  1.096e+12
     190.1  1.103e+12
     194.1  1.113e+12
     198.1  1.122e+12
     202.1  1.129e+12
     206.1  1.135e+12
     210.1   1.14e+12
     214.1  1.147e+12
     218.1  1.155e+12
     222.1  1.163e+12
     226.1  1.169e+12
     230.1  1.173e+12
     234.1  1.177e+12
     238.1  1.181e+12
     242.1  1.185e+12
     246.1  1.189e+12
     250.1  1.193e+12
     254.1  1.196e+12
     258.1  1.198e+12
     262.1  1.201e+12
     266.1  1.203e+12
     270.1  1.205e+12
     274.1  1.206e+12
     278.1  1.208e+12
     282.1  1.209e+12
     286.1   1.21e+12
     290.1  1.211e+12
     294.1  1.212e+12
     298.1  1.213e+12
     302.1  1.213e+12
     306.1  1.214e+12
     310.1  1.214e+12
     314.1  1.214e+12
     318.1  1.215e+12
     322.1  1.215e+12
     326.1  1.215e+12
     330.1  1.215e+12
     334.1  1.215e+12
     338.1  1.215e+12
     342.1  1.216e+12
     346.1  1.216e+12
     350.1  1.216e+12
