     2.001  2.089e-17
     6.002  3.896e-18
        10  2.485e-18
        14   1.71e-18
        18  1.371e-18
     22.01  1.104e-18
     26.01  1.019e-18
     30.01   7.84e-19
     34.01  6.265e-19
     38.01  5.052e-19
     42.01  4.203e-19
     46.01  3.585e-19
     50.01  2.989e-19
     54.01  2.721e-19
     58.02  2.567e-19
     62.02  4.506e-19
     66.02   2.25e-19
     70.02  2.108e-19
     74.02  2.031e-19
     78.02  2.264e-19
     82.02  2.909e-19
     86.02  1.811e-19
     90.02  1.424e-19
     94.03  1.608e-19
     98.03  1.384e-19
       102  1.331e-19
       106  1.195e-19
       110  9.275e-20
       114  7.183e-20
       118  7.965e-20
       122  6.517e-20
       126  5.928e-20
       130  5.722e-20
       134  5.432e-20
       138  7.391e-20
       142  5.061e-20
       146  4.791e-20
       150  5.355e-20
       154  5.232e-20
       158  4.877e-20
       162  4.093e-20
       166  3.386e-20
       170  2.896e-20
       174  2.736e-20
       178  2.623e-20
     182.1  2.308e-20
     186.1  2.224e-20
     190.1  2.714e-20
     194.1   3.22e-20
     198.1  2.584e-20
     202.1  2.149e-20
     206.1   1.78e-20
     210.1   1.95e-20
     214.1  2.174e-20
     218.1  2.111e-20
     222.1  2.021e-20
     226.1  1.232e-20
     230.1  1.134e-20
     234.1  1.245e-20
     238.1  8.239e-21
     242.1  1.004e-20
     246.1   1.06e-20
     250.1  9.047e-21
     254.1  8.578e-21
     258.1  1.366e-20
     262.1  8.254e-21
     266.1  7.954e-21
     270.1   9.58e-21
     274.1  8.481e-21
     278.1  6.007e-21
     282.1  5.471e-21
     286.1  6.802e-21
     290.1  8.801e-21
     294.1  3.839e-21
     298.1  3.222e-21
     302.1  3.058e-21
     306.1  2.382e-21
     310.1  3.164e-21
     314.1  3.191e-21
     318.1  3.384e-21
     322.1  3.149e-21
     326.1   4.58e-21
     330.1  2.442e-21
     334.1  4.214e-22
     338.1  4.004e-21
     342.1  9.577e-21
     346.1  9.453e-21
     350.1  7.888e-22
