     2.001      19.72
     6.002      21.54
        10      22.03
        14      22.43
        18      22.67
     22.01      22.91
     26.01         23
     30.01      23.28
     34.01      23.52
     38.01      23.76
     42.01      23.96
     46.01      24.13
     50.01      24.33
     54.01      24.43
     58.02      24.49
     62.02      23.88
     66.02      24.64
     70.02      24.71
     74.02      24.75
     78.02      24.63
     82.02      24.36
     86.02      24.87
     90.02      25.13
     94.03         25
     98.03      25.16
       102      25.21
       106      25.32
       110       25.6
       114      25.88
       118      25.76
       122      25.98
       126      26.08
       130      26.12
       134      26.18
       138      25.84
       142      26.26
       146      26.32
       150      26.19
       154      26.22
       158       26.3
       162      26.49
       166      26.69
       170      26.86
       174      26.92
       178      26.97
     182.1      27.11
     186.1      27.15
     190.1      26.93
     194.1      26.75
     198.1      26.99
     202.1      27.19
     206.1      27.39
     210.1      27.29
     214.1      27.17
     218.1       27.2
     222.1      27.25
     226.1      27.79
     230.1      27.88
     234.1      27.78
     238.1      28.23
     242.1      28.01
     246.1      27.95
     250.1      28.12
     254.1      28.18
     258.1      27.68
     262.1      28.22
     266.1      28.26
     270.1      28.06
     274.1      28.19
     278.1      28.57
     282.1      28.67
     286.1      28.43
     290.1      28.15
     294.1      29.06
     298.1      29.25
     302.1       29.3
     306.1      29.57
     310.1      29.27
     314.1      29.26
     318.1      29.19
     322.1      29.27
     326.1      28.86
     330.1      29.55
     334.1      31.45
     338.1      29.01
     342.1      28.06
     346.1      28.08
     350.1      30.77
