     6.001  6.611e+08
        10  3.685e+08
        14  2.553e+08
        18   1.85e+08
     22.01  1.282e+08
     26.01  1.136e+08
     30.01  8.609e+07
     34.01   7.79e+07
     38.01   5.89e+07
     42.01  5.186e+07
     46.01  4.969e+07
     50.01  4.043e+07
     54.01  3.238e+07
     58.01  2.962e+07
     62.01  2.324e+07
     66.02   1.97e+07
     70.02  1.654e+07
     74.02  1.545e+07
     78.02  1.463e+07
     82.02  1.212e+07
     86.02  1.064e+07
     90.02  1.088e+07
     94.02  9.385e+06
     98.02  7.998e+06
       102  7.518e+06
       106  7.152e+06
       110  7.285e+06
       114  6.291e+06
       118  5.763e+06
       122  5.282e+06
       126  5.486e+06
       130  4.981e+06
       134   3.92e+06
       138  4.212e+06
       142  3.188e+06
       146   3.93e+06
       150  4.675e+06
       154  5.266e+06
       158  3.955e+06
       162  2.949e+06
       166  2.734e+06
       170  3.321e+06
       174  3.286e+06
       178  2.962e+06
       182  2.376e+06
       186  2.528e+06
       190   3.04e+06
       194  2.498e+06
       198  2.181e+06
       202  2.195e+06
       206   2.04e+06
       210  2.216e+06
     214.1  2.675e+06
     218.1  2.827e+06
     222.1  2.227e+06
     226.1  2.111e+06
     230.1  2.352e+06
     234.1  1.973e+06
     238.1  2.331e+06
     242.1  2.579e+06
     246.1  1.956e+06
     250.1  1.692e+06
     254.1  1.454e+06
     258.1  1.031e+06
     262.1  8.241e+05
     266.1   6.54e+05
     270.1  5.078e+05
     274.1  4.622e+05
     278.1  4.021e+05
     282.1  4.606e+05
     286.1  7.106e+05
     290.1  5.132e+05
     294.1  3.109e+05
     298.1  1.686e+05
     302.1  4.159e+05
     306.1  1.558e+05
     310.1  8.696e+04
     314.1  1.034e+05
     318.1  8.229e+04
     322.1  5.426e+04
     326.1  4.795e+04
     330.1  3.497e+04
     334.1  1.251e+04
     338.1  1.876e+04
     342.1       8485
     346.1  1.282e+04
     350.1       3871
