         2  3.297e+10
     6.001  1.327e+11
        10  2.253e+11
        14  3.152e+11
        18  3.989e+11
     22.01  4.699e+11
     26.01  5.442e+11
     30.01  6.091e+11
     34.01  6.757e+11
     38.01   7.32e+11
     42.01  7.867e+11
     46.01  8.442e+11
     50.01   8.95e+11
     54.01   9.39e+11
     58.01  9.822e+11
     62.01  1.018e+12
     66.02  1.051e+12
     70.02   1.08e+12
     74.02  1.109e+12
     78.02  1.138e+12
     82.02  1.163e+12
     86.02  1.186e+12
     90.02   1.21e+12
     94.02  1.233e+12
     98.02  1.252e+12
       102  1.272e+12
       106  1.291e+12
       110  1.311e+12
       114  1.329e+12
       118  1.346e+12
       122  1.362e+12
       126  1.379e+12
       130  1.396e+12
       134  1.409e+12
       138  1.424e+12
       142  1.435e+12
       146  1.449e+12
       150  1.467e+12
       154  1.487e+12
       158  1.503e+12
       162  1.515e+12
       166  1.527e+12
       170  1.541e+12
       174  1.555e+12
       178  1.568e+12
       182  1.579e+12
       186  1.591e+12
       190  1.606e+12
       194  1.618e+12
       198  1.629e+12
       202   1.64e+12
       206   1.65e+12
       210  1.662e+12
     214.1  1.676e+12
     218.1  1.692e+12
     222.1  1.704e+12
     226.1  1.716e+12
     230.1   1.73e+12
     234.1  1.742e+12
     238.1  1.756e+12
     242.1  1.771e+12
     246.1  1.783e+12
     250.1  1.794e+12
     254.1  1.803e+12
     258.1   1.81e+12
     262.1  1.815e+12
     266.1   1.82e+12
     270.1  1.823e+12
     274.1  1.826e+12
     278.1  1.829e+12
     282.1  1.832e+12
     286.1  1.838e+12
     290.1  1.841e+12
     294.1  1.844e+12
     298.1  1.845e+12
     302.1  1.848e+12
     306.1  1.849e+12
     310.1   1.85e+12
     314.1  1.851e+12
     318.1  1.851e+12
     322.1  1.852e+12
     326.1  1.852e+12
     330.1  1.852e+12
     334.1  1.853e+12
     338.1  1.853e+12
     342.1  1.853e+12
     346.1  1.853e+12
     350.1  1.853e+12
