         2    6.5e-16
     6.001  2.022e-17
        10  1.277e-17
        14  1.169e-17
        18  8.435e-18
     22.01  6.108e-18
     26.01  5.477e-18
     30.01  4.627e-18
     34.01    3.3e-18
     38.01  2.563e-18
     42.01  2.324e-18
     46.01  2.039e-18
     50.01  1.748e-18
     54.01  1.578e-18
     58.01  1.512e-18
     62.01  1.092e-18
     66.02   1.01e-18
     70.02   9.87e-19
     74.02  8.894e-19
     78.02  7.822e-19
     82.02  7.546e-19
     86.02  7.305e-19
     90.02  4.601e-19
     94.02  4.206e-19
     98.02   3.95e-19
       102  3.219e-19
       106  3.617e-19
       110  3.076e-19
       114  3.163e-19
       118  2.761e-19
       122    2.8e-19
       126  2.448e-19
       130  2.099e-19
       134  2.232e-19
       138  1.981e-19
       142  2.153e-19
       146  2.398e-19
       150   2.67e-19
       154  2.675e-19
       158  4.063e-19
       162  2.512e-19
       166  1.991e-19
       170  1.499e-19
       174  1.634e-19
       178  1.523e-19
       182  1.632e-19
       186    1.7e-19
       190  1.766e-19
       194  1.671e-19
       198  1.525e-19
       202  1.899e-19
       206  1.688e-19
       210  1.992e-19
     214.1  2.448e-19
     218.1  1.467e-19
     222.1   1.05e-19
     226.1  1.685e-19
     230.1  2.654e-19
     234.1  1.449e-19
     238.1  2.078e-19
     242.1  1.265e-19
     246.1  1.361e-19
     250.1  1.193e-19
     254.1  9.689e-20
     258.1  7.424e-20
     262.1  6.413e-20
     266.1  5.431e-20
     270.1  5.468e-20
     274.1  6.919e-20
     278.1  4.512e-20
     282.1  7.252e-20
     286.1  8.745e-20
     290.1  9.289e-20
     294.1  1.239e-19
     298.1  2.591e-19
     302.1  8.077e-20
     306.1  1.469e-20
     310.1  1.692e-20
     314.1  3.051e-20
     318.1  1.573e-20
     322.1   1.61e-20
     326.1  1.067e-20
     330.1  6.582e-21
     334.1  6.985e-21
     338.1  1.546e-20
     342.1  6.764e-21
     346.1  9.537e-21
     350.1  2.269e-20
