         2      15.98
     6.001      19.75
        10      20.25
        14      20.35
        18       20.7
     22.01      21.05
     26.01      21.17
     30.01      21.35
     34.01      21.72
     38.01      21.99
     42.01       22.1
     46.01      22.24
     50.01      22.41
     54.01      22.52
     58.01      22.57
     62.01      22.92
     66.02      23.01
     70.02      23.03
     74.02      23.14
     78.02      23.28
     82.02      23.32
     86.02      23.36
     90.02      23.86
     94.02      23.96
     98.02      24.02
       102      24.25
       106      24.12
       110       24.3
       114      24.27
       118      24.41
       122       24.4
       126      24.54
       130      24.71
       134      24.64
       138      24.77
       142      24.68
       146      24.57
       150      24.45
       154      24.45
       158      23.99
       162      24.52
       166      24.77
       170      25.08
       174      24.98
       178      25.06
       182      24.98
       186      24.94
       190       24.9
       194      24.96
       198      25.06
       202      24.82
       206      24.95
       210      24.77
     214.1      24.54
     218.1       25.1
     222.1      25.46
     226.1      24.95
     230.1      24.46
     234.1      25.11
     238.1      24.72
     242.1      25.26
     246.1      25.18
     250.1      25.32
     254.1      25.55
     258.1      25.84
     262.1         26
     266.1      26.18
     270.1      26.17
     274.1      25.92
     278.1      26.38
     282.1      25.86
     286.1      25.66
     290.1       25.6
     294.1      25.28
     298.1      24.48
     302.1      25.75
     306.1       27.6
     310.1      27.45
     314.1      26.81
     318.1      27.52
     322.1       27.5
     326.1      27.95
     330.1      28.47
     334.1      28.41
     338.1      27.54
     342.1      28.44
     346.1      28.07
     350.1      27.13
