      6.02  1.913e+08
     10.03  4.703e+07
     14.05  3.056e+07
     18.06  2.471e+07
     22.07  1.803e+07
     26.09  1.902e+07
      30.1  2.233e+07
     34.11   2.05e+07
     38.13  1.677e+07
     42.14  1.161e+07
     46.15  1.018e+07
     50.17  9.817e+06
     54.18  6.237e+06
     58.19  3.534e+06
     62.21  2.844e+06
     66.22  2.572e+06
     70.23  2.265e+06
     74.25  1.436e+06
     78.26  1.527e+06
     82.27  1.387e+06
     86.29  1.173e+06
      90.3  1.383e+06
     94.32  2.133e+06
     98.33  1.958e+06
     102.3  1.475e+06
     106.4  1.761e+06
     110.4  1.394e+06
     114.4  1.308e+06
     118.4  1.499e+06
     122.4  1.793e+06
     126.4  1.767e+06
     130.4  1.611e+06
     134.4  1.202e+06
     138.5  1.154e+06
     142.5  9.132e+05
     146.5  5.278e+05
     150.5  6.688e+05
     154.5  4.866e+05
     158.5  4.199e+05
     162.5  2.957e+05
     166.6  3.327e+05
     170.6  3.778e+05
     174.6  1.986e+05
     178.6  1.963e+05
     182.6   2.13e+05
     186.6  1.723e+05
     190.6  8.123e+04
     194.7  9.306e+04
     198.7  9.148e+04
     202.7  1.183e+05
     206.7  7.804e+04
     210.7  9.226e+04
     214.7  1.259e+05
     218.7  6.289e+04
     222.7  7.697e+04
     226.8  9.484e+04
     230.8  4.696e+04
     234.8  6.061e+04
     238.8  4.602e+04
     242.8  5.051e+04
     246.8  1.815e+04
     250.8  1.987e+04
     254.9  3.066e+04
     258.9  4.973e+04
     262.9  2.824e+04
     266.9  2.572e+04
     270.9       6324
     274.9  1.093e+04
     278.9       5543
     282.9          0
       287          0
       291          0
       295          0
       299       4969
       303          0
       307       5013
       311          0
     315.1          0
     319.1          0
     323.1          0
     327.1          0
     331.1          0
     335.1          0
     339.1          0
     343.1          0
     347.2          0
