     2.007  5.991e+10
      6.02  8.895e+10
     10.03  1.009e+11
     14.05  1.117e+11
     18.06  1.229e+11
     22.07   1.33e+11
     26.09  1.455e+11
      30.1  1.624e+11
     34.11  1.801e+11
     38.13  1.962e+11
     42.14  2.085e+11
     46.15  2.204e+11
     50.17  2.328e+11
     54.18  2.413e+11
     58.19  2.465e+11
     62.21   2.51e+11
     66.22  2.553e+11
     70.23  2.593e+11
     74.25   2.62e+11
     78.26   2.65e+11
     82.27  2.679e+11
     86.29  2.704e+11
      90.3  2.736e+11
     94.32  2.786e+11
     98.33  2.835e+11
     102.3  2.873e+11
     106.4   2.92e+11
     110.4  2.959e+11
     114.4  2.997e+11
     118.4  3.041e+11
     122.4  3.097e+11
     126.4  3.153e+11
     130.4  3.206e+11
     134.4  3.247e+11
     138.5  3.287e+11
     142.5   3.32e+11
     146.5  3.339e+11
     150.5  3.365e+11
     154.5  3.384e+11
     158.5  3.401e+11
     162.5  3.413e+11
     166.6  3.427e+11
     170.6  3.443e+11
     174.6  3.452e+11
     178.6  3.461e+11
     182.6   3.47e+11
     186.6  3.478e+11
     190.6  3.482e+11
     194.7  3.487e+11
     198.7  3.492e+11
     202.7  3.498e+11
     206.7  3.502e+11
     210.7  3.507e+11
     214.7  3.513e+11
     218.7  3.517e+11
     222.7  3.521e+11
     226.8  3.527e+11
     230.8  3.529e+11
     234.8  3.533e+11
     238.8  3.536e+11
     242.8  3.539e+11
     246.8   3.54e+11
     250.8  3.541e+11
     254.9  3.543e+11
     258.9  3.546e+11
     262.9  3.548e+11
     266.9   3.55e+11
     270.9   3.55e+11
     274.9  3.551e+11
     278.9  3.552e+11
     282.9  3.552e+11
       287  3.552e+11
       291  3.552e+11
       295  3.552e+11
       299  3.552e+11
       303  3.552e+11
       307  3.552e+11
       311  3.552e+11
     315.1  3.552e+11
     319.1  3.552e+11
     323.1  3.552e+11
     327.1  3.552e+11
     331.1  3.552e+11
     335.1  3.552e+11
     339.1  3.552e+11
     343.1  3.552e+11
     347.2  3.552e+11
