     2.007  1.077e-16
      6.02  1.029e-17
     10.03  6.496e-18
     14.05  4.388e-18
     18.06  3.347e-18
     22.07  3.592e-18
     26.09   4.26e-18
      30.1  6.168e-18
     34.11  5.975e-18
     38.13  3.152e-18
     42.14  2.076e-18
     46.15  1.845e-18
     50.17  1.366e-18
     54.18  1.052e-18
     58.19  6.437e-19
     62.21  5.517e-19
     66.22  5.335e-19
     70.23  3.567e-19
     74.25  3.157e-19
     78.26  3.766e-19
     82.27   5.41e-19
     86.29  3.137e-19
      90.3  3.927e-19
     94.32  3.919e-19
     98.33  2.742e-19
     102.3  2.783e-19
     106.4  3.138e-19
     110.4  4.351e-19
     114.4  3.603e-19
     118.4  3.201e-19
     122.4  6.403e-19
     126.4  5.383e-19
     130.4  5.212e-19
     134.4  2.475e-19
     138.5  2.213e-19
     142.5  1.679e-19
     146.5  1.255e-19
     150.5  1.351e-19
     154.5  6.691e-20
     158.5  5.819e-20
     162.5  5.794e-20
     166.6   6.36e-20
     170.6  9.749e-20
     174.6   1.01e-19
     178.6  4.715e-20
     182.6  4.582e-20
     186.6   2.88e-20
     190.6  1.977e-20
     194.7  2.194e-20
     198.7  1.762e-20
     202.7  2.265e-20
     206.7  1.988e-20
     210.7  2.465e-20
     214.7  1.857e-20
     218.7  1.483e-20
     222.7  2.994e-20
     226.8  1.211e-20
     230.8  1.406e-20
     234.8   9.21e-21
     238.8  1.171e-20
     242.8  6.744e-21
     246.8  2.202e-21
     250.8  6.919e-21
     254.9  2.311e-20
     258.9  6.719e-20
     262.9  3.695e-20
     266.9  1.593e-20
     270.9  3.446e-21
     274.9  1.869e-21
     278.9  1.781e-22
     282.9      1e-23
       287      1e-23
       291      1e-23
       295  1.013e-22
       299   2.32e-21
       303  1.666e-21
       307  2.351e-21
       311      1e-23
     315.1      1e-23
     319.1      1e-23
     323.1      1e-23
     327.1      1e-23
     331.1      1e-23
     335.1      1e-23
     339.1      1e-23
     343.1      1e-23
     347.2      1e-23
