     2.007      17.94
      6.02      20.49
     10.03      20.98
     14.05      21.41
     18.06       21.7
     22.07      21.63
     26.09      21.44
      30.1      21.04
     34.11      21.08
     38.13      21.77
     42.14      22.22
     46.15      22.35
     50.17      22.68
     54.18      22.96
     58.19      23.49
     62.21      23.66
     66.22       23.7
     70.23      24.14
     74.25      24.27
     78.26      24.08
     82.27      23.68
     86.29      24.27
      90.3      24.03
     94.32      24.03
     98.33      24.42
     102.3       24.4
     106.4      24.27
     110.4      23.92
     114.4      24.12
     118.4      24.25
     122.4       23.5
     126.4      23.69
     130.4      23.72
     134.4      24.53
     138.5      24.65
     142.5      24.95
     146.5      25.27
     150.5      25.19
     154.5      25.95
     158.5       26.1
     162.5      26.11
     166.6      26.01
     170.6      25.54
     174.6       25.5
     178.6      26.33
     182.6      26.36
     186.6      26.87
     190.6      27.28
     194.7      27.16
     198.7       27.4
     202.7      27.13
     206.7      27.27
     210.7      27.04
     214.7      27.34
     218.7      27.59
     222.7      26.83
     226.8      27.81
     230.8      27.65
     234.8      28.11
     238.8      27.84
     242.8      28.44
     246.8      29.66
     250.8      28.42
     254.9      27.11
     258.9      25.95
     262.9       26.6
     266.9      27.51
     270.9      29.17
     274.9      29.84
     278.9      32.39
     282.9      35.52
       287      35.52
       291      35.52
       295         33
       299       29.6
       303      29.96
       307      29.59
       311      35.52
     315.1      35.52
     319.1      35.52
     323.1      35.52
     327.1      35.52
     331.1      35.52
     335.1      35.52
     339.1      35.52
     343.1      35.52
     347.2      35.52
