     6.002  3.532e+08
        10    1.9e+08
     14.01  1.458e+08
     18.01  1.097e+08
     22.01  8.449e+07
     26.01   6.31e+07
     30.01  5.103e+07
     34.01   3.92e+07
     38.02  2.995e+07
     42.02  2.659e+07
     46.02  1.835e+07
     50.02  1.518e+07
     54.02  1.215e+07
     58.02  1.254e+07
     62.02  9.067e+06
     66.03  8.234e+06
     70.03   6.39e+06
     74.03  5.605e+06
     78.03  4.869e+06
     82.03  4.023e+06
     86.03  4.793e+06
     90.04  4.102e+06
     94.04  3.888e+06
     98.04  3.179e+06
       102  2.951e+06
       106  2.661e+06
       110  2.298e+06
       114  2.351e+06
       118  2.368e+06
       122  2.296e+06
       126   2.28e+06
     130.1  2.393e+06
     134.1  2.433e+06
     138.1  2.055e+06
     142.1  2.003e+06
     146.1  1.412e+06
     150.1  1.237e+06
     154.1  1.114e+06
     158.1  1.447e+06
     162.1  1.346e+06
     166.1  2.328e+06
     170.1  1.629e+06
     174.1  1.585e+06
     178.1  1.358e+06
     182.1  1.189e+06
     186.1  1.278e+06
     190.1  1.245e+06
     194.1  1.164e+06
     198.1   1.07e+06
     202.1  1.252e+06
     206.1  1.009e+06
     210.1  1.004e+06
     214.1  1.183e+06
     218.1  9.011e+05
     222.1  7.785e+05
     226.1  9.139e+05
     230.1  1.045e+06
     234.1  1.008e+06
     238.1  9.164e+05
     242.1  9.247e+05
     246.1  1.005e+06
     250.1  1.433e+06
     254.1  1.251e+06
     258.1  1.162e+06
     262.1  1.385e+06
     266.1  8.923e+05
     270.1  7.355e+05
     274.1  7.105e+05
     278.1  6.143e+05
     282.1  5.902e+05
     286.1   5.83e+05
     290.1  4.585e+05
     294.1  3.591e+05
     298.1  3.577e+05
     302.1  3.662e+05
     306.1  3.113e+05
     310.1  3.036e+05
     314.1  2.669e+05
     318.1  2.779e+05
     322.1   2.05e+05
     326.1  1.484e+05
     330.1  1.749e+05
     334.1  1.488e+05
     338.1  1.144e+05
     342.1  7.224e+04
     346.1  7.281e+04
     350.1  2.541e+04
