     2.001  2.401e+10
     6.002  7.731e+10
        10  1.251e+11
     14.01  1.765e+11
     18.01  2.261e+11
     22.01  2.729e+11
     26.01  3.142e+11
     30.01  3.527e+11
     34.01  3.862e+11
     38.02  4.148e+11
     42.02  4.429e+11
     46.02  4.641e+11
     50.02  4.832e+11
     54.02  4.997e+11
     58.02   5.18e+11
     62.02  5.322e+11
     66.03  5.458e+11
     70.03  5.571e+11
     74.03  5.675e+11
     78.03  5.771e+11
     82.03  5.854e+11
     86.03  5.957e+11
     90.04   6.05e+11
     94.04  6.142e+11
     98.04   6.22e+11
       102  6.296e+11
       106  6.367e+11
       110  6.431e+11
       114  6.498e+11
       118  6.568e+11
       122  6.639e+11
       126  6.711e+11
     130.1  6.789e+11
     134.1  6.871e+11
     138.1  6.943e+11
     142.1  7.014e+11
     146.1  7.066e+11
     150.1  7.113e+11
     154.1  7.156e+11
     158.1  7.213e+11
     162.1  7.268e+11
     166.1  7.365e+11
     170.1  7.435e+11
     174.1  7.504e+11
     178.1  7.565e+11
     182.1   7.62e+11
     186.1  7.679e+11
     190.1  7.739e+11
     194.1  7.796e+11
     198.1  7.849e+11
     202.1  7.913e+11
     206.1  7.965e+11
     210.1  8.018e+11
     214.1  8.082e+11
     218.1  8.131e+11
     222.1  8.174e+11
     226.1  8.226e+11
     230.1  8.287e+11
     234.1  8.346e+11
     238.1  8.401e+11
     242.1  8.457e+11
     246.1   8.52e+11
     250.1   8.61e+11
     254.1   8.69e+11
     258.1  8.765e+11
     262.1  8.856e+11
     266.1  8.916e+11
     270.1  8.966e+11
     274.1  9.015e+11
     278.1  9.058e+11
     282.1    9.1e+11
     286.1  9.142e+11
     290.1  9.175e+11
     294.1  9.202e+11
     298.1  9.228e+11
     302.1  9.256e+11
     306.1   9.28e+11
     310.1  9.304e+11
     314.1  9.325e+11
     318.1  9.347e+11
     322.1  9.364e+11
     326.1  9.376e+11
     330.1  9.391e+11
     334.1  9.403e+11
     338.1  9.413e+11
     342.1  9.419e+11
     346.1  9.425e+11
     350.1  9.428e+11
