     2.001   2.31e-17
     6.002  9.354e-18
        10  6.595e-18
     14.01  5.242e-18
     18.01  4.209e-18
     22.01  3.568e-18
     26.01  2.702e-18
     30.01  2.808e-18
     34.01  1.836e-18
     38.02  1.429e-18
     42.02  9.739e-19
     46.02  7.526e-19
     50.02  6.558e-19
     54.02  6.297e-19
     58.02  5.007e-19
     62.02  4.613e-19
     66.03  4.071e-19
     70.03  3.405e-19
     74.03  3.354e-19
     78.03  2.975e-19
     82.03  3.714e-19
     86.03  3.969e-19
     90.04  4.525e-19
     94.04   3.22e-19
     98.04  2.766e-19
       102  2.763e-19
       106  2.309e-19
       110   2.48e-19
       114  2.517e-19
       118  2.393e-19
       122  1.929e-19
       126  2.131e-19
     130.1  2.184e-19
     134.1  2.323e-19
     138.1  2.284e-19
     142.1  1.465e-19
     146.1  2.074e-19
     150.1   1.32e-19
     154.1  1.205e-19
     158.1  1.273e-19
     162.1  1.313e-19
     166.1  1.285e-19
     170.1  9.132e-20
     174.1  9.637e-20
     178.1  8.329e-20
     182.1  9.207e-20
     186.1  7.875e-20
     190.1  7.635e-20
     194.1  7.273e-20
     198.1    8.8e-20
     202.1  9.401e-20
     206.1  1.095e-19
     210.1  1.766e-19
     214.1  1.189e-19
     218.1   7.01e-20
     222.1   6.51e-20
     226.1  8.585e-20
     230.1  8.449e-20
     234.1  1.338e-19
     238.1  7.566e-20
     242.1  8.546e-20
     246.1  9.875e-20
     250.1   1.04e-19
     254.1  9.189e-20
     258.1  1.181e-19
     262.1  9.921e-20
     266.1  8.767e-20
     270.1  8.803e-20
     274.1  8.974e-20
     278.1  7.657e-20
     282.1  1.199e-19
     286.1  1.007e-19
     290.1  8.244e-20
     294.1  1.218e-19
     298.1  1.489e-19
     302.1  2.536e-19
     306.1  3.833e-19
     310.1  1.348e-19
     314.1  1.022e-19
     318.1  9.441e-20
     322.1  9.205e-20
     326.1   7.26e-20
     330.1  2.507e-19
     334.1  4.081e-19
     338.1  1.148e-19
     342.1  1.417e-19
     346.1  6.536e-20
     350.1  1.018e-19
