     2.001      19.61
     6.002      20.59
        10      20.97
     14.01      21.22
     18.01      21.46
     22.01      21.63
     26.01      21.94
     30.01       21.9
     34.01      22.36
     38.02      22.63
     42.02      23.04
     46.02      23.32
     50.02      23.47
     54.02      23.52
     58.02      23.77
     62.02      23.86
     66.03      23.99
     70.03      24.19
     74.03       24.2
     78.03      24.33
     82.03      24.09
     86.03      24.02
     90.04      23.88
     94.04      24.25
     98.04      24.41
       102      24.41
       106      24.61
       110      24.53
       114      24.51
       118      24.57
       122       24.8
       126      24.69
     130.1      24.67
     134.1       24.6
     138.1      24.62
     142.1       25.1
     146.1      24.72
     150.1      25.21
     154.1      25.31
     158.1      25.25
     162.1      25.22
     166.1      25.24
     170.1      25.61
     174.1      25.56
     178.1      25.71
     182.1      25.61
     186.1      25.78
     190.1      25.81
     194.1      25.86
     198.1      25.65
     202.1      25.58
     206.1      25.42
     210.1       24.9
     214.1      25.33
     218.1       25.9
     222.1      25.98
     226.1      25.68
     230.1       25.7
     234.1       25.2
     238.1      25.82
     242.1      25.69
     246.1      25.53
     250.1      25.47
     254.1      25.61
     258.1      25.34
     262.1      25.52
     266.1      25.66
     270.1      25.65
     274.1      25.63
     278.1      25.81
     282.1      25.32
     286.1      25.51
     290.1      25.73
     294.1       25.3
     298.1      25.08
     302.1      24.51
     306.1      24.06
     310.1      25.19
     314.1      25.49
     318.1      25.58
     322.1      25.61
     326.1      25.86
     330.1      24.52
     334.1      23.99
     338.1      25.37
     342.1      25.14
     346.1      25.98
     350.1       25.5
