     6.049  2.633e+08
     10.08      1e+08
     14.11  5.433e+07
     18.15  2.951e+07
     22.18  2.005e+07
     26.21  1.124e+07
     30.24  7.676e+06
     34.28  3.323e+06
     38.31  3.176e+06
     42.34  2.485e+06
     46.37  1.591e+06
     50.41  1.046e+06
     54.44   7.02e+05
     58.47   1.11e+06
      62.5  1.111e+06
     66.54  1.852e+06
     70.57  8.475e+05
      74.6  4.802e+05
     78.63   3.81e+05
     82.67   3.83e+05
      86.7  4.432e+05
     90.73  5.656e+05
     94.76  5.068e+05
      98.8  1.146e+06
     102.8   5.49e+05
     106.9  6.302e+05
     110.9  3.308e+05
     114.9  3.009e+05
       119  2.195e+05
       123  3.569e+05
       127  2.515e+05
     131.1  4.052e+05
     135.1   3.17e+05
     139.1  2.814e+05
     143.2  2.423e+05
     147.2  4.019e+05
     151.2  1.691e+05
     155.3   2.64e+05
     159.3  1.469e+05
     163.3  1.631e+05
     167.4  3.645e+04
     171.4  6.103e+04
     175.4  3.716e+04
     179.4       8677
     183.5       8979
     187.5          0
     191.5   1.13e+04
     195.6       8222
     199.6          0
     203.6          0
     207.7          0
     211.7          0
     215.7          0
     219.8       6414
     223.8          0
     227.8          0
     231.9          0
     235.9          0
     239.9       6024
       244          0
       248          0
       252          0
     256.1          0
     260.1          0
     264.1          0
     268.2          0
     272.2          0
     276.2          0
     280.3          0
     284.3          0
     288.3          0
     292.4          0
     296.4          0
     300.4          0
     304.5          0
