     2.016  2.857e+10
     6.049  6.893e+10
     10.08  9.447e+10
     14.11  1.139e+11
     18.15  1.275e+11
     22.18  1.387e+11
     26.21  1.462e+11
     30.24  1.521e+11
     34.28   1.55e+11
     38.31  1.581e+11
     42.34  1.607e+11
     46.37  1.626e+11
     50.41  1.639e+11
     54.44  1.649e+11
     58.47  1.665e+11
      62.5  1.683e+11
     66.54  1.714e+11
     70.57  1.729e+11
      74.6  1.738e+11
     78.63  1.746e+11
     82.67  1.754e+11
      86.7  1.764e+11
     90.73  1.777e+11
     94.76  1.789e+11
      98.8  1.818e+11
     102.8  1.832e+11
     106.9  1.849e+11
     110.9  1.858e+11
     114.9  1.867e+11
       119  1.874e+11
       123  1.885e+11
       127  1.893e+11
     131.1  1.906e+11
     135.1  1.917e+11
     139.1  1.927e+11
     143.2  1.936e+11
     147.2  1.951e+11
     151.2  1.957e+11
     155.3  1.968e+11
     159.3  1.974e+11
     163.3   1.98e+11
     167.4  1.982e+11
     171.4  1.985e+11
     175.4  1.986e+11
     179.4  1.987e+11
     183.5  1.987e+11
     187.5  1.987e+11
     191.5  1.988e+11
     195.6  1.988e+11
     199.6  1.988e+11
     203.6  1.988e+11
     207.7  1.988e+11
     211.7  1.988e+11
     215.7  1.988e+11
     219.8  1.988e+11
     223.8  1.988e+11
     227.8  1.988e+11
     231.9  1.988e+11
     235.9  1.988e+11
     239.9  1.989e+11
       244  1.989e+11
       248  1.989e+11
       252  1.989e+11
     256.1  1.989e+11
     260.1  1.989e+11
     264.1  1.989e+11
     268.2  1.989e+11
     272.2  1.989e+11
     276.2  1.989e+11
     280.3  1.989e+11
     284.3  1.989e+11
     288.3  1.989e+11
     292.4  1.989e+11
     296.4  1.989e+11
     300.4  1.989e+11
     304.5  1.989e+11
