     2.016  4.954e-17
     6.049   1.03e-17
     10.08  5.275e-18
     14.11  3.067e-18
     18.15  1.735e-18
     22.18  1.191e-18
     26.21  7.161e-19
     30.24  5.748e-19
     34.28  8.003e-19
     38.31  6.649e-19
     42.34  7.037e-19
     46.37   1.87e-19
     50.41  2.655e-19
     54.44  1.066e-19
     58.47  1.501e-19
      62.5  2.144e-19
     66.54  3.563e-19
     70.57  1.221e-19
      74.6  5.356e-20
     78.63  3.618e-20
     82.67  3.756e-20
      86.7  3.828e-20
     90.73  7.918e-20
     94.76  8.209e-20
      98.8  1.012e-19
     102.8  5.959e-20
     106.9  5.803e-20
     110.9  4.691e-20
     114.9  3.733e-20
       119  4.327e-20
       123  8.025e-20
       127  8.252e-20
     131.1  9.396e-20
     135.1  1.421e-19
     139.1  5.641e-20
     143.2  6.051e-20
     147.2  4.748e-20
     151.2  4.092e-20
     155.3  5.186e-20
     159.3   4.68e-20
     163.3  1.557e-20
     167.4  8.712e-21
     171.4  8.247e-21
     175.4  1.704e-21
     179.4  1.796e-21
     183.5  4.065e-22
     187.5  1.275e-21
     191.5  3.006e-21
     195.6  2.457e-23
     199.6      1e-23
     203.6      1e-23
     207.7      1e-23
     211.7      1e-23
     215.7   3.97e-22
     219.8      1e-23
     223.8      1e-23
     227.8      1e-23
     231.9      1e-23
     235.9  3.974e-22
     239.9  7.869e-22
       244      1e-23
       248      1e-23
       252      1e-23
     256.1      1e-23
     260.1      1e-23
     264.1      1e-23
     268.2      1e-23
     272.2      1e-23
     276.2      1e-23
     280.3      1e-23
     284.3      1e-23
     288.3      1e-23
     292.4      1e-23
     296.4      1e-23
     300.4      1e-23
     304.5      1e-23
