     2.016      18.78
     6.049      20.48
     10.08      21.21
     14.11       21.8
     18.15      22.42
     22.18      22.83
     26.21      23.38
     30.24      23.62
     34.28      23.26
     38.31      23.46
     42.34       23.4
     46.37      24.84
     50.41      24.46
     54.44      25.45
     58.47      25.07
      62.5      24.69
     66.54      24.14
     70.57       25.3
      74.6      26.19
     78.63      26.62
     82.67      26.58
      86.7      26.56
     90.73      25.77
     94.76      25.73
      98.8       25.5
     102.8      26.08
     106.9      26.11
     110.9      26.34
     114.9      26.59
       119      26.43
       123      25.76
       127      25.72
     131.1      25.58
     135.1      25.13
     139.1      26.14
     143.2      26.06
     147.2      26.32
     151.2      26.49
     155.3      26.23
     159.3      26.34
     163.3      27.54
     167.4      28.17
     171.4      28.23
     175.4      29.94
     179.4      29.88
     183.5      31.49
     187.5      30.25
     191.5      29.32
     195.6      34.54
     199.6      35.52
     203.6      35.52
     207.7      35.52
     211.7      35.52
     215.7      31.52
     219.8      35.52
     223.8      35.52
     227.8      35.52
     231.9      35.52
     235.9      31.52
     239.9      30.78
       244      35.52
       248      35.52
       252      35.52
     256.1      35.52
     260.1      35.52
     264.1      35.52
     268.2      35.52
     272.2      35.52
     276.2      35.52
     280.3      35.52
     284.3      35.52
     288.3      35.52
     292.4      35.52
     296.4      35.52
     300.4      35.52
     304.5      35.52
