     6.002  6.931e+08
        10  6.217e+08
        14  4.942e+08
        18  3.879e+08
     22.01  3.195e+08
     26.01  2.583e+08
     30.01  2.173e+08
     34.01  1.823e+08
     38.01  1.584e+08
     42.01  1.395e+08
     46.01    1.2e+08
     50.01  1.051e+08
     54.01  9.174e+07
     58.02  8.027e+07
     62.02  7.464e+07
     66.02  6.558e+07
     70.02  6.062e+07
     74.02  5.882e+07
     78.02  5.222e+07
     82.02   4.96e+07
     86.02  4.258e+07
     90.02  4.101e+07
     94.03  3.896e+07
     98.03  3.541e+07
       102   3.17e+07
       106  2.863e+07
       110  2.942e+07
       114  2.739e+07
       118  2.494e+07
       122  2.351e+07
       126  2.265e+07
       130  2.217e+07
       134  2.039e+07
       138  1.897e+07
       142  1.922e+07
       146  1.711e+07
       150  1.514e+07
       154  1.585e+07
       158  1.509e+07
       162  1.482e+07
       166  1.404e+07
       170  1.336e+07
       174  1.248e+07
       178  1.166e+07
     182.1  1.072e+07
     186.1  9.625e+06
     190.1  9.469e+06
     194.1  8.539e+06
     198.1  8.536e+06
     202.1  8.129e+06
     206.1  8.291e+06
     210.1  7.626e+06
     214.1  7.249e+06
     218.1  5.884e+06
     222.1   6.81e+06
     226.1  6.411e+06
     230.1  6.037e+06
     234.1  5.366e+06
     238.1  4.991e+06
     242.1  5.402e+06
     246.1  4.892e+06
     250.1   4.92e+06
     254.1  3.918e+06
     258.1  3.408e+06
     262.1  2.898e+06
     266.1  2.387e+06
     270.1  2.065e+06
     274.1  1.554e+06
     278.1  1.497e+06
     282.1  1.506e+06
     286.1  1.627e+06
     290.1  1.379e+06
     294.1  1.033e+06
     298.1  8.772e+05
     302.1  7.608e+05
     306.1  6.321e+05
     310.1  7.227e+05
     314.1  5.134e+05
     318.1  4.148e+05
     322.1  3.232e+05
     326.1  2.701e+05
     330.1  2.711e+05
     334.1  2.014e+05
     338.1  1.583e+05
     342.1  6.493e+04
     346.1  6.745e+04
     350.1  3.221e+04
