     2.001  3.142e-17
     6.002   1.35e-17
        10  1.042e-17
        14  8.696e-18
        18  6.983e-18
     22.01  6.008e-18
     26.01  5.453e-18
     30.01  5.863e-18
     34.01  3.687e-18
     38.01  3.423e-18
     42.01  2.643e-18
     46.01  2.241e-18
     50.01  1.959e-18
     54.01  1.756e-18
     58.02  1.478e-18
     62.02  1.405e-18
     66.02  1.166e-18
     70.02  1.252e-18
     74.02  1.162e-18
     78.02  1.012e-18
     82.02  8.932e-19
     86.02  7.756e-19
     90.02  7.345e-19
     94.03  6.701e-19
     98.03  5.967e-19
       102   5.46e-19
       106  5.543e-19
       110  5.287e-19
       114  4.599e-19
       118   4.31e-19
       122  4.171e-19
       126  4.309e-19
       130  4.479e-19
       134   3.63e-19
       138  3.383e-19
       142  3.189e-19
       146  2.937e-19
       150  2.973e-19
       154   2.92e-19
       158  2.736e-19
       162  2.701e-19
       166  2.384e-19
       170  2.289e-19
       174  2.076e-19
       178  2.057e-19
     182.1   1.93e-19
     186.1   1.93e-19
     190.1  1.918e-19
     194.1  1.471e-19
     198.1  1.704e-19
     202.1   1.54e-19
     206.1   1.46e-19
     210.1  1.291e-19
     214.1   1.39e-19
     218.1  1.331e-19
     222.1  1.247e-19
     226.1  1.352e-19
     230.1  2.045e-19
     234.1  1.306e-19
     238.1  9.354e-20
     242.1  1.034e-19
     246.1  1.221e-19
     250.1  2.278e-19
     254.1   1.89e-19
     258.1  1.003e-19
     262.1  7.937e-20
     266.1    7.1e-20
     270.1  6.404e-20
     274.1  6.511e-20
     278.1  6.338e-20
     282.1  7.056e-20
     286.1  6.517e-20
     290.1  5.775e-20
     294.1  4.843e-20
     298.1  5.518e-20
     302.1  4.071e-20
     306.1   4.54e-20
     310.1  4.787e-20
     314.1  4.572e-20
     318.1  3.324e-20
     322.1  4.192e-20
     326.1  3.661e-20
     330.1  3.928e-20
     334.1  3.049e-20
     338.1  3.075e-20
     342.1  1.918e-20
     346.1   2.79e-20
     350.1  2.748e-20
