     2.001  9.606e+09
     6.002  7.996e+10
        10  1.786e+11
        14  2.883e+11
        18    4.1e+11
     22.01  5.251e+11
     26.01  6.313e+11
     30.01   7.28e+11
     34.01   8.24e+11
     38.01  9.125e+11
     42.01  9.909e+11
     46.01  1.068e+12
     50.01  1.142e+12
     54.01  1.219e+12
     58.02  1.288e+12
     62.02  1.361e+12
     66.02  1.434e+12
     70.02  1.508e+12
     74.02  1.579e+12
     78.02  1.643e+12
     82.02  1.705e+12
     86.02  1.765e+12
     90.02  1.827e+12
     94.03   1.89e+12
     98.03   1.95e+12
       102  2.005e+12
       106  2.059e+12
       110   2.11e+12
       114  2.161e+12
       118   2.21e+12
       122  2.258e+12
       126  2.307e+12
       130  2.355e+12
       134  2.402e+12
       138  2.448e+12
       142  2.494e+12
       146  2.543e+12
       150  2.589e+12
       154  2.638e+12
       158  2.685e+12
       162   2.73e+12
       166  2.776e+12
       170  2.819e+12
       174  2.862e+12
       178  2.906e+12
     182.1  2.948e+12
     186.1  2.987e+12
     190.1  3.026e+12
     194.1  3.067e+12
     198.1  3.107e+12
     202.1  3.149e+12
     206.1  3.196e+12
     210.1  3.239e+12
     214.1  3.282e+12
     218.1  3.319e+12
     222.1  3.354e+12
     226.1  3.393e+12
     230.1  3.429e+12
     234.1  3.463e+12
     238.1  3.497e+12
     242.1  3.531e+12
     246.1  3.567e+12
     250.1  3.604e+12
     254.1  3.633e+12
     258.1  3.656e+12
     262.1  3.677e+12
     266.1  3.698e+12
     270.1  3.715e+12
     274.1  3.731e+12
     278.1  3.747e+12
     282.1  3.762e+12
     286.1  3.775e+12
     290.1  3.787e+12
     294.1  3.798e+12
     298.1  3.807e+12
     302.1  3.816e+12
     306.1  3.824e+12
     310.1  3.833e+12
     314.1  3.841e+12
     318.1  3.847e+12
     322.1  3.851e+12
     326.1  3.855e+12
     330.1  3.858e+12
     334.1  3.861e+12
     338.1  3.864e+12
     342.1  3.866e+12
     346.1  3.867e+12
     350.1  3.867e+12
