     2.001  8.433e-18
     6.002  6.954e-18
        10  5.109e-18
        14  4.103e-18
        18  3.553e-18
     22.01  2.773e-18
     26.01  2.216e-18
     30.01  1.934e-18
     34.01  1.716e-18
     38.01  1.665e-18
     42.01   1.27e-18
     46.01  1.086e-18
     50.01  1.117e-18
     54.01  9.897e-19
     58.02  9.284e-19
     62.02  8.502e-19
     66.02  7.984e-19
     70.02  7.216e-19
     74.02  6.499e-19
     78.02  6.242e-19
     82.02  5.806e-19
     86.02  5.894e-19
     90.02  6.051e-19
     94.03  5.617e-19
     98.03  5.273e-19
       102  4.294e-19
       106  3.832e-19
       110  3.766e-19
       114  3.478e-19
       118  3.134e-19
       122  3.036e-19
       126  3.195e-19
       130  3.004e-19
       134  2.803e-19
       138  2.893e-19
       142  2.745e-19
       146   2.71e-19
       150  2.694e-19
       154  2.738e-19
       158  2.309e-19
       162  2.235e-19
       166  2.701e-19
       170  2.675e-19
       174  2.308e-19
       178  2.327e-19
     182.1  2.171e-19
     186.1  2.009e-19
     190.1  2.052e-19
     194.1  2.616e-19
     198.1  2.846e-19
     202.1  1.985e-19
     206.1  1.861e-19
     210.1  1.672e-19
     214.1  1.889e-19
     218.1  1.871e-19
     222.1  2.288e-19
     226.1  1.816e-19
     230.1  1.442e-19
     234.1  1.349e-19
     238.1  1.142e-19
     242.1  1.446e-19
     246.1  1.308e-19
     250.1   1.12e-19
     254.1  1.223e-19
     258.1  1.071e-19
     262.1  9.425e-20
     266.1  1.128e-19
     270.1  1.207e-19
     274.1  1.126e-19
     278.1  1.297e-19
     282.1  8.964e-20
     286.1  9.664e-20
     290.1   1.06e-19
     294.1  9.929e-20
     298.1  9.904e-20
     302.1  8.994e-20
     306.1   9.96e-20
     310.1    1.1e-19
     314.1  1.125e-19
     318.1  8.068e-20
     322.1  5.296e-20
     326.1  5.734e-20
     330.1  5.922e-20
     334.1  6.173e-20
     338.1   1.04e-19
     342.1  5.061e-20
     346.1  3.266e-20
     350.1  1.175e-20
