     6.002  5.036e+08
        10  3.976e+08
        14  3.002e+08
        18  2.556e+08
     22.01  2.302e+08
     26.01  1.937e+08
     30.01  1.752e+08
     34.01  1.561e+08
     38.01  1.376e+08
     42.01  1.158e+08
     46.01  1.101e+08
     50.01  1.014e+08
     54.01  9.633e+07
     58.02  8.728e+07
     62.02  7.611e+07
     66.02  7.066e+07
     70.02  6.247e+07
     74.02  5.687e+07
     78.02  4.848e+07
     82.02  4.554e+07
     86.02  4.021e+07
     90.02  3.459e+07
     94.03  3.158e+07
     98.03  2.767e+07
       102  2.583e+07
       106  2.537e+07
       110   2.42e+07
       114  2.244e+07
       118  2.125e+07
       122  1.934e+07
       126  1.901e+07
       130    1.7e+07
       134  1.586e+07
       138  1.513e+07
       142  1.637e+07
       146  1.534e+07
       150   1.38e+07
       154  1.221e+07
       158  1.201e+07
       162  1.061e+07
       166  9.882e+06
       170  9.268e+06
       174  8.404e+06
       178  8.215e+06
     182.1  8.006e+06
     186.1  6.747e+06
     190.1   7.17e+06
     194.1  6.881e+06
     198.1  6.022e+06
     202.1  6.112e+06
     206.1  5.999e+06
     210.1  5.787e+06
     214.1  5.844e+06
     218.1  6.423e+06
     222.1  5.598e+06
     226.1  5.084e+06
     230.1  4.745e+06
     234.1  5.465e+06
     238.1  4.944e+06
     242.1  4.664e+06
     246.1  4.137e+06
     250.1  3.788e+06
     254.1  2.957e+06
     258.1  2.494e+06
     262.1  2.202e+06
     266.1  1.581e+06
     270.1  1.443e+06
     274.1  1.246e+06
     278.1    1.1e+06
     282.1  9.186e+05
     286.1  9.935e+05
     290.1  1.423e+06
     294.1  1.167e+06
     298.1  6.892e+05
     302.1  4.208e+05
     306.1  4.084e+05
     310.1  3.758e+05
     314.1  2.756e+05
     318.1  2.555e+05
     322.1  1.922e+05
     326.1  1.898e+05
     330.1  1.511e+05
     334.1  1.528e+05
     338.1  1.232e+05
     342.1  6.941e+04
     346.1  2.936e+04
     350.1  3.556e+04
