     2.001  2.668e+10
     6.002  1.027e+11
        10  2.026e+11
        14  3.083e+11
        18   4.24e+11
     22.01  5.514e+11
     26.01   6.78e+11
     30.01  8.101e+11
     34.01  9.436e+11
     38.01  1.075e+12
     42.01  1.197e+12
     46.01  1.325e+12
     50.01  1.452e+12
     54.01  1.583e+12
     58.02   1.71e+12
     62.02  1.829e+12
     66.02  1.946e+12
     70.02  2.056e+12
     74.02  2.162e+12
     78.02  2.257e+12
     82.02  2.351e+12
     86.02  2.438e+12
     90.02  2.516e+12
     94.03  2.591e+12
     98.03  2.659e+12
       102  2.725e+12
       106  2.793e+12
       110   2.86e+12
       114  2.924e+12
       118  2.987e+12
       122  3.047e+12
       126  3.107e+12
       130  3.162e+12
       134  3.216e+12
       138  3.268e+12
       142  3.327e+12
       146  3.383e+12
       150  3.435e+12
       154  3.483e+12
       158   3.53e+12
       162  3.574e+12
       166  3.615e+12
       170  3.654e+12
       174  3.691e+12
       178  3.728e+12
     182.1  3.765e+12
     186.1  3.796e+12
     190.1   3.83e+12
     194.1  3.864e+12
     198.1  3.894e+12
     202.1  3.925e+12
     206.1  3.956e+12
     210.1  3.987e+12
     214.1  4.018e+12
     218.1  4.053e+12
     222.1  4.085e+12
     226.1  4.113e+12
     230.1  4.141e+12
     234.1  4.173e+12
     238.1  4.203e+12
     242.1  4.231e+12
     246.1  4.257e+12
     250.1   4.28e+12
     254.1  4.299e+12
     258.1  4.315e+12
     262.1   4.33e+12
     266.1  4.341e+12
     270.1   4.35e+12
     274.1  4.359e+12
     278.1  4.367e+12
     282.1  4.373e+12
     286.1   4.38e+12
     290.1  4.391e+12
     294.1  4.399e+12
     298.1  4.404e+12
     302.1  4.408e+12
     306.1  4.411e+12
     310.1  4.414e+12
     314.1  4.416e+12
     318.1  4.418e+12
     322.1  4.419e+12
     326.1  4.421e+12
     330.1  4.422e+12
     334.1  4.424e+12
     338.1  4.425e+12
     342.1  4.425e+12
     346.1  4.425e+12
     350.1  4.426e+12
