     2.001  9.862e-18
     6.002  8.849e-18
        10  7.303e-18
        14  5.339e-18
        18  5.144e-18
     22.01  4.947e-18
     26.01   3.71e-18
     30.01  2.947e-18
     34.01  2.646e-18
     38.01  2.438e-18
     42.01   2.06e-18
     46.01  1.947e-18
     50.01  1.724e-18
     54.01  1.601e-18
     58.02  1.375e-18
     62.02  1.216e-18
     66.02  1.135e-18
     70.02  9.952e-19
     74.02  9.601e-19
     78.02  9.688e-19
     82.02  7.496e-19
     86.02  6.498e-19
     90.02  6.719e-19
     94.03  7.468e-19
     98.03  6.291e-19
       102  5.823e-19
       106   5.62e-19
       110   5.73e-19
       114  5.106e-19
       118  4.061e-19
       122   5.55e-19
       126  7.549e-19
       130  5.905e-19
       134  3.014e-19
       138  2.899e-19
       142  2.812e-19
       146  2.377e-19
       150  2.102e-19
       154  1.948e-19
       158  1.795e-19
       162  1.643e-19
       166  1.715e-19
       170  1.398e-19
       174  1.321e-19
       178  1.271e-19
     182.1  1.145e-19
     186.1  1.073e-19
     190.1  1.096e-19
     194.1  1.145e-19
     198.1  9.853e-20
     202.1  9.431e-20
     206.1  8.876e-20
     210.1  9.619e-20
     214.1  9.807e-20
     218.1  9.344e-20
     222.1   7.99e-20
     226.1  8.038e-20
     230.1  7.738e-20
     234.1  7.758e-20
     238.1   7.52e-20
     242.1  6.775e-20
     246.1  6.374e-20
     250.1  5.802e-20
     254.1  5.183e-20
     258.1  5.357e-20
     262.1  4.325e-20
     266.1  3.942e-20
     270.1  4.179e-20
     274.1  3.839e-20
     278.1  3.855e-20
     282.1  3.251e-20
     286.1  4.242e-20
     290.1  5.524e-20
     294.1  3.831e-20
     298.1  3.048e-20
     302.1  2.305e-20
     306.1  2.878e-20
     310.1  2.714e-20
     314.1  2.462e-20
     318.1  2.211e-20
     322.1  2.225e-20
     326.1  2.146e-20
     330.1  2.356e-20
     334.1  2.777e-20
     338.1  2.533e-20
     342.1   2.25e-20
     346.1  2.124e-20
     350.1  1.879e-20
