     6.002  6.623e+08
        10  4.932e+08
     14.01  3.662e+08
     18.01  2.369e+08
     22.01  1.783e+08
     26.01  1.321e+08
     30.01  1.084e+08
     34.01  8.845e+07
     38.02  7.727e+07
     42.02  6.941e+07
     46.02  5.634e+07
     50.02   5.28e+07
     54.02  4.862e+07
     58.02  4.152e+07
     62.02    3.7e+07
     66.03  3.492e+07
     70.03  2.802e+07
     74.03    2.5e+07
     78.03  2.236e+07
     82.03  1.998e+07
     86.03  2.056e+07
     90.04  2.038e+07
     94.04  1.723e+07
     98.04  1.556e+07
       102  1.429e+07
       106  1.417e+07
       110   1.27e+07
       114   1.11e+07
       118  9.893e+06
       122  8.215e+06
       126   7.47e+06
     130.1  7.616e+06
     134.1  6.675e+06
     138.1  5.647e+06
     142.1  5.876e+06
     146.1  5.124e+06
     150.1  4.714e+06
     154.1  4.554e+06
     158.1  4.734e+06
     162.1  4.505e+06
     166.1  4.402e+06
     170.1  3.705e+06
     174.1  3.678e+06
     178.1   3.23e+06
     182.1  3.372e+06
     186.1  3.478e+06
     190.1  2.773e+06
     194.1  2.709e+06
     198.1  2.491e+06
     202.1  2.236e+06
     206.1  2.285e+06
     210.1  2.229e+06
     214.1  2.108e+06
     218.1  1.733e+06
     222.1  1.617e+06
     226.1  1.577e+06
     230.1  2.063e+06
     234.1  1.941e+06
     238.1  1.293e+06
     242.1   1.03e+06
     246.1  8.945e+05
     250.1   8.77e+05
     254.1  8.771e+05
     258.1  6.326e+05
     262.1  5.948e+05
     266.1   4.74e+05
     270.1   4.79e+05
     274.1  5.646e+05
     278.1   6.33e+05
     282.1  4.126e+05
     286.1  3.793e+05
     290.1  3.518e+05
     294.1  3.181e+05
     298.1  2.088e+05
     302.1  2.141e+05
     306.1   1.22e+05
     310.1  1.658e+05
     314.1  1.228e+05
     318.1  1.365e+05
     322.1  6.594e+04
     326.1  6.816e+04
     330.1  4.503e+04
     334.1  2.646e+04
     338.1  1.729e+04
     342.1  2.782e+04
     346.1       8062
     350.1  1.717e+04
