     2.001  4.335e+10
     6.002  1.433e+11
        10  2.673e+11
     14.01  3.963e+11
     18.01  5.035e+11
     22.01  6.022e+11
     26.01  6.885e+11
     30.01  7.703e+11
     34.01   8.46e+11
     38.02  9.198e+11
     42.02  9.931e+11
     46.02  1.058e+12
     50.02  1.125e+12
     54.02  1.191e+12
     58.02  1.251e+12
     62.02  1.309e+12
     66.03  1.367e+12
     70.03  1.416e+12
     74.03  1.463e+12
     78.03  1.507e+12
     82.03  1.548e+12
     86.03  1.592e+12
     90.04  1.639e+12
     94.04  1.679e+12
     98.04  1.718e+12
       102  1.754e+12
       106  1.792e+12
       110  1.827e+12
       114  1.859e+12
       118  1.888e+12
       122  1.914e+12
       126  1.937e+12
     130.1  1.962e+12
     134.1  1.985e+12
     138.1  2.004e+12
     142.1  2.025e+12
     146.1  2.044e+12
     150.1  2.062e+12
     154.1   2.08e+12
     158.1  2.098e+12
     162.1  2.117e+12
     166.1  2.135e+12
     170.1  2.151e+12
     174.1  2.167e+12
     178.1  2.182e+12
     182.1  2.197e+12
     186.1  2.213e+12
     190.1  2.227e+12
     194.1   2.24e+12
     198.1  2.252e+12
     202.1  2.263e+12
     206.1  2.275e+12
     210.1  2.287e+12
     214.1  2.298e+12
     218.1  2.308e+12
     222.1  2.317e+12
     226.1  2.326e+12
     230.1  2.338e+12
     234.1  2.349e+12
     238.1  2.357e+12
     242.1  2.363e+12
     246.1  2.369e+12
     250.1  2.374e+12
     254.1   2.38e+12
     258.1  2.384e+12
     262.1  2.388e+12
     266.1  2.391e+12
     270.1  2.394e+12
     274.1  2.398e+12
     278.1  2.403e+12
     282.1  2.406e+12
     286.1  2.408e+12
     290.1  2.411e+12
     294.1  2.413e+12
     298.1  2.415e+12
     302.1  2.416e+12
     306.1  2.417e+12
     310.1  2.419e+12
     314.1   2.42e+12
     318.1  2.421e+12
     322.1  2.421e+12
     326.1  2.422e+12
     330.1  2.422e+12
     334.1  2.422e+12
     338.1  2.423e+12
     342.1  2.423e+12
     346.1  2.423e+12
     350.1  2.423e+12
