     2.001  2.308e-15
     6.002  3.166e-17
        10  1.918e-17
     14.01  1.362e-17
     18.01  1.073e-17
     22.01  9.053e-18
     26.01  6.199e-18
     30.01  4.698e-18
     34.01  3.739e-18
     38.02  3.195e-18
     42.02  2.672e-18
     46.02  2.152e-18
     50.02  2.099e-18
     54.02  1.949e-18
     58.02  1.569e-18
     62.02  1.422e-18
     66.03  1.287e-18
     70.03  1.064e-18
     74.03  9.739e-19
     78.03  9.344e-19
     82.03  8.864e-19
     86.03  9.544e-19
     90.04  7.568e-19
     94.04   6.57e-19
     98.04  6.404e-19
       102  7.417e-19
       106  6.543e-19
       110  4.766e-19
       114  4.514e-19
       118   3.78e-19
       122   3.58e-19
       126  3.578e-19
     130.1    3.4e-19
     134.1  3.198e-19
     138.1  2.656e-19
     142.1   2.22e-19
     146.1  2.008e-19
     150.1   2.03e-19
     154.1  1.914e-19
     158.1  1.929e-19
     162.1  1.822e-19
     166.1  1.624e-19
     170.1  1.631e-19
     174.1  1.436e-19
     178.1  1.229e-19
     182.1  1.598e-19
     186.1  1.389e-19
     190.1  1.151e-19
     194.1  1.115e-19
     198.1  9.652e-20
     202.1  1.164e-19
     206.1  9.608e-20
     210.1  8.976e-20
     214.1  1.045e-19
     218.1  9.934e-20
     222.1  5.654e-20
     226.1  6.993e-20
     230.1  7.608e-20
     234.1  5.802e-20
     238.1  4.714e-20
     242.1  4.989e-20
     246.1  4.596e-20
     250.1  5.617e-20
     254.1  5.815e-20
     258.1  4.282e-20
     262.1  3.784e-20
     266.1  3.715e-20
     270.1   8.21e-20
     274.1  6.002e-20
     278.1  6.143e-20
     282.1  4.164e-20
     286.1  4.629e-20
     290.1  5.552e-20
     294.1  4.109e-20
     298.1  3.471e-20
     302.1  4.756e-20
     306.1  4.423e-20
     310.1  2.633e-20
     314.1  2.753e-20
     318.1  3.586e-20
     322.1  3.172e-20
     326.1  2.059e-20
     330.1  1.154e-20
     334.1   1.79e-20
     338.1  1.377e-20
     342.1  1.321e-20
     346.1  2.055e-20
     350.1  8.909e-20
