     2.001      14.61
     6.002      19.26
        10      19.81
     14.01      20.18
     18.01      20.44
     22.01      20.62
     26.01      21.04
     30.01      21.34
     34.01      21.58
     38.02      21.75
     42.02      21.95
     46.02      22.18
     50.02      22.21
     54.02      22.29
     58.02      22.53
     62.02      22.63
     66.03      22.74
     70.03      22.95
     74.03      23.04
     78.03      23.09
     82.03      23.15
     86.03      23.07
     90.04      23.32
     94.04      23.47
     98.04       23.5
       102      23.34
       106      23.48
       110      23.82
       114      23.88
       118      24.07
       122      24.13
       126      24.13
     130.1      24.19
     134.1      24.25
     138.1      24.46
     142.1      24.65
     146.1      24.76
     150.1      24.75
     154.1      24.81
     158.1       24.8
     162.1      24.86
     166.1      24.99
     170.1      24.98
     174.1      25.12
     178.1      25.29
     182.1      25.01
     186.1      25.16
     190.1      25.36
     194.1       25.4
     198.1      25.55
     202.1      25.35
     206.1      25.56
     210.1      25.63
     214.1      25.47
     218.1      25.52
     222.1      26.14
     226.1       25.9
     230.1      25.81
     234.1      26.11
     238.1      26.33
     242.1      26.27
     246.1      26.36
     250.1      26.14
     254.1       26.1
     258.1      26.44
     262.1      26.57
     266.1      26.59
     270.1      25.73
     274.1      26.07
     278.1      26.05
     282.1      26.47
     286.1      26.35
     290.1      26.15
     294.1      26.48
     298.1      26.66
     302.1      26.32
     306.1       26.4
     310.1      26.96
     314.1      26.92
     318.1      26.63
     322.1      26.76
     326.1      27.23
     330.1      27.86
     334.1      27.38
     338.1      27.67
     342.1      27.71
     346.1      27.23
     350.1      25.64
