     6.002  9.382e+08
        10  5.305e+08
     14.01  3.683e+08
     18.01  2.554e+08
     22.01  1.761e+08
     26.01  1.305e+08
     30.01  9.577e+07
     34.01  7.368e+07
     38.02  6.346e+07
     42.02  5.233e+07
     46.02  4.582e+07
     50.02  4.321e+07
     54.02   3.72e+07
     58.02   2.99e+07
     62.02  2.615e+07
     66.03  2.611e+07
     70.03  2.409e+07
     74.03  2.007e+07
     78.03  1.705e+07
     82.03  1.519e+07
     86.03  1.531e+07
     90.04  1.512e+07
     94.04  1.261e+07
     98.04  1.097e+07
       102  1.041e+07
       106  1.034e+07
       110  9.088e+06
       114   8.61e+06
       118    7.8e+06
       122  7.567e+06
       126  7.112e+06
     130.1  6.916e+06
     134.1  7.047e+06
     138.1  6.325e+06
     142.1  6.143e+06
     146.1  5.519e+06
     150.1  6.434e+06
     154.1  5.793e+06
     158.1   5.21e+06
     162.1  4.942e+06
     166.1  5.353e+06
     170.1  6.082e+06
     174.1  6.085e+06
     178.1   5.41e+06
     182.1  4.711e+06
     186.1  4.307e+06
     190.1  4.022e+06
     194.1  3.304e+06
     198.1  3.393e+06
     202.1  2.791e+06
     206.1  2.915e+06
     210.1  2.759e+06
     214.1  2.565e+06
     218.1  2.692e+06
     222.1  3.098e+06
     226.1  2.995e+06
     230.1  2.268e+06
     234.1  2.081e+06
     238.1  2.224e+06
     242.1  1.841e+06
     246.1  1.959e+06
     250.1  2.151e+06
     254.1  1.884e+06
     258.1  1.149e+06
     262.1  9.084e+05
     266.1  6.739e+05
     270.1   5.83e+05
     274.1  4.658e+05
     278.1  6.333e+05
     282.1  4.094e+05
     286.1  2.516e+05
     290.1  2.398e+05
     294.1  2.043e+05
     298.1  1.673e+05
     302.1  1.172e+05
     306.1   1.38e+05
     310.1  6.643e+04
     314.1  5.053e+04
     318.1  5.513e+04
     322.1  6.311e+04
     326.1   5.42e+04
     330.1  5.249e+04
     334.1   3.93e+04
     338.1  3.228e+04
     342.1       4252
     346.1  1.433e+04
     350.1          0
