     2.001  4.417e+10
     6.002  1.858e+11
        10  3.192e+11
     14.01  4.489e+11
     18.01  5.645e+11
     22.01  6.619e+11
     26.01  7.473e+11
     30.01  8.195e+11
     34.01  8.826e+11
     38.02  9.432e+11
     42.02  9.985e+11
     46.02  1.052e+12
     50.02  1.106e+12
     54.02  1.156e+12
     58.02    1.2e+12
     62.02  1.241e+12
     66.03  1.284e+12
     70.03  1.327e+12
     74.03  1.364e+12
     78.03  1.397e+12
     82.03  1.429e+12
     86.03  1.462e+12
     90.04  1.496e+12
     94.04  1.526e+12
     98.04  1.553e+12
       102   1.58e+12
       106  1.607e+12
       110  1.632e+12
       114  1.657e+12
       118   1.68e+12
       122  1.703e+12
       126  1.726e+12
     130.1  1.748e+12
     134.1  1.772e+12
     138.1  1.794e+12
     142.1  1.816e+12
     146.1  1.836e+12
     150.1  1.861e+12
     154.1  1.883e+12
     158.1  1.904e+12
     162.1  1.924e+12
     166.1  1.946e+12
     170.1  1.972e+12
     174.1  1.999e+12
     178.1  2.023e+12
     182.1  2.045e+12
     186.1  2.065e+12
     190.1  2.084e+12
     194.1    2.1e+12
     198.1  2.117e+12
     202.1  2.131e+12
     206.1  2.146e+12
     210.1  2.161e+12
     214.1  2.175e+12
     218.1   2.19e+12
     222.1  2.207e+12
     226.1  2.224e+12
     230.1  2.237e+12
     234.1  2.249e+12
     238.1  2.263e+12
     242.1  2.274e+12
     246.1  2.286e+12
     250.1  2.299e+12
     254.1  2.311e+12
     258.1  2.319e+12
     262.1  2.325e+12
     266.1  2.329e+12
     270.1  2.333e+12
     274.1  2.337e+12
     278.1  2.341e+12
     282.1  2.344e+12
     286.1  2.346e+12
     290.1  2.347e+12
     294.1  2.349e+12
     298.1   2.35e+12
     302.1  2.351e+12
     306.1  2.352e+12
     310.1  2.353e+12
     314.1  2.353e+12
     318.1  2.354e+12
     322.1  2.354e+12
     326.1  2.354e+12
     330.1  2.355e+12
     334.1  2.355e+12
     338.1  2.356e+12
     342.1  2.356e+12
     346.1  2.356e+12
     350.1  2.356e+12
