     2.001  1.408e-16
     6.002  3.058e-17
        10  2.083e-17
     14.01  1.531e-17
     18.01  1.221e-17
     22.01  1.095e-17
     26.01  6.678e-18
     30.01  5.071e-18
     34.01  3.988e-18
     38.02  3.542e-18
     42.02  3.176e-18
     46.02  2.877e-18
     50.02  2.937e-18
     54.02  3.354e-18
     58.02  2.553e-18
     62.02   3.02e-18
     66.03  3.086e-18
     70.03  1.673e-18
     74.03  1.608e-18
     78.03  1.494e-18
     82.03  2.098e-18
     86.03  1.666e-18
     90.04  1.312e-18
     94.04  9.961e-19
     98.04  7.854e-19
       102   7.52e-19
       106   7.06e-19
       110  5.653e-19
       114   5.48e-19
       118  6.814e-19
       122  4.535e-19
       126  4.189e-19
     130.1  4.409e-19
     134.1  4.233e-19
     138.1   3.91e-19
     142.1  4.231e-19
     146.1  3.655e-19
     150.1  3.322e-19
     154.1   2.95e-19
     158.1  3.073e-19
     162.1  3.069e-19
     166.1  3.436e-19
     170.1  3.478e-19
     174.1  3.277e-19
     178.1  3.009e-19
     182.1  2.895e-19
     186.1  2.756e-19
     190.1  2.682e-19
     194.1  2.454e-19
     198.1  2.104e-19
     202.1  2.093e-19
     206.1  2.216e-19
     210.1   2.17e-19
     214.1  1.786e-19
     218.1  1.833e-19
     222.1  1.786e-19
     226.1  1.661e-19
     230.1   1.71e-19
     234.1  2.084e-19
     238.1  1.482e-19
     242.1  1.444e-19
     246.1  1.473e-19
     250.1  1.982e-19
     254.1  2.007e-19
     258.1  2.734e-19
     262.1  2.441e-19
     266.1  1.559e-19
     270.1  8.678e-20
     274.1  7.425e-20
     278.1  7.291e-20
     282.1  4.878e-20
     286.1  5.253e-20
     290.1  5.467e-20
     294.1  3.689e-20
     298.1   3.98e-20
     302.1  2.927e-20
     306.1  3.447e-20
     310.1    2.1e-20
     314.1  2.758e-20
     318.1   3.06e-20
     322.1  2.216e-20
     326.1  5.855e-20
     330.1   3.39e-20
     334.1  4.994e-20
     338.1  1.603e-20
     342.1  3.053e-20
     346.1  1.964e-20
     350.1      1e-23
