     2.001      17.64
     6.002       19.3
        10      19.72
     14.01      20.05
     18.01       20.3
     22.01      20.42
     26.01      20.95
     30.01      21.25
     34.01      21.51
     38.02      21.64
     42.02      21.76
     46.02      21.87
     50.02      21.85
     54.02       21.7
     58.02         22
     62.02      21.82
     66.03      21.79
     70.03      22.46
     74.03       22.5
     78.03      22.58
     82.03      22.21
     86.03      22.46
     90.04      22.72
     94.04      23.02
     98.04      23.28
       102      23.33
       106      23.39
       110      23.64
       114      23.67
       118      23.43
       122      23.87
       126      23.96
     130.1      23.91
     134.1      23.95
     138.1      24.04
     142.1      23.95
     146.1      24.11
     150.1      24.21
     154.1      24.34
     158.1       24.3
     162.1       24.3
     166.1      24.18
     170.1      24.16
     174.1      24.23
     178.1      24.32
     182.1      24.36
     186.1      24.42
     190.1      24.44
     194.1      24.54
     198.1      24.71
     202.1      24.71
     206.1      24.65
     210.1      24.68
     214.1      24.89
     218.1      24.86
     222.1      24.89
     226.1      24.96
     230.1      24.93
     234.1      24.72
     238.1      25.09
     242.1      25.12
     246.1       25.1
     250.1      24.77
     254.1      24.76
     258.1      24.42
     262.1      24.55
     266.1      25.03
     270.1      25.67
     274.1      25.84
     278.1      25.86
     282.1       26.3
     286.1      26.22
     290.1      26.17
     294.1       26.6
     298.1      26.52
     302.1      26.85
     306.1      26.67
     310.1      27.21
     314.1      26.91
     318.1       26.8
     322.1      27.15
     326.1       26.1
     330.1      26.69
     334.1      26.27
     338.1       27.5
     342.1       26.8
     346.1      27.28
     350.1      35.52
