     2.001      19.12
     6.002      20.21
        10      20.54
     14.01      21.13
     18.01      21.51
     22.01      21.96
     26.01      22.15
     30.01      22.22
     34.01       22.3
     38.02      22.45
     42.02       22.4
     46.02      22.39
     50.02      22.38
     54.02      22.72
     58.02      23.18
     62.02      23.44
     66.03      23.55
     70.03      23.76
     74.03      23.91
     78.03      24.11
     82.03      24.25
     86.03      24.43
     90.04      24.56
     94.04      24.58
     98.04      24.86
       102      24.81
       106      24.92
       110      25.21
       114      25.12
       118      25.17
       122       25.7
       126      25.93
     130.1      26.18
     134.1      26.15
     138.1      26.16
     142.1      26.27
     146.1      26.29
     150.1      26.13
     154.1      26.11
     158.1      26.21
     162.1      25.63
     166.1      25.91
     170.1         26
     174.1      25.86
     178.1      25.15
     182.1      25.13
     186.1       25.6
     190.1      25.92
     194.1      25.93
     198.1      25.92
     202.1      26.32
     206.1      26.48
     210.1       26.9
     214.1       27.1
     218.1      27.43
     222.1      27.33
     226.1      27.66
     230.1      27.76
     234.1      27.99
     238.1      27.34
     242.1      26.58
     246.1      27.73
     250.1      28.06
     254.1      28.26
     258.1      28.45
     262.1      28.67
     266.1      28.16
     270.1      28.57
     274.1      28.52
     278.1      28.89
     282.1      29.19
     286.1      30.65
     290.1      29.79
     294.1      29.43
     298.1      29.62
     302.1      29.81
     306.1      30.15
     310.1      30.15
     314.1      30.39
     318.1      30.82
     322.1      31.01
     326.1      31.39
     330.1      31.24
     334.1      30.34
     338.1      30.23
     342.1      35.52
     346.1      35.52
     350.1      35.52
