     6.002  2.438e+08
        10  1.498e+08
     14.01  9.642e+07
     18.01   5.37e+07
     22.01  3.282e+07
     26.01  2.366e+07
     30.01  2.128e+07
     34.01  1.867e+07
     38.02   1.85e+07
     42.02  1.722e+07
     46.02  1.636e+07
     50.02  1.559e+07
     54.02    1.2e+07
     58.02  8.906e+06
     62.02  7.038e+06
     66.03  6.597e+06
     70.03  4.993e+06
     74.03  4.198e+06
     78.03  3.344e+06
     82.03  3.062e+06
     86.03  2.877e+06
     90.04   2.53e+06
     94.04  2.462e+06
     98.04  1.885e+06
       102  1.834e+06
       106  1.538e+06
       110   1.34e+06
       114  1.232e+06
       118  1.146e+06
       122  9.585e+05
       126  7.391e+05
     130.1  5.985e+05
     134.1  5.652e+05
     138.1  6.153e+05
     142.1  4.818e+05
     146.1  5.003e+05
     150.1  5.781e+05
     154.1  5.847e+05
     158.1  5.486e+05
     162.1  5.038e+05
     166.1  6.323e+05
     170.1  6.115e+05
     174.1  6.341e+05
     178.1  1.001e+06
     182.1  1.243e+06
     186.1  1.017e+06
     190.1   7.18e+05
     194.1  6.371e+05
     198.1   5.56e+05
     202.1  4.869e+05
     206.1  5.241e+05
     210.1  4.027e+05
     214.1  2.704e+05
     218.1  2.067e+05
     222.1  1.721e+05
     226.1  1.764e+05
     230.1  1.443e+05
     234.1  1.232e+05
     238.1  1.447e+05
     242.1  1.353e+05
     246.1  8.793e+04
     250.1  1.102e+05
     254.1  6.253e+04
     258.1   5.51e+04
     262.1  3.673e+04
     266.1  3.478e+04
     270.1  4.524e+04
     274.1  2.421e+04
     278.1  2.526e+04
     282.1  2.456e+04
     286.1       7612
     290.1       4469
     294.1       7413
     298.1  1.481e+04
     302.1       5735
     306.1       4139
     310.1       4185
     314.1       1364
     318.1       4043
     322.1          0
     326.1       1305
     330.1       1314
     334.1          0
     338.1       2520
     342.1          0
     346.1          0
     350.1          0
