     2.001  3.611e-17
     6.002  1.324e-17
        10  9.752e-18
     14.01  5.699e-18
     18.01  3.991e-18
     22.01  2.633e-18
     26.01  2.229e-18
     30.01  2.081e-18
     34.01   1.94e-18
     38.02   1.68e-18
     42.02  1.764e-18
     46.02  1.787e-18
     50.02  1.792e-18
     54.02  1.312e-18
     58.02  8.587e-19
     62.02  6.759e-19
     66.03  6.124e-19
     70.03  5.059e-19
     74.03  4.401e-19
     78.03  3.668e-19
     82.03  3.209e-19
     86.03  2.723e-19
     90.04  2.412e-19
     94.04   2.36e-19
     98.04  1.833e-19
       102   1.91e-19
       106  1.738e-19
       110  1.325e-19
       114  1.441e-19
       118  1.378e-19
       122  8.438e-20
       126  6.799e-20
     130.1  5.413e-20
     134.1  5.576e-20
     138.1   5.52e-20
     142.1  4.993e-20
     146.1    4.9e-20
     150.1  5.663e-20
     154.1  5.761e-20
     158.1  5.289e-20
     162.1   8.97e-20
     166.1  6.974e-20
     170.1  6.394e-20
     174.1  7.299e-20
     178.1  1.398e-19
     182.1  1.433e-19
     186.1  9.295e-20
     190.1  6.915e-20
     194.1  6.843e-20
     198.1  6.915e-20
     202.1  4.782e-20
     206.1  4.127e-20
     210.1  2.784e-20
     214.1   2.33e-20
     218.1   1.72e-20
     222.1  1.879e-20
     226.1  1.393e-20
     230.1  1.263e-20
     234.1  1.024e-20
     238.1   1.86e-20
     242.1  3.768e-20
     246.1  1.305e-20
     250.1  9.561e-21
     254.1  8.016e-21
     258.1  6.676e-21
     262.1  5.473e-21
     266.1  8.769e-21
     270.1  5.988e-21
     274.1  6.267e-21
     278.1  4.482e-21
     282.1  3.385e-21
     286.1  8.828e-22
     290.1  1.953e-21
     294.1   2.71e-21
     298.1  2.282e-21
     302.1  1.913e-21
     306.1  1.401e-21
     310.1    1.4e-21
     314.1  1.122e-21
     318.1  7.553e-22
     322.1   6.37e-22
     326.1  4.461e-22
     330.1  5.131e-22
     334.1  1.176e-21
     338.1  1.305e-21
     342.1      1e-23
     346.1      1e-23
     350.1      1e-23
