     2.001  1.878e+10
     6.002  5.557e+10
        10  9.324e+10
     14.01  1.272e+11
     18.01  1.515e+11
     22.01  1.697e+11
     26.01  1.851e+11
     30.01  2.012e+11
     34.01  2.172e+11
     38.02  2.348e+11
     42.02   2.53e+11
     46.02   2.72e+11
     50.02  2.916e+11
     54.02  3.079e+11
     58.02  3.209e+11
     62.02  3.318e+11
     66.03  3.428e+11
     70.03  3.516e+11
     74.03  3.594e+11
     78.03  3.659e+11
     82.03  3.723e+11
     86.03  3.785e+11
     90.04  3.842e+11
     94.04    3.9e+11
     98.04  3.947e+11
       102  3.994e+11
       106  4.035e+11
       110  4.072e+11
       114  4.107e+11
       118  4.141e+11
       122  4.171e+11
       126  4.194e+11
     130.1  4.214e+11
     134.1  4.233e+11
     138.1  4.254e+11
     142.1  4.271e+11
     146.1   4.29e+11
     150.1  4.312e+11
     154.1  4.334e+11
     158.1  4.356e+11
     162.1  4.376e+11
     166.1  4.403e+11
     170.1  4.429e+11
     174.1  4.457e+11
     178.1  4.502e+11
     182.1  4.558e+11
     186.1  4.606e+11
     190.1   4.64e+11
     194.1  4.671e+11
     198.1  4.699e+11
     202.1  4.724e+11
     206.1  4.751e+11
     210.1  4.772e+11
     214.1  4.787e+11
     218.1  4.798e+11
     222.1  4.808e+11
     226.1  4.818e+11
     230.1  4.826e+11
     234.1  4.833e+11
     238.1  4.842e+11
     242.1   4.85e+11
     246.1  4.856e+11
     250.1  4.863e+11
     254.1  4.867e+11
     258.1   4.87e+11
     262.1  4.873e+11
     266.1  4.875e+11
     270.1  4.878e+11
     274.1   4.88e+11
     278.1  4.882e+11
     282.1  4.883e+11
     286.1  4.884e+11
     290.1  4.884e+11
     294.1  4.885e+11
     298.1  4.886e+11
     302.1  4.886e+11
     306.1  4.887e+11
     310.1  4.887e+11
     314.1  4.887e+11
     318.1  4.887e+11
     322.1  4.887e+11
     326.1  4.887e+11
     330.1  4.888e+11
     334.1  4.888e+11
     338.1  4.888e+11
     342.1  4.888e+11
     346.1  4.888e+11
     350.1  4.888e+11
