     6.068   4.37e+08
     10.11  1.938e+08
     14.16  1.095e+08
      18.2  8.379e+07
     22.25  5.968e+07
     26.29  4.717e+07
     30.34  4.077e+07
     34.39  3.021e+07
     38.43   2.46e+07
     42.48  1.979e+07
     46.52  1.465e+07
     50.57   9.54e+06
     54.61  7.477e+06
     58.66  6.112e+06
      62.7   5.89e+06
     66.75  5.312e+06
     70.79  4.585e+06
     74.84  4.487e+06
     78.88  3.933e+06
     82.93  3.904e+06
     86.97  4.219e+06
     91.02  2.554e+06
     95.06  2.535e+06
     99.11  2.775e+06
     103.2  2.075e+06
     107.2  2.221e+06
     111.2  1.974e+06
     115.3  1.665e+06
     119.3  1.154e+06
     123.4  1.204e+06
     127.4   6.65e+05
     131.5  5.999e+05
     135.5  8.185e+05
     139.6  8.107e+05
     143.6  7.762e+05
     147.7  7.983e+05
     151.7  5.975e+05
     155.7  5.054e+05
     159.8  4.495e+05
     163.8  8.487e+05
     167.9  5.552e+05
     171.9  6.829e+05
       176  6.309e+05
       180  4.838e+05
     184.1  3.149e+05
     188.1  3.385e+05
     192.2  4.092e+05
     196.2  5.707e+05
     200.2  6.545e+05
     204.3  2.867e+05
     208.3  2.851e+05
     212.4   3.35e+05
     216.4  3.476e+05
     220.5  3.589e+05
     224.5  3.132e+05
     228.6  2.287e+05
     232.6   2.03e+05
     236.7  2.297e+05
     240.7  2.092e+05
     244.7  2.006e+05
     248.8  3.418e+05
     252.8  2.026e+05
     256.9   1.38e+05
     260.9  1.999e+05
       265  1.107e+05
       269  1.068e+05
     273.1  7.717e+04
     277.1  5.321e+04
     281.1  7.557e+04
     285.2  9.999e+04
     289.2   3.62e+04
     293.3   5.15e+04
     297.3  5.419e+04
     301.4  6.514e+04
     305.4  4.489e+04
     309.5  5.774e+04
     313.5  3.375e+05
     317.6  3.195e+04
     321.6  2.765e+04
     325.6       9331
     329.7       4480
     333.7       8696
     337.8          0
     341.8       9153
     345.9       4280
     349.9       4533
