     2.023  5.076e+10
     6.068  1.181e+11
     10.11   1.68e+11
     14.16  2.074e+11
      18.2  2.462e+11
     22.25  2.799e+11
     26.29  3.114e+11
     30.34  3.429e+11
     34.39  3.693e+11
     38.43  3.933e+11
     42.48  4.147e+11
     46.52   4.32e+11
     50.57  4.443e+11
     54.61  4.546e+11
     58.66  4.637e+11
      62.7  4.731e+11
     66.75  4.821e+11
     70.79  4.904e+11
     74.84  4.989e+11
     78.88  5.068e+11
     82.93   5.15e+11
     86.97  5.244e+11
     91.02  5.303e+11
     95.06  5.364e+11
     99.11  5.434e+11
     103.2  5.488e+11
     107.2  5.549e+11
     111.2  5.605e+11
     115.3  5.654e+11
     119.3  5.689e+11
     123.4  5.726e+11
     127.4  5.748e+11
     131.5  5.768e+11
     135.5  5.796e+11
     139.6  5.825e+11
     143.6  5.853e+11
     147.7  5.883e+11
     151.7  5.906e+11
     155.7  5.926e+11
     159.8  5.944e+11
     163.8   5.98e+11
     167.9  6.003e+11
     171.9  6.033e+11
       176  6.061e+11
       180  6.084e+11
     184.1  6.098e+11
     188.1  6.115e+11
     192.2  6.135e+11
     196.2  6.163e+11
     200.2  6.196e+11
     204.3  6.211e+11
     208.3  6.226e+11
     212.4  6.244e+11
     216.4  6.263e+11
     220.5  6.284e+11
     224.5  6.301e+11
     228.6  6.315e+11
     232.6  6.327e+11
     236.7  6.341e+11
     240.7  6.353e+11
     244.7  6.366e+11
     248.8  6.387e+11
     252.8    6.4e+11
     256.9  6.409e+11
     260.9  6.423e+11
       265   6.43e+11
       269  6.437e+11
     273.1  6.443e+11
     277.1  6.447e+11
     281.1  6.452e+11
     285.2  6.459e+11
     289.2  6.462e+11
     293.3  6.466e+11
     297.3   6.47e+11
     301.4  6.475e+11
     305.4  6.478e+11
     309.5  6.483e+11
     313.5   6.51e+11
     317.6  6.512e+11
     321.6  6.515e+11
     325.6  6.515e+11
     329.7  6.516e+11
     333.7  6.516e+11
     337.8  6.516e+11
     341.8  6.517e+11
     345.9  6.518e+11
     349.9  6.518e+11
