     2.023  1.127e-16
     6.068  2.639e-17
     10.11  1.651e-17
     14.16  1.238e-17
      18.2  8.508e-18
     22.25  6.008e-18
     26.29  4.273e-18
     30.34  3.619e-18
     34.39  3.151e-18
     38.43  2.776e-18
     42.48  2.574e-18
     46.52  1.369e-18
     50.57  8.854e-19
     54.61  7.001e-19
     58.66  6.386e-19
      62.7  6.862e-19
     66.75  5.832e-19
     70.79  5.658e-19
     74.84  4.962e-19
     78.88  4.589e-19
     82.93  5.025e-19
     86.97  4.106e-19
     91.02  3.726e-19
     95.06  4.565e-19
     99.11  4.571e-19
     103.2  4.444e-19
     107.2  4.286e-19
     111.2  3.322e-19
     115.3   1.72e-19
     119.3  1.705e-19
     123.4  1.202e-19
     127.4  6.175e-20
     131.5  7.859e-20
     135.5  6.739e-20
     139.6  6.899e-20
     143.6  7.482e-20
     147.7  6.092e-20
     151.7  6.014e-20
     155.7  4.184e-20
     159.8  5.212e-20
     163.8  8.149e-20
     167.9  4.573e-20
     171.9  6.954e-20
       176  4.964e-20
       180  3.374e-20
     184.1   3.25e-20
     188.1  3.705e-20
     192.2  3.949e-20
     196.2    4.5e-20
     200.2  2.987e-20
     204.3  2.727e-20
     208.3  3.281e-20
     212.4   5.15e-20
     216.4   7.25e-20
     220.5  5.926e-20
     224.5   6.67e-20
     228.6  2.785e-20
     232.6  1.799e-20
     236.7  2.667e-20
     240.7  2.899e-20
     244.7  4.471e-20
     248.8  3.914e-20
     252.8   2.33e-20
     256.9  2.407e-20
     260.9  3.053e-20
       265  2.819e-20
       269  1.588e-20
     273.1  1.254e-20
     277.1   1.63e-20
     281.1  2.172e-20
     285.2  1.728e-20
     289.2  1.134e-20
     293.3  1.626e-20
     297.3  1.749e-20
     301.4  2.096e-20
     305.4  1.771e-20
     309.5  8.342e-20
     313.5  5.261e-20
     317.6  9.013e-21
     321.6  8.126e-21
     325.6  3.458e-21
     329.7  3.823e-21
     333.7  3.812e-21
     337.8  2.215e-21
     341.8  1.577e-20
     345.9  8.477e-21
     349.9   3.54e-22
