     2.023      17.89
     6.068      19.46
     10.11      19.97
     14.16      20.28
      18.2      20.69
     22.25      21.07
     26.29      21.44
     30.34      21.62
     34.39      21.77
     38.43      21.91
     42.48      21.99
     46.52      22.67
     50.57      23.15
     54.61       23.4
     58.66       23.5
      62.7      23.43
     66.75       23.6
     70.79      23.63
     74.84      23.78
     78.88      23.86
     82.93      23.76
     86.97      23.98
     91.02      24.09
     95.06      23.87
     99.11      23.87
     103.2       23.9
     107.2      23.94
     111.2      24.21
     115.3      24.93
     119.3      24.94
     123.4      25.32
     127.4      26.04
     131.5      25.78
     135.5      25.94
     139.6      25.92
     143.6      25.83
     147.7      26.05
     151.7      26.07
     155.7      26.46
     159.8      26.22
     163.8      25.74
     167.9      26.37
     171.9      25.91
       176      26.28
       180       26.7
     184.1      26.74
     188.1      26.59
     192.2      26.52
     196.2      26.38
     200.2      26.83
     204.3      26.93
     208.3      26.73
     212.4      26.24
     216.4      25.87
     220.5      26.08
     224.5      25.96
     228.6       26.9
     232.6      27.38
     236.7      26.95
     240.7      26.86
     244.7      26.39
     248.8      26.53
     252.8       27.1
     256.9      27.06
     260.9       26.8
       265      26.89
       269      27.51
     273.1      27.77
     277.1      27.49
     281.1      27.17
     285.2      27.42
     289.2      27.88
     293.3      27.49
     297.3      27.41
     301.4      27.21
     305.4       27.4
     309.5      25.71
     313.5      26.21
     317.6      28.13
     321.6      28.24
     325.6      29.17
     329.7      29.06
     333.7      29.06
     337.8      29.65
     341.8      27.52
     345.9       28.2
     349.9      31.64
