         6  4.187e+08
        10  2.291e+08
        14   1.47e+08
        18  1.063e+08
        22  7.288e+07
        26  6.117e+07
        30   4.76e+07
        34  3.547e+07
        38   2.96e+07
        42  2.544e+07
        46  2.116e+07
        50  1.807e+07
        54  1.624e+07
        58  1.498e+07
        62  1.362e+07
        66  1.126e+07
     70.01   1.04e+07
     74.01   8.84e+06
     78.01  8.455e+06
     82.01  7.411e+06
     86.01   6.78e+06
     90.01  5.574e+06
     94.01   5.35e+06
     98.01  5.284e+06
       102  4.208e+06
       106  3.756e+06
       110   3.44e+06
       114  3.323e+06
       118  3.132e+06
       122  3.226e+06
       126  3.127e+06
       130  2.813e+06
       134  2.515e+06
       138  1.934e+06
       142  2.502e+06
       146  2.165e+06
       150  1.954e+06
       154  2.049e+06
       158  1.838e+06
       162  1.771e+06
       166  1.721e+06
       170  1.483e+06
       174  1.761e+06
       178  1.297e+06
       182  1.519e+06
       186  1.416e+06
       190  1.283e+06
       194  1.055e+06
       198  9.718e+05
       202  1.132e+06
       206  1.212e+06
       210   9.51e+05
       214  6.785e+05
       218  8.636e+05
       222  8.231e+05
       226  7.239e+05
       230  6.979e+05
       234  5.156e+05
       238   6.54e+05
       242  5.101e+05
       246  4.263e+05
       250  4.608e+05
       254  4.036e+05
       258  3.146e+05
       262  3.014e+05
       266  2.603e+05
       270  2.204e+05
       274  2.045e+05
       278  1.683e+05
       282  1.529e+05
       286  1.466e+05
       290  8.882e+04
       294  5.202e+04
       298  5.155e+04
       302  4.657e+04
       306  9.384e+04
       310  4.774e+04
       314   6.68e+04
       318  4.868e+04
       322  2.646e+04
       326   3.12e+04
       330          0
       334  1.808e+04
       338       7926
       342          0
       346       3954
       350          0
