         2  1.657e+10
         6  7.971e+10
        10  1.373e+11
        14   1.89e+11
        18  2.371e+11
        22  2.774e+11
        26  3.174e+11
        30  3.533e+11
        34  3.836e+11
        38  4.119e+11
        42  4.388e+11
        46  4.632e+11
        50  4.859e+11
        54   5.08e+11
        58  5.298e+11
        62   5.51e+11
        66  5.697e+11
     70.01   5.88e+11
     74.01  6.045e+11
     78.01   6.21e+11
     82.01  6.363e+11
     86.01   6.51e+11
     90.01  6.636e+11
     94.01  6.762e+11
     98.01  6.892e+11
       102      7e+11
       106    7.1e+11
       110  7.196e+11
       114  7.291e+11
       118  7.384e+11
       122  7.483e+11
       126  7.582e+11
       130  7.674e+11
       134  7.758e+11
       138  7.825e+11
       142  7.915e+11
       146  7.994e+11
       150  8.068e+11
       154  8.147e+11
       158   8.22e+11
       162  8.292e+11
       166  8.364e+11
       170  8.427e+11
       174  8.504e+11
       178  8.563e+11
       182  8.632e+11
       186  8.698e+11
       190   8.76e+11
       194  8.811e+11
       198  8.859e+11
       202  8.917e+11
       206   8.98e+11
       210   9.03e+11
       214  9.066e+11
       218  9.114e+11
       222   9.16e+11
       226  9.201e+11
       230  9.241e+11
       234  9.271e+11
       238   9.31e+11
       242  9.341e+11
       246  9.368e+11
       250  9.397e+11
       254  9.423e+11
       258  9.443e+11
       262  9.463e+11
       266   9.48e+11
       270  9.495e+11
       274  9.509e+11
       278  9.521e+11
       282  9.532e+11
       286  9.542e+11
       290  9.549e+11
       294  9.553e+11
       298  9.557e+11
       302   9.56e+11
       306  9.567e+11
       310  9.571e+11
       314  9.576e+11
       318   9.58e+11
       322  9.582e+11
       326  9.585e+11
       330  9.585e+11
       334  9.586e+11
       338  9.587e+11
       342  9.587e+11
       346  9.587e+11
       350  9.587e+11
