         2  2.336e-17
         6  4.531e-18
        10  2.487e-18
        14  1.863e-18
        18  1.268e-18
        22  1.107e-18
        26  1.414e-18
        30  9.382e-19
        34   6.76e-19
        38  5.744e-19
        42  4.255e-19
        46   4.34e-19
        50  3.984e-19
        54  2.818e-19
        58  2.895e-19
        62  2.341e-19
        66  1.995e-19
     70.01  1.875e-19
     74.01  1.715e-19
     78.01  1.598e-19
     82.01  1.301e-19
     86.01  1.379e-19
     90.01  1.007e-19
     94.01  1.147e-19
     98.01  8.783e-20
       102  7.424e-20
       106  7.599e-20
       110  5.773e-20
       114  6.294e-20
       118  6.825e-20
       122  6.673e-20
       126  5.936e-20
       130  4.394e-20
       134  3.841e-20
       138   3.93e-20
       142  4.262e-20
       146   4.11e-20
       150  4.027e-20
       154  4.038e-20
       158  3.074e-20
       162  3.873e-20
       166  3.069e-20
       170  3.014e-20
       174  2.909e-20
       178  2.885e-20
       182  2.862e-20
       186  2.501e-20
       190  2.431e-20
       194  1.909e-20
       198   2.37e-20
       202  2.502e-20
       206  2.009e-20
       210  1.297e-20
       214  1.336e-20
       218  1.741e-20
       222  1.478e-20
       226  1.275e-20
       230  1.042e-20
       234  1.271e-20
       238  1.088e-20
       242  7.625e-21
       246  1.061e-20
       250  1.061e-20
       254  1.282e-20
       258  8.765e-21
       262  8.999e-21
       266  1.148e-20
       270  8.967e-21
       274  9.842e-21
       278   8.39e-21
       282  9.504e-21
       286  1.064e-20
       290   5.45e-21
       294  3.234e-21
       298  4.974e-21
       302  6.918e-21
       306   7.59e-21
       310   5.77e-21
       314  5.549e-21
       318  5.347e-21
       322  5.943e-21
       326  2.015e-21
       330  1.818e-21
       334  2.112e-21
       338  8.345e-22
       342  3.905e-22
       346  3.121e-21
       350      1e-23
