         2      19.59
         6      21.38
        10      22.03
        14      22.34
        18      22.76
        22      22.91
        26      22.64
        30      23.09
        34      23.44
        38      23.62
        42      23.94
        46      23.92
        50      24.02
        54      24.39
        58      24.36
        62      24.59
        66      24.77
     70.01      24.83
     74.01      24.93
     78.01      25.01
     82.01      25.23
     86.01      25.17
     90.01      25.51
     94.01      25.37
     98.01      25.66
       102      25.84
       106      25.81
       110      26.11
       114      26.02
       118      25.93
       122      25.96
       126      26.08
       130      26.41
       134      26.55
       138      26.53
       142      26.44
       146      26.48
       150       26.5
       154       26.5
       158       26.8
       162      26.55
       166       26.8
       170      26.82
       174      26.86
       178      26.87
       182      26.87
       186      27.02
       190      27.05
       194      27.31
       198      27.08
       202      27.02
       206      27.26
       210      27.73
       214       27.7
       218      27.41
       222      27.59
       226      27.75
       230      27.97
       234      27.76
       238      27.92
       242      28.31
       246      27.95
       250      27.95
       254      27.75
       258      28.16
       262      28.13
       266      27.87
       270      28.13
       274      28.03
       278      28.21
       282      28.07
       286      27.95
       290      28.68
       294      29.24
       298      28.77
       302      28.42
       306      28.32
       310      28.61
       314      28.66
       318       28.7
       322      28.58
       326      29.76
       330      29.87
       334       29.7
       338      30.71
       342      31.54
       346      29.28
       350      35.52
