     6.002  4.806e+08
        10  2.718e+08
     14.01  2.019e+08
     18.01  1.408e+08
     22.01   1.01e+08
     26.01  8.127e+07
     30.01  7.179e+07
     34.01  5.934e+07
     38.02  4.595e+07
     42.02  4.587e+07
     46.02  4.263e+07
     50.02  3.839e+07
     54.02  2.844e+07
     58.02  2.082e+07
     62.02  1.928e+07
     66.03  1.648e+07
     70.03  1.446e+07
     74.03  1.364e+07
     78.03  1.305e+07
     82.03   1.13e+07
     86.03  1.081e+07
     90.04  9.817e+06
     94.04  8.746e+06
     98.04  8.498e+06
       102  8.973e+06
       106  8.256e+06
       110  7.222e+06
       114  6.784e+06
       118  6.363e+06
       122  6.705e+06
       126  5.806e+06
     130.1  5.945e+06
     134.1  5.434e+06
     138.1  5.022e+06
     142.1  4.623e+06
     146.1  4.134e+06
     150.1  4.044e+06
     154.1  3.573e+06
     158.1  3.369e+06
     162.1   3.08e+06
     166.1  3.032e+06
     170.1  2.982e+06
     174.1  3.055e+06
     178.1  2.712e+06
     182.1  2.762e+06
     186.1  2.898e+06
     190.1  2.938e+06
     194.1  3.055e+06
     198.1  2.333e+06
     202.1  2.074e+06
     206.1  2.519e+06
     210.1  2.017e+06
     214.1  1.925e+06
     218.1   2.13e+06
     222.1  2.271e+06
     226.1  2.251e+06
     230.1  1.734e+06
     234.1  1.669e+06
     238.1  1.625e+06
     242.1  1.548e+06
     246.1  1.467e+06
     250.1   1.16e+06
     254.1  9.264e+05
     258.1  7.767e+05
     262.1  7.368e+05
     266.1  6.032e+05
     270.1  4.393e+05
     274.1  3.675e+05
     278.1  3.906e+05
     282.1   3.21e+05
     286.1   3.14e+05
     290.1  2.356e+05
     294.1  1.888e+05
     298.1  1.868e+05
     302.1  1.883e+05
     306.1  1.441e+05
     310.1   1.55e+05
     314.1  1.086e+05
     318.1  1.142e+05
     322.1  1.134e+05
     326.1  7.953e+04
     330.1  8.071e+04
     334.1  7.725e+04
     338.1  4.624e+04
     342.1  3.081e+04
     346.1       3939
     350.1       4401
