     2.001  2.488e+10
     6.002  9.742e+10
        10  1.658e+11
     14.01  2.369e+11
     18.01  3.007e+11
     22.01  3.566e+11
     26.01  4.097e+11
     30.01  4.639e+11
     34.01  5.146e+11
     38.02  5.586e+11
     42.02   6.07e+11
     46.02  6.563e+11
     50.02  7.046e+11
     54.02  7.432e+11
     58.02  7.736e+11
     62.02  8.037e+11
     66.03   8.31e+11
     70.03  8.565e+11
     74.03  8.819e+11
     78.03  9.075e+11
     82.03  9.308e+11
     86.03  9.542e+11
     90.04  9.764e+11
     94.04  9.971e+11
     98.04  1.018e+12
       102  1.041e+12
       106  1.063e+12
       110  1.083e+12
       114  1.103e+12
       118  1.121e+12
       122  1.142e+12
       126   1.16e+12
     130.1   1.18e+12
     134.1  1.198e+12
     138.1  1.216e+12
     142.1  1.232e+12
     146.1  1.247e+12
     150.1  1.263e+12
     154.1  1.276e+12
     158.1   1.29e+12
     162.1  1.302e+12
     166.1  1.315e+12
     170.1  1.328e+12
     174.1  1.341e+12
     178.1  1.353e+12
     182.1  1.366e+12
     186.1  1.379e+12
     190.1  1.393e+12
     194.1  1.408e+12
     198.1   1.42e+12
     202.1  1.431e+12
     206.1  1.444e+12
     210.1  1.454e+12
     214.1  1.465e+12
     218.1  1.476e+12
     222.1  1.489e+12
     226.1  1.502e+12
     230.1  1.512e+12
     234.1  1.522e+12
     238.1  1.531e+12
     242.1  1.541e+12
     246.1   1.55e+12
     250.1  1.557e+12
     254.1  1.563e+12
     258.1  1.568e+12
     262.1  1.573e+12
     266.1  1.577e+12
     270.1   1.58e+12
     274.1  1.583e+12
     278.1  1.585e+12
     282.1  1.588e+12
     286.1   1.59e+12
     290.1  1.592e+12
     294.1  1.593e+12
     298.1  1.594e+12
     302.1  1.596e+12
     306.1  1.597e+12
     310.1  1.598e+12
     314.1  1.599e+12
     318.1    1.6e+12
     322.1  1.601e+12
     326.1  1.601e+12
     330.1  1.602e+12
     334.1  1.603e+12
     338.1  1.603e+12
     342.1  1.603e+12
     346.1  1.603e+12
     350.1  1.603e+12
