     2.001  2.734e-17
     6.002  1.239e-17
        10  8.537e-18
     14.01  6.929e-18
     18.01  5.294e-18
     22.01  4.082e-18
     26.01  4.247e-18
     30.01  4.436e-18
     34.01  2.674e-18
     38.02  2.184e-18
     42.02  2.143e-18
     46.02  1.853e-18
     50.02  1.486e-18
     54.02  1.061e-18
     58.02  9.623e-19
     62.02  8.436e-19
     66.03  8.001e-19
     70.03  7.007e-19
     74.03  6.798e-19
     78.03  6.165e-19
     82.03  5.631e-19
     86.03  5.085e-19
     90.04  4.236e-19
     94.04  4.235e-19
     98.04  4.988e-19
       102  4.572e-19
       106  3.966e-19
       110  3.316e-19
       114  3.504e-19
       118  4.262e-19
       122  4.562e-19
       126  4.775e-19
     130.1  5.305e-19
     134.1   2.65e-19
     138.1  2.114e-19
     142.1  1.843e-19
     146.1  1.799e-19
     150.1  1.703e-19
     154.1   1.77e-19
     158.1  1.637e-19
     162.1  1.242e-19
     166.1  1.206e-19
     170.1  1.176e-19
     174.1  1.164e-19
     178.1  1.063e-19
     182.1  1.309e-19
     186.1  1.292e-19
     190.1  1.316e-19
     194.1  1.175e-19
     198.1  9.523e-20
     202.1  9.476e-20
     206.1  9.751e-20
     210.1  8.622e-20
     214.1  9.862e-20
     218.1  1.297e-19
     222.1  9.387e-20
     226.1  8.884e-20
     230.1  9.221e-20
     234.1  1.284e-19
     238.1  2.128e-19
     242.1  1.423e-19
     246.1  6.169e-20
     250.1  5.115e-20
     254.1    4.9e-20
     258.1  4.891e-20
     262.1  4.424e-20
     266.1  4.656e-20
     270.1  3.996e-20
     274.1  3.993e-20
     278.1   4.66e-20
     282.1  4.289e-20
     286.1  4.861e-20
     290.1  3.147e-20
     294.1   3.85e-20
     298.1   4.27e-20
     302.1  4.096e-20
     306.1  4.131e-20
     310.1  3.113e-20
     314.1  2.563e-20
     318.1  2.241e-20
     322.1  2.044e-20
     326.1  2.906e-20
     330.1  2.459e-20
     334.1  3.562e-20
     338.1  2.996e-20
     342.1  1.169e-20
     346.1  1.757e-21
     350.1   5.66e-21
