     2.001      19.42
     6.002      20.28
        10      20.69
     14.01      20.91
     18.01      21.21
     22.01      21.49
     26.01      21.45
     30.01       21.4
     34.01      21.95
     38.02      22.17
     42.02      22.19
     46.02      22.35
     50.02      22.59
     54.02      22.95
     58.02      23.06
     62.02       23.2
     66.03      23.26
     70.03       23.4
     74.03      23.44
     78.03      23.54
     82.03      23.64
     86.03      23.75
     90.04      23.95
     94.04      23.95
     98.04      23.77
       102      23.87
       106      24.02
       110      24.21
       114      24.15
       118      23.94
       122      23.87
       126      23.82
     130.1       23.7
     134.1      24.46
     138.1       24.7
     142.1      24.85
     146.1      24.88
     150.1      24.94
     154.1       24.9
     158.1      24.98
     162.1      25.28
     166.1      25.31
     170.1      25.34
     174.1      25.35
     178.1      25.45
     182.1      25.22
     186.1      25.24
     190.1      25.22
     194.1      25.34
     198.1      25.57
     202.1      25.57
     206.1      25.54
     210.1      25.68
     214.1      25.53
     218.1      25.23
     222.1      25.58
     226.1      25.64
     230.1       25.6
     234.1      25.24
     238.1       24.7
     242.1      25.13
     246.1      26.04
     250.1      26.24
     254.1      26.29
     258.1      26.29
     262.1       26.4
     266.1      26.35
     270.1      26.51
     274.1      26.51
     278.1      26.35
     282.1      26.44
     286.1       26.3
     290.1      26.77
     294.1      26.55
     298.1      26.44
     302.1      26.49
     306.1      26.48
     310.1      26.78
     314.1      26.99
     318.1      27.14
     322.1      27.24
     326.1      26.86
     330.1      27.04
     334.1      26.64
     338.1      26.82
     342.1      27.85
     346.1       29.9
     350.1      28.63
