     1         24.000         24.000         180.00         100.00         150.00         50.000         0.0000         0.0000         150.00
     2         24.005         23.995         120.00         110.00         110.00         100.00         0.0000         0.0000         77.000
     3         24.000         24.000         180.00         90.000         190.00         100.00         0.0000         0.0000         170.00
     4         24.005         23.995         150.00         80.000         140.00         80.000         0.0000         0.0000         160.00
     5         24.000         24.000         58.000         93.000         80.000         55.000         0.0000         0.0000         85.000
     6         24.000         24.000         85.000         210.00         190.00         90.000         0.0000         0.0000         80.000
     7         24.000         24.000         185.00         80.000         185.00         80.000         0.0000         0.0000         0.0000
     7         24.000         24.000         180.00         90.000         180.00         90.000         0.0000         0.0000         0.0000
     7         24.000         24.000         180.00         90.000         180.00         90.000         0.0000         0.0000         0.0000
     7         24.000         24.000         175.00         75.000         170.00         80.000         0.0000         0.0000         0.0000
     7         24.000         24.000         175.00         75.000         170.00         80.000         0.0000         0.0000        -5.0000
     7         24.000         24.000         175.00         75.000         170.00         80.000         0.0000         0.0000         175.00
     7         24.000         24.000         175.00         70.000         170.00         80.000         0.0000         0.0000         175.00
     7         24.000         24.000         175.00         70.000         170.00         80.000         0.0000         0.0000         175.00
     8         24.005         23.995         140.00         60.000         90.000         60.000         30.000         0.0000         0.0000
     9         24.000         24.000         80.000         60.000         90.000         50.000         0.0000         0.0000         45.000
    10         24.000         24.000         200.00         100.00         200.00         80.000         0.0000         0.0000         30.000
    11         24.000         24.000         80.000         100.00         90.000         100.00         0.0000         0.0000         90.000
    11         24.000         24.000         80.000         100.00         90.000         100.00         0.0000         0.0000         90.000
    12       24.05000       23.99500       112.0000       75.00000       110.0000       50.00000       0.000000       0.000000       40.00000
    13       24.00050       23.99950       90.00000       150.0000       130.0000       90.00000       0.000000       0.000000       80.00000
    14       24.00050       23.99950       180.0000       90.00000       170.0000       90.00000       0.000000       0.000000       160.0000
    15       24.00050       23.99950       100.0000       135.0000       110.0000       90.00000       0.000000       0.000000       70.00000
    16       24.00050       23.99950       170.0000       105.0000       150.0000       100.0000       0.000000       0.000000       175.0000
    17       24.00050       23.99950       80.00000       90.00000       100.0000       70.00000       0.000000       0.000000       110.0000
    18       24.00050       23.99950       85.00000       155.0000       70.00000       170.0000       0.000000       0.000000       110.0000
    19       24.00050       23.99950       150.0000       90.00000       150.0000       90.00000       0.000000       0.000000       170.0000
    20       24.00050       23.99950       100.0000       150.0000       150.0000       90.00000       0.000000       0.000000       80.00000
    21       24.00050       23.99950       100.0000       120.0000       100.0000       80.00000       0.000000       0.000000       80.00000
    22       24.00050       23.99950       100.0000       250.0000       250.0000       100.0000       0.000000       0.000000       90.00000
    22       24.00050       23.99950       91.00000       240.0000       250.0000       100.0000       0.000000       0.000000       90.00000
    23       24.00050       23.99950       95.00000       195.0000       120.0000       90.00000       0.000000       50.00000       80.00000
    24       24.00050       23.99950       118.0000       170.0000       180.0000       85.00000       0.000000       0.000000       100.0000
    25       24.00050       23.99950       50.00000       80.00000       100.0000       45.00000       0.000000       0.000000       96.00000
    26       24.00050       23.99950       100.0000       125.0000       120.0000       60.00000       0.000000       0.000000       96.00000
    27       24.00500       23.99900       147.0000       100.0000       160.0000       60.00000       0.000000       0.000000       136.0000
    28       24.00500       23.99900       200.0000       75.00000       200.0000       60.00000       0.000000       0.000000       15.00000
    28       24.00050       23.99950       200.0000       75.00000       200.0000       60.00000       0.000000       0.000000       15.00000
    29       24.00000       23.98000       100.0000       95.00000       100.0000       60.00000       0.000000       0.000000       135.0000
