     1         177.28         93.288         3.9868        -4.0531         2.9726         5.6122
     2         108.54         72.565        -13.245         1.9972         2.2322         3.1234
     3         144.88         74.096         13.747        -2.7670       0.063921         7.6017
     4         138.10         59.654         1.2604        -3.8444        0.22178         6.1679
     5         68.253         38.565        -6.9876        -1.3564         1.5817         1.6913
     6         166.55         84.530         6.3084         14.577         1.6905         5.2373
     7         173.24         73.915        -3.6766         3.5737         3.1027         3.5142
     8         103.56         60.984         24.280         3.1528       0.060524         1.4316
     9         66.185         29.901        0.53551        -3.0043         2.5266         1.5985
    10         193.51         96.139         6.0433       -0.27343         2.9977         10.709
    11         116.17         84.373        0.53461         5.4068         1.4801        0.86267
    12         110.74         75.414        -4.6051      0.0039803         2.8871         10.717
    13         149.87         70.799        -3.3278         16.626         1.8505         5.1476
    14         174.74         80.217        -11.042        0.77708       0.089290         5.9326
    15         123.90         103.84         1.8001        -1.7697         1.6991         4.9293
    16         164.51         98.626         2.6180         2.9684        0.28291         7.2018
    17         89.224         69.804        -2.1644        -3.9470         1.1433         3.6080
    18         152.84         77.266       -0.48539        -11.083         1.4173         5.9270
    19         142.37         77.264        -2.4305         4.0559        0.37634         5.1463
    20         138.87         88.773         3.0971         6.5495         1.8765         3.0088
    21         118.53         95.870         3.5427        0.84712         1.8007         3.6370
    22         247.32         91.051       -0.32580        -2.1820         1.5505         10.184
    22         245.14         88.673        0.30361        -4.5731         1.5695         9.1104
    23         159.76         83.166         1.0044         27.338         1.8263         12.141
    23         159.76         83.166         1.0044         27.338         1.8263         12.141
    24         162.73         95.997        -2.9890         2.6963         1.1548         7.6470
    25         77.575         43.182        -1.0285        -1.2817         1.4188         1.2249
    26         135.24         92.172         1.6480         4.1312         1.3458         3.9253
    27         149.39         92.090        -11.632        -3.3985        0.35450         5.2036
    28         182.54         68.794        -4.7405         4.1242         3.0094         4.6977
    28         182.54         68.794        -4.7405         4.1242         3.0094         4.6977
    29         98.471         77.863         7.4635         3.4243        0.51099         4.4167
