     6.002  3.724e+08
        10  1.894e+08
        14  1.229e+08
        18  8.986e+07
     22.01  7.088e+07
     26.01  6.087e+07
     30.01  5.442e+07
     34.01  4.551e+07
     38.01  3.963e+07
     42.01  3.197e+07
     46.01  2.992e+07
     50.01  2.382e+07
     54.01  2.193e+07
     58.02  1.855e+07
     62.02  1.652e+07
     66.02  1.626e+07
     70.02  1.341e+07
     74.02  1.061e+07
     78.02  9.437e+06
     82.02  7.933e+06
     86.02  6.734e+06
     90.02  6.828e+06
     94.03  6.021e+06
     98.03  5.092e+06
       102  4.624e+06
       106  3.982e+06
       110  3.967e+06
       114  4.256e+06
       118  3.451e+06
       122  3.212e+06
       126  3.016e+06
       130  2.529e+06
       134  2.874e+06
       138  2.583e+06
       142   2.69e+06
       146  2.445e+06
       150   1.82e+06
       154  2.041e+06
       158  1.859e+06
       162  1.944e+06
       166  1.819e+06
       170  1.997e+06
       174  2.281e+06
       178  2.078e+06
     182.1  2.077e+06
     186.1   2.13e+06
     190.1  2.147e+06
     194.1  2.217e+06
     198.1  1.965e+06
     202.1  2.574e+06
     206.1  1.938e+06
     210.1  1.668e+06
     214.1  1.287e+06
     218.1  1.281e+06
     222.1  9.709e+05
     226.1  8.768e+05
     230.1  1.035e+06
     234.1  1.074e+06
     238.1  9.678e+05
     242.1  8.442e+05
     246.1   8.02e+05
     250.1  7.766e+05
     254.1   6.21e+05
     258.1  4.412e+05
     262.1  3.542e+05
     266.1  4.058e+05
     270.1   2.82e+05
     274.1  3.313e+05
     278.1  2.016e+05
     282.1  2.554e+05
     286.1  1.582e+05
     290.1   2.25e+05
     294.1  1.324e+05
     298.1  1.482e+05
     302.1  1.189e+05
     306.1  1.007e+05
     310.1  6.485e+04
     314.1  7.059e+04
     318.1  8.595e+04
     322.1  5.142e+04
     326.1  1.251e+04
     330.1  2.748e+04
     334.1  4.016e+04
     338.1  2.101e+04
     342.1       7794
     346.1       4102
     350.1       7852
