     2.001  1.034e+10
     6.002  6.654e+10
        10  1.142e+11
        14  1.575e+11
        18  1.981e+11
     22.01  2.373e+11
     26.01  2.771e+11
     30.01  3.182e+11
     34.01  3.571e+11
     38.01   3.95e+11
     42.01  4.287e+11
     46.01  4.634e+11
     50.01  4.933e+11
     54.01  5.231e+11
     58.02  5.502e+11
     62.02  5.759e+11
     66.02  6.029e+11
     70.02  6.265e+11
     74.02  6.462e+11
     78.02  6.648e+11
     82.02  6.811e+11
     86.02  6.957e+11
     90.02  7.111e+11
     94.03  7.254e+11
     98.03  7.379e+11
       102  7.498e+11
       106  7.604e+11
       110  7.714e+11
       114  7.836e+11
       118  7.938e+11
       122  8.037e+11
       126  8.132e+11
       130  8.215e+11
       134  8.312e+11
       138  8.401e+11
       142  8.497e+11
       146  8.587e+11
       150  8.656e+11
       154  8.735e+11
       158  8.809e+11
       162  8.888e+11
       166  8.964e+11
       170  9.049e+11
       174  9.149e+11
       178  9.242e+11
     182.1  9.337e+11
     186.1  9.437e+11
     190.1  9.539e+11
     194.1  9.647e+11
     198.1  9.745e+11
     202.1  9.876e+11
     206.1  9.976e+11
     210.1  1.006e+12
     214.1  1.013e+12
     218.1   1.02e+12
     222.1  1.026e+12
     226.1  1.031e+12
     230.1  1.037e+12
     234.1  1.043e+12
     238.1  1.049e+12
     242.1  1.054e+12
     246.1  1.059e+12
     250.1  1.064e+12
     254.1  1.068e+12
     258.1  1.071e+12
     262.1  1.073e+12
     266.1  1.076e+12
     270.1  1.078e+12
     274.1   1.08e+12
     278.1  1.081e+12
     282.1  1.083e+12
     286.1  1.084e+12
     290.1  1.086e+12
     294.1  1.087e+12
     298.1  1.088e+12
     302.1  1.089e+12
     306.1   1.09e+12
     310.1   1.09e+12
     314.1  1.091e+12
     318.1  1.091e+12
     322.1  1.092e+12
     326.1  1.092e+12
     330.1  1.092e+12
     334.1  1.093e+12
     338.1  1.093e+12
     342.1  1.093e+12
     346.1  1.093e+12
     350.1  1.093e+12
