     2.001  7.148e-18
     6.002  3.607e-18
        10  1.947e-18
        14  1.291e-18
        18  1.059e-18
     22.01    8.5e-19
     26.01  7.936e-19
     30.01  7.169e-19
     34.01  5.797e-19
     38.01  6.048e-19
     42.01  5.011e-19
     46.01  4.061e-19
     50.01  3.621e-19
     54.01  2.918e-19
     58.02  2.614e-19
     62.02  2.129e-19
     66.02  2.042e-19
     70.02   1.79e-19
     74.02  1.393e-19
     78.02  1.306e-19
     82.02  1.068e-19
     86.02  9.393e-20
     90.02  8.389e-20
     94.03  8.061e-20
     98.03  7.238e-20
       102  6.429e-20
       106  5.972e-20
       110  5.823e-20
       114  5.397e-20
       118  4.475e-20
       122  4.266e-20
       126  3.857e-20
       130   4.01e-20
       134  4.279e-20
       138  3.864e-20
       142  3.709e-20
       146  3.106e-20
       150  2.719e-20
       154  2.814e-20
       158  2.877e-20
       162  2.374e-20
       166  2.639e-20
       170  2.797e-20
       174  3.157e-20
       178  2.653e-20
     182.1  2.989e-20
     186.1  2.907e-20
     190.1  2.862e-20
     194.1  2.962e-20
     198.1  3.481e-20
     202.1  3.635e-20
     206.1  3.051e-20
     210.1  2.775e-20
     214.1  2.156e-20
     218.1  1.643e-20
     222.1  1.204e-20
     226.1  1.179e-20
     230.1  1.493e-20
     234.1  1.306e-20
     238.1  1.269e-20
     242.1  1.204e-20
     246.1   9.91e-21
     250.1  9.308e-21
     254.1  9.721e-21
     258.1  8.956e-21
     262.1  9.566e-21
     266.1  8.808e-21
     270.1  8.003e-21
     274.1  7.912e-21
     278.1  7.086e-21
     282.1  6.448e-21
     286.1  7.529e-21
     290.1  8.134e-21
     294.1  6.433e-21
     298.1  8.712e-21
     302.1  5.215e-21
     306.1  4.802e-21
     310.1   4.87e-21
     314.1  6.482e-21
     318.1  6.514e-21
     322.1  5.072e-21
     326.1  2.661e-21
     330.1  5.084e-21
     334.1  3.506e-21
     338.1  4.115e-21
     342.1  1.909e-21
     346.1  1.911e-21
     350.1  1.067e-20
