     2.001      20.88
     6.002      21.62
        10      22.29
        14      22.74
        18      22.95
     22.01      23.19
     26.01      23.27
     30.01      23.38
     34.01      23.61
     38.01      23.56
     42.01      23.77
     46.01      23.99
     50.01      24.12
     54.01      24.35
     58.02      24.47
     62.02       24.7
     66.02      24.74
     70.02      24.88
     74.02      25.16
     78.02      25.23
     82.02      25.44
     86.02      25.58
     90.02      25.71
     94.03      25.75
     98.03      25.87
       102         26
       106      26.08
       110       26.1
       114      26.19
       118      26.39
       122      26.44
       126      26.55
       130      26.51
       134      26.44
       138      26.55
       142      26.59
       146      26.79
       150      26.93
       154      26.89
       158      26.87
       162      27.08
       166      26.96
       170       26.9
       174      26.77
       178      26.96
     182.1      26.83
     186.1      26.86
     190.1      26.87
     194.1      26.84
     198.1      26.66
     202.1      26.61
     206.1      26.81
     210.1      26.91
     214.1      27.18
     218.1      27.48
     222.1      27.81
     226.1      27.84
     230.1      27.58
     234.1      27.73
     238.1      27.76
     242.1      27.81
     246.1      28.03
     250.1      28.09
     254.1      28.05
     258.1      28.14
     262.1      28.06
     266.1      28.15
     270.1      28.26
     274.1      28.27
     278.1      28.39
     282.1      28.49
     286.1      28.32
     290.1      28.24
     294.1       28.5
     298.1      28.17
     302.1      28.72
     306.1      28.81
     310.1       28.8
     314.1      28.49
     318.1      28.48
     322.1      28.75
     326.1      29.45
     330.1      28.75
     334.1      29.15
     338.1      28.98
     342.1      29.81
     346.1      29.81
     350.1      27.95
