     6.062  3.182e+08
      10.1  1.068e+08
     14.14   6.01e+07
     18.19  3.837e+07
     22.23  2.911e+07
     26.27  2.691e+07
     30.31   2.16e+07
     34.35  1.668e+07
     38.39  1.523e+07
     42.43  1.065e+07
     46.48  1.023e+07
     50.52  8.908e+06
     54.56   6.97e+06
      58.6  5.922e+06
     62.64  5.409e+06
     66.68  6.574e+06
     70.72  5.374e+06
     74.77  5.498e+06
     78.81  5.089e+06
     82.85  5.762e+06
     86.89  5.699e+06
     90.93   6.24e+06
     94.97  7.712e+06
     99.01  6.912e+06
     103.1  6.809e+06
     107.1  6.079e+06
     111.1  4.293e+06
     115.2  4.531e+06
     119.2  4.268e+06
     123.3  3.049e+06
     127.3  2.486e+06
     131.3   2.62e+06
     135.4  2.432e+06
     139.4  1.923e+06
     143.5  1.613e+06
     147.5  1.402e+06
     151.6  1.157e+06
     155.6  1.408e+06
     159.6  9.642e+05
     163.7  6.804e+05
     167.7  8.535e+05
     171.8  7.933e+05
     175.8  7.187e+05
     179.8   5.98e+05
     183.9  4.626e+05
     187.9  5.269e+05
       192  3.707e+05
       196  2.825e+05
     200.1  3.701e+05
     204.1  2.764e+05
     208.1  2.279e+05
     212.2  2.133e+05
     216.2  1.411e+05
     220.3  1.102e+05
     224.3   7.45e+04
     228.3  9.925e+04
     232.4  8.539e+04
     236.4  1.121e+05
     240.5  3.724e+04
     244.5  4.214e+04
     248.5  3.025e+04
     252.6  1.147e+04
     256.6  2.833e+04
     260.7  1.154e+04
     264.7  1.105e+04
     268.8       5497
     272.8       5380
     276.8          0
     280.9       5273
     284.9  1.048e+04
       289       5170
       293       4915
       297  3.633e+04
     301.1       4858
     305.1  2.051e+04
     309.2  1.455e+04
     313.2          0
     317.3          0
     321.3          0
     325.3          0
     329.4          0
     333.4          0
     337.5          0
     341.5          0
     345.5          0
     349.6          0
