     2.021  3.108e+10
     6.062  8.006e+10
      10.1  1.075e+11
     14.14   1.29e+11
     18.19  1.468e+11
     22.23  1.632e+11
     26.27  1.811e+11
     30.31  1.978e+11
     34.35  2.123e+11
     38.39  2.272e+11
     42.43  2.386e+11
     46.48  2.507e+11
     50.52  2.621e+11
     54.56  2.718e+11
      58.6  2.806e+11
     62.64  2.892e+11
     66.68  3.003e+11
     70.72    3.1e+11
     74.77  3.204e+11
     78.81  3.306e+11
     82.85  3.427e+11
     86.89  3.553e+11
     90.93  3.697e+11
     94.97  3.883e+11
     99.01  4.057e+11
     103.1  4.235e+11
     107.1    4.4e+11
     111.1  4.522e+11
     115.2  4.654e+11
     119.2  4.783e+11
     123.3  4.879e+11
     127.3  4.959e+11
     131.3  5.047e+11
     135.4   5.13e+11
     139.4  5.198e+11
     143.5  5.257e+11
     147.5   5.31e+11
     151.6  5.354e+11
     155.6   5.41e+11
     159.6  5.449e+11
     163.7  5.477e+11
     167.7  5.513e+11
     171.8  5.548e+11
     175.8   5.58e+11
     179.8  5.607e+11
     183.9  5.629e+11
     187.9  5.654e+11
       192  5.672e+11
       196  5.686e+11
     200.1  5.705e+11
     204.1  5.719e+11
     208.1  5.731e+11
     212.2  5.743e+11
     216.2  5.751e+11
     220.3  5.757e+11
     224.3  5.761e+11
     228.3  5.767e+11
     232.4  5.772e+11
     236.4  5.779e+11
     240.5  5.781e+11
     244.5  5.784e+11
     248.5  5.785e+11
     252.6  5.786e+11
     256.6  5.788e+11
     260.7  5.789e+11
     264.7   5.79e+11
     268.8   5.79e+11
     272.8   5.79e+11
     276.8   5.79e+11
     280.9  5.791e+11
     284.9  5.791e+11
       289  5.792e+11
       293  5.792e+11
       297  5.795e+11
     301.1  5.795e+11
     305.1  5.797e+11
     309.2  5.798e+11
     313.2  5.798e+11
     317.3  5.798e+11
     321.3  5.798e+11
     325.3  5.798e+11
     329.4  5.798e+11
     333.4  5.798e+11
     337.5  5.798e+11
     341.5  5.798e+11
     345.5  5.798e+11
     349.6  5.798e+11
