     2.021  6.496e-17
     6.062  1.591e-17
      10.1  1.041e-17
     14.14  5.842e-18
     18.19  5.353e-18
     22.23  4.857e-18
     26.27  4.008e-18
     30.31  4.066e-18
     34.35  3.727e-18
     38.39  2.561e-18
     42.43   1.89e-18
     46.48   2.29e-18
     50.52  1.757e-18
     54.56  1.655e-18
      58.6  1.146e-18
     62.64  8.762e-19
     66.68  7.741e-19
     70.72  7.641e-19
     74.77  7.007e-19
     78.81  7.159e-19
     82.85  8.247e-19
     86.89  7.832e-19
     90.93  9.323e-19
     94.97  1.058e-18
     99.01   1.11e-18
     103.1  8.138e-19
     107.1  5.604e-19
     111.1  6.199e-19
     115.2  5.018e-19
     119.2  5.221e-19
     123.3  3.469e-19
     127.3  3.064e-19
     131.3  5.307e-19
     135.4  4.292e-19
     139.4  3.727e-19
     143.5  2.464e-19
     147.5  1.773e-19
     151.6  1.798e-19
     155.6  1.575e-19
     159.6  1.309e-19
     163.7  2.185e-19
     167.7  1.443e-19
     171.8  1.293e-19
     175.8  1.223e-19
     179.8  6.881e-20
     183.9  5.817e-20
     187.9  6.002e-20
       192  3.447e-20
       196  4.652e-20
     200.1  9.863e-20
     204.1  5.652e-20
     208.1   3.66e-20
     212.2  2.291e-20
     216.2  1.753e-20
     220.3  1.644e-20
     224.3   9.42e-21
     228.3  1.503e-20
     232.4  1.096e-20
     236.4  8.405e-21
     240.5  5.575e-21
     244.5  4.131e-21
     248.5  2.662e-21
     252.6  4.101e-21
     256.6  1.971e-21
     260.7  3.543e-21
     264.7  1.455e-21
     268.8  1.563e-21
     272.8  2.751e-22
     276.8  3.898e-22
     280.9   1.76e-21
     284.9  2.644e-21
       289  2.389e-21
       293   9.22e-21
       297   1.68e-20
     301.1  8.888e-21
     305.1  1.497e-20
     309.2  1.854e-21
     313.2      1e-23
     317.3      1e-23
     321.3      1e-23
     325.3      1e-23
     329.4      1e-23
     333.4      1e-23
     337.5      1e-23
     341.5      1e-23
     345.5      1e-23
     349.6      1e-23
