     2.021      18.48
     6.062      20.01
      10.1      20.47
     14.14       21.1
     18.19      21.19
     22.23       21.3
     26.27      21.51
     30.31      21.49
     34.35      21.59
     38.39         22
     42.43      22.32
     46.48      22.12
     50.52       22.4
     54.56      22.47
      58.6      22.87
     62.64      23.16
     66.68      23.29
     70.72      23.31
     74.77       23.4
     78.81      23.38
     82.85      23.23
     86.89      23.28
     90.93      23.09
     94.97      22.95
     99.01       22.9
     103.1      23.24
     107.1      23.64
     111.1      23.54
     115.2      23.76
     119.2      23.72
     123.3      24.17
     127.3       24.3
     131.3       23.7
     135.4      23.93
     139.4      24.09
     143.5      24.54
     147.5      24.89
     151.6      24.88
     155.6      25.02
     159.6      25.22
     163.7      24.67
     167.7      25.12
     171.8      25.24
     175.8       25.3
     179.8      25.92
     183.9       26.1
     187.9      26.07
       192      26.67
       196      26.35
     200.1      25.53
     204.1      26.14
     208.1      26.61
     212.2      27.12
     216.2      27.41
     220.3      27.48
     224.3      28.08
     228.3      27.57
     232.4      27.92
     236.4       28.2
     240.5      28.65
     244.5      28.98
     248.5      29.45
     252.6      28.98
     256.6      29.78
     260.7      29.14
     264.7      30.11
     268.8      30.03
     272.8      31.92
     276.8      31.54
     280.9       29.9
     284.9      29.46
       289      29.57
       293       28.1
       297      27.45
     301.1      28.14
     305.1      27.58
     309.2      29.85
     313.2      35.52
     317.3      35.52
     321.3      35.52
     325.3      35.52
     329.4      35.52
     333.4      35.52
     337.5      35.52
     341.5      35.52
     345.5      35.52
     349.6      35.52
