     6.002  5.661e+08
        10  4.789e+08
        14  3.596e+08
        18  2.724e+08
     22.01  2.341e+08
     26.01  1.911e+08
     30.01  1.656e+08
     34.01  1.428e+08
     38.01  1.281e+08
     42.01  1.122e+08
     46.01  1.035e+08
     50.01  8.483e+07
     54.01   7.68e+07
     58.02  7.001e+07
     62.02  6.258e+07
     66.02  5.686e+07
     70.02   5.06e+07
     74.02  4.788e+07
     78.02  4.301e+07
     82.02  3.768e+07
     86.02  3.422e+07
     90.02  3.034e+07
     94.03  2.928e+07
     98.03  2.942e+07
       102  2.805e+07
       106  2.403e+07
       110  2.243e+07
       114  2.157e+07
       118  2.022e+07
       122  1.851e+07
       126   1.81e+07
       130  1.901e+07
       134  1.667e+07
       138  1.575e+07
       142  1.519e+07
       146  1.484e+07
       150   1.42e+07
       154  1.341e+07
       158   1.28e+07
       162  1.224e+07
       166  1.201e+07
       170  1.153e+07
       174  1.084e+07
       178  1.029e+07
     182.1  1.015e+07
     186.1      1e+07
     190.1  1.003e+07
     194.1   9.52e+06
     198.1  9.806e+06
     202.1  9.848e+06
     206.1  9.338e+06
     210.1  9.228e+06
     214.1  8.921e+06
     218.1  8.855e+06
     222.1      9e+06
     226.1  8.853e+06
     230.1  8.661e+06
     234.1  8.673e+06
     238.1  7.283e+06
     242.1  7.024e+06
     246.1  6.845e+06
     250.1  6.778e+06
     254.1  6.028e+06
     258.1  5.027e+06
     262.1  4.377e+06
     266.1   3.97e+06
     270.1  3.594e+06
     274.1  3.128e+06
     278.1   2.53e+06
     282.1  2.351e+06
     286.1  1.733e+06
     290.1  1.569e+06
     294.1  1.567e+06
     298.1  1.361e+06
     302.1  1.183e+06
     306.1  9.286e+05
     310.1  8.698e+05
     314.1  7.328e+05
     318.1   6.84e+05
     322.1  5.143e+05
     326.1  3.452e+05
     330.1  3.033e+05
     334.1  2.275e+05
     338.1   1.82e+05
     342.1  1.229e+05
     346.1  8.404e+04
     350.1  3.549e+04
