      6.08  2.002e+08
     10.13  6.571e+07
     14.19   3.03e+07
     18.24  1.318e+07
     22.29  1.035e+07
     26.35  6.242e+06
      30.4  4.363e+06
     34.45  4.659e+06
     38.51  3.509e+06
     42.56  3.617e+06
     46.61  2.636e+06
     50.67  1.642e+06
     54.72  1.339e+06
     58.77  1.723e+06
     62.83  1.345e+06
     66.88  1.926e+06
     70.94  1.857e+06
     74.99  2.722e+06
     79.04  1.659e+06
      83.1  9.945e+05
     87.15  1.267e+06
      91.2  1.049e+06
     95.26  1.455e+06
     99.31  1.432e+06
     103.4  9.479e+05
     107.4  1.582e+06
     111.5   6.09e+05
     115.5  6.058e+05
     119.6   8.97e+05
     123.6  5.922e+05
     127.7  5.617e+05
     131.7   5.78e+05
     135.8  4.444e+05
     139.8  2.367e+05
     143.9  2.225e+05
       148  1.553e+05
       152  1.564e+05
     156.1  2.331e+05
     160.1  1.097e+05
     164.2  5.928e+04
     168.2  7.434e+04
     172.3  4.563e+04
     176.3  5.362e+04
     180.4  1.781e+04
     184.4          0
     188.5  1.571e+04
     192.5  1.666e+04
     196.6  1.526e+04
     200.6          0
     204.7       7342
     208.8          0
     212.8          0
     216.9          0
     220.9          0
       225          0
       229          0
     233.1          0
     237.1          0
     241.2          0
     245.2          0
     249.3          0
     253.3          0
     257.4          0
     261.4          0
     265.5          0
