     2.027  5.729e+10
      6.08  8.829e+10
     10.13  1.053e+11
     14.19  1.162e+11
     18.24  1.223e+11
     22.29  1.282e+11
     26.35  1.324e+11
      30.4  1.358e+11
     34.45  1.399e+11
     38.51  1.433e+11
     42.56  1.472e+11
     46.61  1.504e+11
     50.67  1.525e+11
     54.72  1.543e+11
     58.77  1.569e+11
     62.83  1.591e+11
     66.88  1.623e+11
     70.94  1.657e+11
     74.99  1.709e+11
     79.04  1.742e+11
      83.1  1.763e+11
     87.15  1.792e+11
      91.2  1.816e+11
     95.26  1.851e+11
     99.31  1.887e+11
     103.4  1.912e+11
     107.4  1.956e+11
     111.5  1.973e+11
     115.5  1.991e+11
     119.6  2.018e+11
     123.6  2.037e+11
     127.7  2.055e+11
     131.7  2.074e+11
     135.8   2.09e+11
     139.8  2.098e+11
     143.9  2.106e+11
       148  2.112e+11
       152  2.118e+11
     156.1  2.128e+11
     160.1  2.132e+11
     164.2  2.135e+11
     168.2  2.138e+11
     172.3   2.14e+11
     176.3  2.142e+11
     180.4  2.143e+11
     184.4  2.143e+11
     188.5  2.144e+11
     192.5  2.144e+11
     196.6  2.145e+11
     200.6  2.145e+11
     204.7  2.146e+11
     208.8  2.146e+11
     212.8  2.146e+11
     216.9  2.146e+11
     220.9  2.146e+11
       225  2.146e+11
       229  2.146e+11
     233.1  2.146e+11
     237.1  2.146e+11
     241.2  2.146e+11
     245.2  2.146e+11
     249.3  2.146e+11
     253.3  2.146e+11
     257.4  2.146e+11
     261.4  2.146e+11
     265.5  2.146e+11
