     2.027  7.025e-17
      6.08  8.933e-18
     10.13  4.062e-18
     14.19  2.093e-18
     18.24  1.373e-18
     22.29  1.076e-18
     26.35  6.282e-19
      30.4  1.259e-18
     34.45  9.154e-19
     38.51  4.668e-19
     42.56  3.447e-19
     46.61  2.712e-19
     50.67  1.659e-19
     54.72  1.852e-19
     58.77  1.431e-19
     62.83  1.629e-19
     66.88  3.169e-19
     70.94  2.488e-19
     74.99  2.525e-19
     79.04  1.234e-19
      83.1  1.148e-19
     87.15  1.029e-19
      91.2  1.351e-19
     95.26  1.694e-19
     99.31  1.207e-19
     103.4  1.338e-19
     107.4  9.425e-20
     111.5  6.786e-20
     115.5  8.587e-20
     119.6  7.114e-20
     123.6   6.77e-20
     127.7  6.509e-20
     131.7  6.099e-20
     135.8  3.756e-20
     139.8  2.509e-20
     143.9  1.689e-20
       148  2.025e-20
       152  4.423e-20
     156.1  2.081e-20
     160.1  9.136e-21
     164.2  8.197e-21
     168.2  4.542e-21
     172.3  5.873e-21
     176.3  3.799e-21
     180.4  7.463e-22
     184.4  2.588e-23
     188.5  2.124e-21
     192.5  2.317e-21
     196.6  1.234e-22
     200.6   5.93e-22
     204.7  5.561e-22
     208.8      1e-23
     212.8      1e-23
     216.9      1e-23
     220.9      1e-23
       225      1e-23
       229      1e-23
     233.1      1e-23
     237.1      1e-23
     241.2      1e-23
     245.2      1e-23
     249.3      1e-23
     253.3      1e-23
     257.4      1e-23
     261.4      1e-23
     265.5      1e-23
