     2.027       18.4
      6.08      20.64
     10.13      21.49
     14.19      22.21
     18.24      22.67
     22.29      22.94
     26.35      23.52
      30.4      22.77
     34.45      23.11
     38.51      23.84
     42.56      24.17
     46.61      24.43
     50.67      24.97
     54.72      24.85
     58.77      25.13
     62.83      24.99
     66.88      24.26
     70.94      24.53
     74.99      24.51
     79.04      25.29
      83.1      25.37
     87.15      25.49
      91.2      25.19
     95.26      24.94
     99.31      25.31
     103.4       25.2
     107.4      25.58
     111.5      25.94
     115.5      25.68
     119.6      25.89
     123.6      25.94
     127.7      25.98
     131.7      26.05
     135.8      26.58
     139.8      27.02
     143.9      27.45
       148      27.25
       152       26.4
     156.1      27.22
     160.1      28.11
     164.2      28.23
     168.2      28.87
     172.3      28.59
     176.3      29.07
     180.4      30.83
     184.4      34.48
     188.5       29.7
     192.5       29.6
     196.6      32.79
     200.6      31.08
     204.7      31.15
     208.8      35.52
     212.8      35.52
     216.9      35.52
     220.9      35.52
       225      35.52
       229      35.52
     233.1      35.52
     237.1      35.52
     241.2      35.52
     245.2      35.52
     249.3      35.52
     253.3      35.52
     257.4      35.52
     261.4      35.52
     265.5      35.52
