     6.002  4.607e+08
        10   2.74e+08
        14  2.083e+08
        18  1.744e+08
     22.01  1.404e+08
     26.01  1.199e+08
     30.01  1.103e+08
     34.01   9.19e+07
     38.01  7.663e+07
     42.01  7.145e+07
     46.01  6.504e+07
     50.01  6.102e+07
     54.01  5.659e+07
     58.02  5.001e+07
     62.02  4.437e+07
     66.02  3.968e+07
     70.02   3.69e+07
     74.02  3.417e+07
     78.02  3.024e+07
     82.02  2.822e+07
     86.02  2.457e+07
     90.02  2.426e+07
     94.03  2.187e+07
     98.03  2.018e+07
       102   1.95e+07
       106  1.667e+07
       110  1.648e+07
       114  1.391e+07
       118   1.42e+07
       122  1.309e+07
       126  1.349e+07
       130  1.044e+07
       134  9.887e+06
       138  9.304e+06
       142  9.101e+06
       146  8.183e+06
       150  7.377e+06
       154  7.328e+06
       158  7.097e+06
       162  6.522e+06
       166  6.233e+06
       170  5.444e+06
       174  5.614e+06
       178  5.831e+06
     182.1  4.855e+06
     186.1  4.881e+06
     190.1  4.376e+06
     194.1  4.182e+06
     198.1   4.22e+06
     202.1  3.744e+06
     206.1  3.701e+06
     210.1  3.242e+06
     214.1  3.426e+06
     218.1  3.265e+06
     222.1  3.139e+06
     226.1  2.612e+06
     230.1   2.79e+06
     234.1   2.83e+06
     238.1  2.839e+06
     242.1  3.018e+06
     246.1  2.757e+06
     250.1  2.487e+06
     254.1  1.968e+06
     258.1  1.636e+06
     262.1  1.239e+06
     266.1   1.18e+06
     270.1  9.346e+05
     274.1  1.003e+06
     278.1  6.897e+05
     282.1  6.657e+05
     286.1  5.137e+05
     290.1  5.893e+05
     294.1  4.628e+05
     298.1  5.273e+05
     302.1  4.909e+05
     306.1  4.309e+05
     310.1  3.845e+05
     314.1  3.618e+05
     318.1   2.96e+05
     322.1  2.213e+05
     326.1  1.749e+05
     330.1  9.579e+04
     334.1  5.778e+04
     338.1  8.145e+04
     342.1  7.221e+04
     346.1  3.702e+04
     350.1  1.937e+04
