     2.001  1.819e+10
     6.002   8.77e+10
        10  1.566e+11
        14  2.299e+11
        18  3.089e+11
     22.01  3.865e+11
     26.01  4.649e+11
     30.01  5.481e+11
     34.01  6.267e+11
     38.01  6.999e+11
     42.01  7.754e+11
     46.01  8.506e+11
     50.01  9.273e+11
     54.01  1.004e+12
     58.02  1.077e+12
     62.02  1.146e+12
     66.02  1.212e+12
     70.02  1.277e+12
     74.02  1.341e+12
     78.02    1.4e+12
     82.02  1.458e+12
     86.02  1.511e+12
     90.02  1.566e+12
     94.03  1.618e+12
     98.03  1.668e+12
       102  1.718e+12
       106  1.762e+12
       110  1.808e+12
       114  1.848e+12
       118   1.89e+12
       122   1.93e+12
       126  1.973e+12
       130  2.007e+12
       134   2.04e+12
       138  2.072e+12
       142  2.105e+12
       146  2.135e+12
       150  2.163e+12
       154  2.191e+12
       158  2.219e+12
       162  2.246e+12
       166  2.272e+12
       170  2.295e+12
       174   2.32e+12
       178  2.346e+12
     182.1  2.368e+12
     186.1  2.391e+12
     190.1  2.412e+12
     194.1  2.432e+12
     198.1  2.453e+12
     202.1  2.472e+12
     206.1  2.491e+12
     210.1  2.509e+12
     214.1  2.527e+12
     218.1  2.545e+12
     222.1  2.562e+12
     226.1  2.577e+12
     230.1  2.593e+12
     234.1   2.61e+12
     238.1  2.627e+12
     242.1  2.645e+12
     246.1  2.662e+12
     250.1  2.678e+12
     254.1  2.691e+12
     258.1  2.701e+12
     262.1  2.709e+12
     266.1  2.717e+12
     270.1  2.724e+12
     274.1  2.731e+12
     278.1  2.735e+12
     282.1   2.74e+12
     286.1  2.744e+12
     290.1  2.748e+12
     294.1  2.752e+12
     298.1  2.755e+12
     302.1  2.759e+12
     306.1  2.762e+12
     310.1  2.765e+12
     314.1  2.768e+12
     318.1  2.771e+12
     322.1  2.773e+12
     326.1  2.774e+12
     330.1  2.775e+12
     334.1  2.775e+12
     338.1  2.776e+12
     342.1  2.777e+12
     346.1  2.777e+12
     350.1  2.777e+12
