     2.001  1.083e-17
     6.002  7.066e-18
        10  5.596e-18
        14   4.24e-18
        18  3.349e-18
     22.01  3.389e-18
     26.01  3.193e-18
     30.01  2.616e-18
     34.01  1.907e-18
     38.01  1.717e-18
     42.01  1.695e-18
     46.01  1.432e-18
     50.01  1.324e-18
     54.01  1.044e-18
     58.02   8.87e-19
     62.02  9.145e-19
     66.02  9.988e-19
     70.02  7.261e-19
     74.02  7.202e-19
     78.02  6.197e-19
     82.02  5.581e-19
     86.02  5.043e-19
     90.02  5.485e-19
     94.03  4.746e-19
     98.03  4.147e-19
       102  3.565e-19
       106  3.542e-19
       110  3.046e-19
       114  2.813e-19
       118  2.779e-19
       122  2.684e-19
       126  2.287e-19
       130  1.984e-19
       134  1.716e-19
       138    1.6e-19
       142  1.545e-19
       146  1.511e-19
       150  1.459e-19
       154  1.481e-19
       158  1.306e-19
       162  1.242e-19
       166  1.073e-19
       170  9.448e-20
       174  9.853e-20
       178  9.276e-20
     182.1  8.483e-20
     186.1   8.66e-20
     190.1  7.605e-20
     194.1  7.165e-20
     198.1  6.763e-20
     202.1  6.348e-20
     206.1  5.496e-20
     210.1  5.793e-20
     214.1  5.581e-20
     218.1  5.273e-20
     222.1  4.666e-20
     226.1  4.413e-20
     230.1  5.264e-20
     234.1  4.759e-20
     238.1  5.045e-20
     242.1  4.564e-20
     246.1  4.316e-20
     250.1   4.05e-20
     254.1  3.464e-20
     258.1  3.313e-20
     262.1  3.111e-20
     266.1  3.227e-20
     270.1  3.206e-20
     274.1   2.76e-20
     278.1  2.689e-20
     282.1  2.321e-20
     286.1  2.099e-20
     290.1  2.494e-20
     294.1   2.89e-20
     298.1  2.748e-20
     302.1  3.245e-20
     306.1  2.993e-20
     310.1  3.116e-20
     314.1  2.598e-20
     318.1  2.471e-20
     322.1  2.314e-20
     326.1  1.783e-20
     330.1  1.263e-20
     334.1   1.66e-20
     338.1  1.824e-20
     342.1  2.012e-20
     346.1  1.624e-20
     350.1  1.694e-20
