     2.001      20.43
     6.002      20.89
        10      21.15
        14      21.45
        18       21.7
     22.01      21.69
     26.01      21.76
     30.01      21.97
     34.01      22.32
     38.01      22.43
     42.01      22.44
     46.01      22.63
     50.01      22.71
     54.01      22.97
     58.02      23.15
     62.02      23.11
     66.02      23.02
     70.02      23.36
     74.02      23.37
     78.02      23.54
     82.02      23.65
     86.02      23.76
     90.02      23.67
     94.03      23.83
     98.03      23.97
       102      24.14
       106      24.14
       110      24.31
       114      24.39
       118      24.41
       122      24.44
       126      24.62
       130      24.77
       134      24.93
       138      25.01
       142      25.04
       146      25.07
       150      25.11
       154      25.09
       158      25.23
       162      25.28
       166      25.44
       170      25.58
       174      25.53
       178       25.6
     182.1      25.69
     186.1      25.67
     190.1      25.81
     194.1      25.88
     198.1      25.94
     202.1      26.01
     206.1      26.17
     210.1      26.11
     214.1      26.15
     218.1      26.21
     222.1      26.34
     226.1       26.4
     230.1      26.21
     234.1      26.32
     238.1      26.26
     242.1      26.37
     246.1      26.43
     250.1       26.5
     254.1      26.67
     258.1      26.72
     262.1      26.78
     266.1      26.74
     270.1      26.75
     274.1      26.91
     278.1      26.94
     282.1       27.1
     286.1      27.21
     290.1      27.02
     294.1      26.86
     298.1      26.92
     302.1      26.74
     306.1      26.83
     310.1      26.78
     314.1      26.98
     318.1      27.03
     322.1      27.11
     326.1      27.39
     330.1      27.76
     334.1      27.47
     338.1      27.36
     342.1      27.26
     346.1      27.49
     350.1      27.44
