     6.068  4.813e+08
     10.11  4.759e+08
     14.16  3.676e+08
      18.2  2.659e+08
     22.25  2.048e+08
     26.29   1.67e+08
     30.34  1.346e+08
     34.38  1.151e+08
     38.43  9.159e+07
     42.47  7.936e+07
     46.52  7.016e+07
     50.56   6.36e+07
     54.61  5.643e+07
     58.65  5.498e+07
      62.7  4.633e+07
     66.74  3.927e+07
     70.79  3.399e+07
     74.84  3.036e+07
     78.88  2.534e+07
     82.93  2.501e+07
     86.97  2.208e+07
     91.02  2.075e+07
     95.06  1.904e+07
     99.11  1.754e+07
     103.2   1.61e+07
     107.2  1.616e+07
     111.2  1.496e+07
     115.3  1.362e+07
     119.3  1.353e+07
     123.4  1.353e+07
     127.4  1.175e+07
     131.5  1.111e+07
     135.5  1.133e+07
     139.6  1.027e+07
     143.6   9.91e+06
     147.6   9.78e+06
     151.7  9.235e+06
     155.7  8.394e+06
     159.8  7.954e+06
     163.8  6.778e+06
     167.9  6.699e+06
     171.9  6.088e+06
       176  5.922e+06
       180  5.409e+06
     184.1   5.15e+06
     188.1  5.502e+06
     192.1  4.678e+06
     196.2  5.018e+06
     200.2  4.514e+06
     204.3  4.411e+06
     208.3    3.9e+06
     212.4   3.81e+06
     216.4  4.166e+06
     220.5   4.06e+06
     224.5  3.766e+06
     228.6  2.971e+06
     232.6  3.389e+06
     236.6  3.269e+06
     240.7  2.815e+06
     244.7  2.625e+06
     248.8  2.673e+06
     252.8  2.595e+06
     256.9   2.07e+06
     260.9  1.455e+06
       265  9.563e+05
       269  1.079e+06
       273  9.432e+05
     277.1  7.257e+05
     281.1  7.575e+05
     285.2  5.345e+05
     289.2  5.953e+05
     293.3  5.998e+05
     297.3  4.965e+05
     301.4   3.66e+05
     305.4  3.018e+05
     309.5  3.094e+05
     313.5  2.236e+05
     317.5  1.734e+05
     321.6  1.676e+05
     325.6  9.785e+04
     329.7  1.416e+05
     333.7   8.07e+04
     337.8  7.169e+04
     341.8  4.511e+04
     345.9  3.173e+04
     349.9  1.642e+04
