     2.023  3.887e+10
     6.068  1.131e+11
     10.11  2.354e+11
     14.16  3.677e+11
      18.2  4.907e+11
     22.25  6.065e+11
     26.29  7.181e+11
     30.34  8.219e+11
     34.38  9.224e+11
     38.43  1.012e+12
     42.47  1.098e+12
     46.52  1.181e+12
     50.56  1.262e+12
     54.61  1.341e+12
     58.65  1.423e+12
      62.7  1.496e+12
     66.74  1.563e+12
     70.79  1.624e+12
     74.84  1.682e+12
     78.88  1.733e+12
     82.93  1.785e+12
     86.97  1.834e+12
     91.02  1.882e+12
     95.06  1.928e+12
     99.11  1.972e+12
     103.2  2.015e+12
     107.2  2.059e+12
     111.2  2.101e+12
     115.3  2.141e+12
     119.3  2.182e+12
     123.4  2.224e+12
     127.4  2.262e+12
     131.5    2.3e+12
     135.5  2.339e+12
     139.6  2.375e+12
     143.6  2.411e+12
     147.6  2.448e+12
     151.7  2.483e+12
     155.7  2.517e+12
     159.8  2.549e+12
     163.8  2.577e+12
     167.9  2.606e+12
     171.9  2.632e+12
       176  2.659e+12
       180  2.684e+12
     184.1  2.708e+12
     188.1  2.734e+12
     192.1  2.757e+12
     196.2  2.782e+12
     200.2  2.805e+12
     204.3  2.828e+12
     208.3  2.848e+12
     212.4  2.869e+12
     216.4  2.892e+12
     220.5  2.915e+12
     224.5  2.936e+12
     228.6  2.953e+12
     232.6  2.973e+12
     236.6  2.993e+12
     240.7   3.01e+12
     244.7  3.027e+12
     248.8  3.044e+12
     252.8   3.06e+12
     256.9  3.074e+12
     260.9  3.083e+12
       265   3.09e+12
       269  3.097e+12
       273  3.104e+12
     277.1  3.109e+12
     281.1  3.114e+12
     285.2  3.118e+12
     289.2  3.122e+12
     293.3  3.127e+12
     297.3  3.131e+12
     301.4  3.134e+12
     305.4  3.136e+12
     309.5  3.138e+12
     313.5   3.14e+12
     317.5  3.141e+12
     321.6  3.143e+12
     325.6  3.144e+12
     329.7  3.145e+12
     333.7  3.146e+12
     337.8  3.146e+12
     341.8  3.147e+12
     345.9  3.147e+12
     349.9  3.147e+12
