     2.023      11.45
     6.068      18.61
     10.11      19.05
     14.16      19.68
      18.2      20.36
     22.25      20.68
     26.29      21.02
     30.34      21.36
     34.38      21.69
     38.43         22
     42.47      22.21
     46.52      22.36
     50.56      22.43
     54.61      22.57
     58.65      22.81
      62.7      22.84
     66.74      23.03
     70.79      23.21
     74.84      23.25
     78.88      23.12
     82.93      23.05
     86.97       22.9
     91.02      23.19
     95.06      23.85
     99.11       23.9
     103.2      24.18
     107.2      24.16
     111.2      24.25
     115.3      24.21
     119.3      24.34
     123.4      24.14
     127.4      24.51
     131.5      24.49
     135.5      24.32
     139.6      24.11
     143.6      24.21
     147.6      24.31
     151.7      24.25
     155.7      24.61
     159.8       24.7
     163.8      24.65
     167.9      24.49
     171.9      24.65
       176      24.96
       180      25.05
     184.1      25.39
     188.1      25.16
     192.1      25.19
     196.2         25
     200.2      25.43
     204.3      25.54
     208.3      25.29
     212.4      24.89
     216.4      24.46
     220.5      24.52
     224.5      25.13
     228.6      25.63
     232.6      25.97
     236.6      25.97
     240.7      26.21
     244.7      26.29
     248.8      26.34
     252.8      26.22
     256.9      26.52
     260.9      26.49
       265      26.96
       269      25.36
       273       25.9
     277.1      27.66
     281.1      27.76
     285.2      27.59
     289.2       27.8
     293.3      27.97
     297.3      27.44
     301.4      28.07
     305.4      26.88
     309.5      26.75
     313.5      26.51
     317.5       27.1
     321.6      28.23
     325.6      28.37
     329.7      28.55
     333.7      28.29
     337.8      28.56
     341.8      27.53
     345.9       27.8
     349.9      26.42
