     6.002  4.782e+08
        10  1.876e+08
     14.01  1.225e+08
     18.01  8.812e+07
     22.01  6.637e+07
     26.01  5.208e+07
     30.01  3.679e+07
     34.01  3.178e+07
     38.02  2.378e+07
     42.02  1.875e+07
     46.02  1.569e+07
     50.02  1.381e+07
     54.02  1.191e+07
     58.02  8.958e+06
     62.02  8.065e+06
     66.03  7.623e+06
     70.03  6.368e+06
     74.03  5.247e+06
     78.03  5.093e+06
     82.03  4.521e+06
     86.03  4.221e+06
     90.04   3.75e+06
     94.04  3.609e+06
     98.04  3.168e+06
       102  2.707e+06
       106  2.329e+06
       110  2.109e+06
       114  2.171e+06
       118  1.986e+06
       122  1.413e+06
       126  1.202e+06
     130.1  1.164e+06
     134.1  1.085e+06
     138.1  1.132e+06
     142.1  1.079e+06
     146.1  9.984e+05
     150.1  9.884e+05
     154.1  8.535e+05
     158.1  6.204e+05
     162.1  5.849e+05
     166.1   7.33e+05
     170.1  6.903e+05
     174.1   6.58e+05
     178.1  5.955e+05
     182.1  5.823e+05
     186.1  3.917e+05
     190.1  4.836e+05
     194.1  6.024e+05
     198.1  4.629e+05
     202.1  3.672e+05
     206.1  3.669e+05
     210.1  2.852e+05
     214.1  2.245e+05
     218.1  3.082e+05
     222.1  3.028e+05
     226.1  7.575e+05
     230.1   4.29e+05
     234.1  2.719e+05
     238.1  2.118e+05
     242.1  1.627e+05
     246.1   1.56e+05
     250.1  1.502e+05
     254.1  9.113e+04
     258.1   1.17e+05
     262.1  9.789e+04
     266.1  5.538e+04
     270.1  9.046e+04
     274.1  1.486e+05
     278.1  1.563e+05
     282.1  1.106e+05
     286.1  7.603e+04
     290.1  7.821e+04
     294.1  7.606e+04
     298.1  4.764e+04
     302.1  5.295e+04
     306.1   5.24e+04
     310.1  2.324e+04
     314.1  3.377e+04
     318.1  3.759e+04
     322.1  1.281e+04
     326.1       4190
     330.1  1.844e+04
     334.1          0
     338.1  1.686e+04
     342.1          0
     346.1          0
     350.1  1.198e+04
