     2.001  3.813e+10
     6.002  1.103e+11
        10  1.575e+11
     14.01  2.006e+11
     18.01  2.405e+11
     22.01  2.772e+11
     26.01  3.113e+11
     30.01  3.391e+11
     34.01  3.662e+11
     38.02   3.89e+11
     42.02  4.088e+11
     46.02  4.269e+11
     50.02  4.443e+11
     54.02  4.605e+11
     58.02  4.735e+11
     62.02  4.861e+11
     66.03  4.988e+11
     70.03    5.1e+11
     74.03  5.198e+11
     78.03  5.297e+11
     82.03  5.391e+11
     86.03  5.482e+11
     90.04  5.567e+11
     94.04  5.652e+11
     98.04   5.73e+11
       102    5.8e+11
       106  5.862e+11
       110   5.92e+11
       114  5.982e+11
       118  6.041e+11
       122  6.085e+11
       126  6.123e+11
     130.1  6.161e+11
     134.1  6.198e+11
     138.1  6.237e+11
     142.1  6.275e+11
     146.1  6.312e+11
     150.1  6.349e+11
     154.1  6.382e+11
     158.1  6.407e+11
     162.1  6.431e+11
     166.1  6.461e+11
     170.1  6.491e+11
     174.1   6.52e+11
     178.1  6.546e+11
     182.1  6.573e+11
     186.1  6.591e+11
     190.1  6.615e+11
     194.1  6.644e+11
     198.1  6.667e+11
     202.1  6.686e+11
     206.1  6.705e+11
     210.1   6.72e+11
     214.1  6.732e+11
     218.1  6.749e+11
     222.1  6.766e+11
     226.1  6.809e+11
     230.1  6.833e+11
     234.1  6.849e+11
     238.1  6.862e+11
     242.1  6.872e+11
     246.1  6.882e+11
     250.1  6.891e+11
     254.1  6.897e+11
     258.1  6.905e+11
     262.1  6.911e+11
     266.1  6.915e+11
     270.1  6.921e+11
     274.1  6.931e+11
     278.1  6.942e+11
     282.1   6.95e+11
     286.1  6.955e+11
     290.1  6.961e+11
     294.1  6.967e+11
     298.1   6.97e+11
     302.1  6.974e+11
     306.1  6.978e+11
     310.1   6.98e+11
     314.1  6.983e+11
     318.1  6.986e+11
     322.1  6.987e+11
     326.1  6.987e+11
     330.1  6.989e+11
     334.1  6.989e+11
     338.1   6.99e+11
     342.1   6.99e+11
     346.1   6.99e+11
     350.1  6.991e+11
