     2.001  8.374e-17
     6.002  9.264e-18
        10  5.028e-18
     14.01  3.378e-18
     18.01  2.826e-18
     22.01   3.08e-18
     26.01  1.953e-18
     30.01  1.457e-18
     34.01  1.126e-18
     38.02   9.09e-19
     42.02  1.014e-18
     46.02  5.803e-19
     50.02  5.506e-19
     54.02  3.543e-19
     58.02  3.541e-19
     62.02  3.451e-19
     66.03  2.452e-19
     70.03      2e-19
     74.03  1.988e-19
     78.03   2.21e-19
     82.03  1.787e-19
     86.03  1.482e-19
     90.04   1.42e-19
     94.04  1.513e-19
     98.04  1.106e-19
       102  1.057e-19
       106  9.735e-20
       110  8.939e-20
       114  8.489e-20
       118  6.743e-20
       122  5.705e-20
       126  4.726e-20
     130.1  5.555e-20
     134.1  4.922e-20
     138.1  6.117e-20
     142.1  4.874e-20
     146.1  4.482e-20
     150.1  4.437e-20
     154.1  3.324e-20
     158.1  2.717e-20
     162.1  2.983e-20
     166.1  3.525e-20
     170.1  3.925e-20
     174.1  2.998e-20
     178.1  3.092e-20
     182.1  2.775e-20
     186.1  2.645e-20
     190.1  2.759e-20
     194.1  3.051e-20
     198.1  2.106e-20
     202.1  1.772e-20
     206.1  1.641e-20
     210.1  1.577e-20
     214.1    1.2e-20
     218.1  1.269e-20
     222.1  1.772e-20
     226.1  2.754e-20
     230.1  1.104e-20
     234.1  1.304e-20
     238.1  8.455e-21
     242.1  6.691e-21
     246.1  6.127e-21
     250.1  5.655e-21
     254.1  8.135e-21
     258.1  5.175e-21
     262.1  6.882e-21
     266.1  5.438e-21
     270.1  9.849e-21
     274.1   1.44e-20
     278.1  1.107e-20
     282.1  8.864e-21
     286.1    8.9e-21
     290.1  1.035e-20
     294.1  9.865e-21
     298.1  7.904e-21
     302.1  7.244e-21
     306.1  7.276e-21
     310.1  5.205e-21
     314.1  1.079e-20
     318.1  5.182e-21
     322.1  1.825e-21
     326.1  1.344e-21
     330.1  6.772e-21
     334.1  4.373e-21
     338.1  5.624e-21
     342.1  3.417e-23
     346.1  1.493e-20
     350.1  3.853e-21
