     2.001      18.21
     6.002       20.6
        10      21.26
     14.01      21.69
     18.01      21.89
     22.01      21.79
     26.01      22.29
     30.01      22.61
     34.01      22.89
     38.02      23.12
     42.02         23
     46.02      23.61
     50.02      23.66
     54.02      24.14
     58.02      24.14
     62.02      24.17
     66.03      24.54
     70.03      24.76
     74.03      24.77
     78.03      24.66
     82.03      24.89
     86.03      25.09
     90.04      25.14
     94.04      25.07
     98.04      25.41
       102      25.46
       106      25.55
       110      25.64
       114      25.69
       118      25.94
       122      26.13
       126      26.33
     130.1      26.15
     134.1      26.29
     138.1      26.05
     142.1       26.3
     146.1      26.39
     150.1       26.4
     154.1      26.71
     158.1      26.93
     162.1      26.83
     166.1      26.65
     170.1      26.53
     174.1      26.82
     178.1      26.79
     182.1      26.91
     186.1      26.96
     190.1      26.91
     194.1      26.81
     198.1      27.21
     202.1       27.4
     206.1      27.48
     210.1      27.52
     214.1      27.82
     218.1      27.76
     222.1       27.4
     226.1      26.92
     230.1      27.91
     234.1      27.73
     238.1       28.2
     242.1      28.45
     246.1      28.55
     250.1      28.64
     254.1      28.24
     258.1      28.73
     262.1      28.42
     266.1      28.68
     270.1      28.03
     274.1      27.62
     278.1      27.91
     282.1      28.15
     286.1      28.14
     290.1      27.98
     294.1      28.03
     298.1      28.27
     302.1      28.37
     306.1      28.36
     310.1      28.72
     314.1      27.93
     318.1      28.73
     322.1      29.86
     326.1       30.2
     330.1      28.44
     334.1      28.91
     338.1      28.64
     342.1      34.18
     346.1      27.58
     350.1      29.05
