     6.002  5.231e+08
        10  2.864e+08
        14  1.916e+08
     18.01  1.229e+08
     22.01  8.205e+07
     26.01  5.117e+07
     30.01  4.031e+07
     34.01  2.921e+07
     38.01  2.283e+07
     42.01  1.952e+07
     46.01   1.74e+07
     50.02  1.518e+07
     54.02  1.514e+07
     58.02  1.336e+07
     62.02  1.111e+07
     66.02  9.621e+06
     70.02  9.632e+06
     74.02   9.59e+06
     78.02  7.595e+06
     82.03  7.569e+06
     86.03  6.988e+06
     90.03  5.484e+06
     94.03  5.373e+06
     98.03   4.92e+06
       102  5.433e+06
       106  4.929e+06
       110  5.093e+06
       114  4.785e+06
       118  4.571e+06
       122  4.361e+06
       126  4.098e+06
       130  4.209e+06
       134  3.453e+06
       138  2.942e+06
       142  3.043e+06
       146  3.089e+06
       150  2.988e+06
       154    2.8e+06
       158  2.674e+06
     162.1  2.615e+06
     166.1  2.348e+06
     170.1  2.576e+06
     174.1  2.308e+06
     178.1  1.916e+06
     182.1  1.863e+06
     186.1  1.866e+06
     190.1  1.755e+06
     194.1  1.918e+06
     198.1  2.123e+06
     202.1  1.912e+06
     206.1  1.745e+06
     210.1   1.61e+06
     214.1  1.528e+06
     218.1  1.569e+06
     222.1   1.43e+06
     226.1    1.3e+06
     230.1  1.586e+06
     234.1  1.298e+06
     238.1  1.115e+06
     242.1  1.132e+06
     246.1  1.023e+06
     250.1  8.905e+05
     254.1  7.646e+05
     258.1  5.704e+05
     262.1  6.551e+05
     266.1   5.95e+05
     270.1  5.408e+05
     274.1  5.514e+05
     278.1  4.482e+05
     282.1  5.136e+05
     286.1  2.851e+05
     290.1  2.807e+05
     294.1  2.438e+05
     298.1  2.042e+05
     302.1  2.086e+05
     306.1  1.722e+05
     310.1  1.132e+05
     314.1  1.164e+05
     318.1  1.135e+05
     322.1  4.508e+04
     326.1  5.912e+04
     330.1  3.877e+04
     334.1          0
     338.1  1.479e+04
     342.1          0
     346.1          0
     350.1          0
