     2.001   3.01e+10
     6.002   1.09e+11
        10   1.81e+11
        14  2.485e+11
     18.01  3.041e+11
     22.01  3.495e+11
     26.01   3.83e+11
     30.01  4.134e+11
     34.01  4.384e+11
     38.01  4.602e+11
     42.01  4.808e+11
     46.01  5.009e+11
     50.02    5.2e+11
     54.02  5.406e+11
     58.02  5.601e+11
     62.02  5.774e+11
     66.02  5.934e+11
     70.02  6.103e+11
     74.02  6.282e+11
     78.02  6.431e+11
     82.03  6.587e+11
     86.03  6.738e+11
     90.03  6.862e+11
     94.03  6.989e+11
     98.03   7.11e+11
       102   7.25e+11
       106  7.381e+11
       110  7.522e+11
       114  7.659e+11
       118  7.795e+11
       122  7.929e+11
       126  8.058e+11
       130  8.196e+11
       134  8.312e+11
       138  8.415e+11
       142  8.523e+11
       146  8.637e+11
       150  8.749e+11
       154  8.858e+11
       158  8.964e+11
     162.1  9.071e+11
     166.1  9.169e+11
     170.1  9.279e+11
     174.1   9.38e+11
     178.1  9.465e+11
     182.1  9.551e+11
     186.1  9.638e+11
     190.1  9.722e+11
     194.1  9.815e+11
     198.1  9.921e+11
     202.1  1.002e+12
     206.1  1.011e+12
     210.1  1.019e+12
     214.1  1.028e+12
     218.1  1.036e+12
     222.1  1.044e+12
     226.1  1.052e+12
     230.1  1.061e+12
     234.1  1.068e+12
     238.1  1.075e+12
     242.1  1.082e+12
     246.1  1.088e+12
     250.1  1.094e+12
     254.1  1.099e+12
     258.1  1.102e+12
     262.1  1.107e+12
     266.1  1.111e+12
     270.1  1.114e+12
     274.1  1.118e+12
     278.1  1.121e+12
     282.1  1.125e+12
     286.1  1.127e+12
     290.1  1.129e+12
     294.1  1.131e+12
     298.1  1.132e+12
     302.1  1.134e+12
     306.1  1.135e+12
     310.1  1.136e+12
     314.1  1.137e+12
     318.1  1.138e+12
     322.1  1.138e+12
     326.1  1.139e+12
     330.1  1.139e+12
     334.1  1.139e+12
     338.1  1.139e+12
     342.1  1.139e+12
     346.1  1.139e+12
     350.1  1.139e+12
