     2.001  6.878e-17
     6.002  1.601e-17
        10  1.065e-17
        14   8.02e-18
     18.01  7.757e-18
     22.01  4.595e-18
     26.01  3.408e-18
     30.01  2.618e-18
     34.01   2.45e-18
     38.01  1.238e-18
     42.01  1.103e-18
     46.01   9.91e-19
     50.02  9.592e-19
     54.02  9.891e-19
     58.02  7.857e-19
     62.02  6.293e-19
     66.02  5.918e-19
     70.02  5.513e-19
     74.02  5.672e-19
     78.02  4.996e-19
     82.03  4.987e-19
     86.03  3.924e-19
     90.03  3.021e-19
     94.03  2.797e-19
     98.03  3.062e-19
       102  2.945e-19
       106  2.863e-19
       110  2.746e-19
       114  2.606e-19
       118   2.42e-19
       122  2.223e-19
       126  2.555e-19
       130  2.986e-19
       134  2.384e-19
       138  1.781e-19
       142  1.458e-19
       146  1.627e-19
       150  1.589e-19
       154  1.338e-19
       158  1.311e-19
     162.1  1.542e-19
     166.1   1.62e-19
     170.1  1.184e-19
     174.1  1.127e-19
     178.1  9.613e-20
     182.1  8.741e-20
     186.1  8.731e-20
     190.1  9.424e-20
     194.1  9.046e-20
     198.1  9.895e-20
     202.1  8.387e-20
     206.1  7.245e-20
     210.1  7.207e-20
     214.1  6.817e-20
     218.1  7.004e-20
     222.1  5.957e-20
     226.1  5.875e-20
     230.1  6.127e-20
     234.1  5.055e-20
     238.1   4.74e-20
     242.1  5.128e-20
     246.1  4.482e-20
     250.1  4.047e-20
     254.1  3.711e-20
     258.1  4.214e-20
     262.1  4.797e-20
     266.1  5.047e-20
     270.1  4.703e-20
     274.1  4.386e-20
     278.1  5.455e-20
     282.1    9.4e-20
     286.1  1.177e-19
     290.1  3.286e-20
     294.1  3.867e-20
     298.1  3.386e-20
     302.1  3.336e-20
     306.1  2.469e-20
     310.1  2.107e-20
     314.1  3.288e-20
     318.1  2.518e-20
     322.1  1.823e-20
     326.1  1.699e-20
     330.1  1.315e-20
     334.1  3.107e-21
     338.1  8.205e-21
     342.1  1.124e-23
     346.1      1e-23
     350.1      1e-23
