     2.001      18.42
     6.002      20.01
        10      20.45
        14      20.76
     18.01      20.79
     22.01      21.36
     26.01      21.68
     30.01      21.97
     34.01      22.04
     38.01      22.78
     42.01      22.91
     46.01      23.03
     50.02      23.06
     54.02      23.03
     58.02      23.28
     62.02      23.52
     66.02      23.59
     70.02      23.66
     74.02      23.63
     78.02      23.77
     82.03      23.77
     86.03      24.03
     90.03      24.32
     94.03       24.4
     98.03       24.3
       102      24.34
       106      24.37
       110      24.42
       114      24.48
       118      24.56
       122      24.65
       126       24.5
       130      24.33
       134      24.57
       138      24.89
       142      25.11
       146      24.99
       150      25.01
       154       25.2
       158      25.22
     162.1      25.05
     166.1      24.99
     170.1      25.33
     174.1      25.39
     178.1      25.56
     182.1      25.66
     186.1      25.66
     190.1      25.58
     194.1      25.63
     198.1      25.53
     202.1      25.71
     206.1      25.87
     210.1      25.87
     214.1      25.93
     218.1       25.9
     222.1      26.08
     226.1      26.09
     230.1      26.05
     234.1      26.26
     238.1      26.33
     242.1      26.24
     246.1      26.39
     250.1       26.5
     254.1      26.59
     258.1      26.45
     262.1      26.31
     266.1      26.26
     270.1      26.34
     274.1      26.41
     278.1      26.17
     282.1      25.58
     286.1      25.34
     290.1      26.72
     294.1      26.55
     298.1      26.69
     302.1      26.71
     306.1      27.03
     310.1      27.21
     314.1      26.72
     318.1      27.01
     322.1      27.36
     326.1      27.44
     330.1      27.72
     334.1      29.29
     338.1      28.23
     342.1      35.39
     346.1      35.52
     350.1      35.52
