     6.021  1.643e+08
     10.04  5.268e+07
     14.05  3.006e+07
     18.06  1.834e+07
     22.08  1.259e+07
     26.09  1.219e+07
     30.11  7.839e+06
     34.12  6.746e+06
     38.14  5.548e+06
     42.15  3.835e+06
     46.16  3.851e+06
     50.18  4.081e+06
     54.19  2.453e+06
     58.21  1.815e+06
     62.22  1.577e+06
     66.23   1.78e+06
     70.25  9.973e+05
     74.26   1.68e+06
     78.28  1.939e+06
     82.29  6.812e+05
     86.31  5.627e+05
     90.32  5.132e+05
     94.33  5.873e+05
     98.35  5.338e+05
     102.4  2.783e+05
     106.4  3.268e+05
     110.4  2.838e+05
     114.4  2.233e+05
     118.4  1.944e+05
     122.4  5.007e+04
     126.4  1.563e+05
     130.5  2.581e+05
     134.5  1.076e+05
     138.5  1.124e+04
     142.5  2.263e+04
     146.5          0
     150.5       9809
     154.5          0
     158.6  1.987e+04
     162.6       9351
     166.6       9063
     170.6       8855
     174.6          0
     178.6          0
     182.6          0
     186.7          0
     190.7          0
     194.7       8898
     198.7          0
     202.7       8495
     206.7          0
     210.7       8113
     214.8       7624
     218.8          0
     222.8          0
     226.8       7255
     230.8       6966
     234.8  1.399e+04
     238.8          0
     242.9          0
     246.9          0
     250.9       6592
     254.9          0
     258.9          0
     262.9          0
     266.9          0
       271          0
       275          0
       279          0
       283          0
       287          0
       291          0
       295          0
     299.1          0
     303.1          0
     307.1          0
     311.1          0
     315.1          0
     319.1          0
     323.1          0
     327.2          0
