     2.007  3.674e+10
     6.021   6.17e+10
     10.04  7.503e+10
     14.05  8.568e+10
     18.06  9.404e+10
     22.08   1.01e+11
     26.09  1.091e+11
     30.11   1.15e+11
     34.12  1.208e+11
     38.14  1.262e+11
     42.15  1.302e+11
     46.16  1.347e+11
     50.18  1.399e+11
     54.19  1.432e+11
     58.21  1.459e+11
     62.22  1.484e+11
     66.23  1.514e+11
     70.25  1.531e+11
     74.26  1.563e+11
     78.28  1.601e+11
     82.29  1.615e+11
     86.31  1.627e+11
     90.32  1.639e+11
     94.33  1.653e+11
     98.35  1.666e+11
     102.4  1.674e+11
     106.4  1.682e+11
     110.4   1.69e+11
     114.4  1.697e+11
     118.4  1.702e+11
     122.4  1.704e+11
     126.4  1.709e+11
     130.5  1.717e+11
     134.5  1.721e+11
     138.5  1.722e+11
     142.5  1.722e+11
     146.5  1.722e+11
     150.5  1.723e+11
     154.5  1.723e+11
     158.6  1.723e+11
     162.6  1.724e+11
     166.6  1.724e+11
     170.6  1.725e+11
     174.6  1.725e+11
     178.6  1.725e+11
     182.6  1.725e+11
     186.7  1.725e+11
     190.7  1.725e+11
     194.7  1.725e+11
     198.7  1.725e+11
     202.7  1.726e+11
     206.7  1.726e+11
     210.7  1.726e+11
     214.8  1.726e+11
     218.8  1.726e+11
     222.8  1.726e+11
     226.8  1.727e+11
     230.8  1.727e+11
     234.8  1.728e+11
     238.8  1.728e+11
     242.9  1.728e+11
     246.9  1.728e+11
     250.9  1.728e+11
     254.9  1.728e+11
     258.9  1.728e+11
     262.9  1.728e+11
     266.9  1.728e+11
       271  1.728e+11
       275  1.728e+11
       279  1.728e+11
       283  1.728e+11
       287  1.728e+11
       291  1.728e+11
       295  1.728e+11
     299.1  1.728e+11
     303.1  1.728e+11
     307.1  1.728e+11
     311.1  1.728e+11
     315.1  1.728e+11
     319.1  1.728e+11
     323.1  1.728e+11
     327.2  1.728e+11
