     2.007  2.216e-16
     6.021  1.704e-17
     10.04  1.135e-17
     14.05  5.232e-18
     18.06  3.024e-18
     22.08  1.572e-18
     26.09  1.298e-18
     30.11  1.173e-18
     34.12  1.078e-18
     38.14  8.432e-19
     42.15   7.24e-19
     46.16  1.047e-18
     50.18  1.263e-18
     54.19  4.087e-19
     58.21  3.298e-19
     62.22   4.87e-19
     66.23  3.623e-19
     70.25  1.715e-19
     74.26  2.678e-19
     78.28  1.917e-19
     82.29   8.35e-20
     86.31  6.831e-20
     90.32  8.168e-20
     94.33  7.493e-20
     98.35  4.774e-20
     102.4  5.251e-20
     106.4  4.293e-20
     110.4  3.616e-20
     114.4  2.817e-20
     118.4  1.331e-20
     122.4  2.278e-20
     126.4  5.579e-20
     130.5  4.431e-20
     134.5  9.882e-21
     138.5  4.535e-21
     142.5  2.675e-21
     146.5  5.464e-22
     150.5  5.391e-22
     154.5  2.543e-21
     158.6    2.2e-21
     162.6  7.716e-22
     166.6  1.019e-21
     170.6  1.219e-21
     174.6  1.782e-23
     178.6      1e-23
     182.6      1e-23
     186.7      1e-23
     190.7  6.654e-22
     194.7  2.834e-21
     198.7  3.017e-21
     202.7  3.475e-22
     206.7  6.746e-23
     210.7   3.91e-21
     214.8  9.893e-22
     218.8      1e-23
     222.8  3.684e-23
     226.8  3.542e-21
     230.8  5.942e-22
     234.8  3.826e-21
     238.8   1.16e-23
     242.9  5.675e-23
     246.9  2.673e-21
     250.9  7.546e-23
     254.9      1e-23
     258.9      1e-23
     262.9      1e-23
     266.9      1e-23
       271      1e-23
       275      1e-23
       279      1e-23
       283      1e-23
       287      1e-23
       291      1e-23
       295      1e-23
     299.1      1e-23
     303.1      1e-23
     307.1      1e-23
     311.1      1e-23
     315.1      1e-23
     319.1      1e-23
     323.1      1e-23
     327.2      1e-23
