     2.007      17.15
     6.021      19.94
     10.04      20.38
     14.05      21.22
     18.06      21.81
     22.08      22.53
     26.09      22.73
     30.11      22.84
     34.12      22.93
     38.14       23.2
     42.15      23.37
     46.16      22.97
     50.18      22.76
     54.19      23.99
     58.21      24.22
     62.22       23.8
     66.23      24.12
     70.25      24.93
     74.26      24.45
     78.28      24.81
     82.29      25.71
     86.31      25.93
     90.32      25.74
     94.33      25.83
     98.35      26.32
     102.4      26.22
     106.4      26.43
     110.4      26.62
     114.4      26.89
     118.4      27.71
     122.4      27.12
     126.4      26.15
     130.5       26.4
     134.5      28.03
     138.5      28.87
     142.5      29.45
     146.5      31.17
     150.5      31.19
     154.5       29.5
     158.6      29.66
     162.6       30.8
     166.6       30.5
     170.6       30.3
     174.6      34.89
     178.6      35.52
     182.6      35.52
     186.7      35.52
     190.7      30.96
     194.7      29.39
     198.7      29.32
     202.7      31.66
     206.7      33.44
     210.7      29.04
     214.8      30.53
     218.8      35.52
     222.8       34.1
     226.8      29.14
     230.8      31.08
     234.8      29.06
     238.8      35.35
     242.9      33.63
     246.9      29.45
     250.9      33.32
     254.9      35.52
     258.9      35.52
     262.9      35.52
     266.9      35.52
       271      35.52
       275      35.52
       279      35.52
       283      35.52
       287      35.52
       291      35.52
       295      35.52
     299.1      35.52
     303.1      35.52
     307.1      35.52
     311.1      35.52
     315.1      35.52
     319.1      35.52
     323.1      35.52
     327.2      35.52
