     6.002  3.065e+08
        10  2.487e+08
        14  1.882e+08
        18  1.565e+08
     22.01  1.314e+08
     26.01  1.078e+08
     30.01  8.841e+07
     34.01  7.562e+07
     38.01  6.865e+07
     42.01  6.102e+07
     46.01  5.404e+07
     50.01  4.969e+07
     54.01  4.559e+07
     58.02   4.71e+07
     62.02  4.284e+07
     66.02  3.951e+07
     70.02  3.708e+07
     74.02   3.41e+07
     78.02  2.912e+07
     82.02  2.692e+07
     86.02  2.625e+07
     90.02  2.508e+07
     94.03  2.364e+07
     98.03   2.24e+07
       102   2.03e+07
       106  1.887e+07
       110  1.722e+07
       114  1.488e+07
       118  1.477e+07
       122  1.405e+07
       126  1.396e+07
       130  1.299e+07
       134  1.295e+07
       138  1.354e+07
       142  1.209e+07
       146  1.185e+07
       150  1.135e+07
       154  1.041e+07
       158   1.11e+07
       162  1.076e+07
       166  1.043e+07
       170  1.009e+07
       174  9.506e+06
       178  8.818e+06
     182.1  9.101e+06
     186.1  9.251e+06
     190.1  8.869e+06
     194.1  8.817e+06
     198.1  8.929e+06
     202.1   7.39e+06
     206.1   6.69e+06
     210.1  6.409e+06
     214.1  6.385e+06
     218.1  5.551e+06
     222.1  6.005e+06
     226.1  6.191e+06
     230.1  6.003e+06
     234.1  5.743e+06
     238.1  6.015e+06
     242.1  5.825e+06
     246.1  6.148e+06
     250.1  6.109e+06
     254.1   5.15e+06
     258.1  5.166e+06
     262.1  3.884e+06
     266.1  3.043e+06
     270.1  2.924e+06
     274.1  2.556e+06
     278.1    2.2e+06
     282.1  1.939e+06
     286.1  1.916e+06
     290.1  1.326e+06
     294.1  1.267e+06
     298.1  1.117e+06
     302.1  7.942e+05
     306.1   5.71e+05
     310.1  5.243e+05
     314.1  4.689e+05
     318.1  4.505e+05
     322.1  3.629e+05
     326.1  2.922e+05
     330.1  2.258e+05
     334.1  1.708e+05
     338.1  1.316e+05
     342.1  9.306e+04
     346.1  5.182e+04
     350.1  4.485e+04
