     2.001  2.057e+10
     6.002  6.681e+10
        10  1.294e+11
        14  1.956e+11
        18  2.665e+11
     22.01  3.391e+11
     26.01  4.096e+11
     30.01  4.763e+11
     34.01   5.41e+11
     38.01  6.066e+11
     42.01   6.71e+11
     46.01  7.335e+11
     50.01   7.96e+11
     54.01  8.579e+11
     58.02  9.266e+11
     62.02  9.934e+11
     66.02  1.059e+12
     70.02  1.124e+12
     74.02  1.188e+12
     78.02  1.245e+12
     82.02    1.3e+12
     86.02  1.357e+12
     90.02  1.414e+12
     94.03   1.47e+12
     98.03  1.525e+12
       102  1.577e+12
       106  1.627e+12
       110  1.675e+12
       114  1.718e+12
       118  1.761e+12
       122  1.804e+12
       126  1.849e+12
       130  1.891e+12
       134  1.935e+12
       138  1.982e+12
       142  2.025e+12
       146  2.068e+12
       150  2.111e+12
       154  2.152e+12
       158  2.196e+12
       162  2.239e+12
       166  2.283e+12
       170  2.326e+12
       174  2.368e+12
       178  2.407e+12
     182.1  2.449e+12
     186.1  2.492e+12
     190.1  2.535e+12
     194.1  2.578e+12
     198.1  2.622e+12
     202.1   2.66e+12
     206.1  2.694e+12
     210.1  2.728e+12
     214.1  2.762e+12
     218.1  2.793e+12
     222.1  2.826e+12
     226.1  2.862e+12
     230.1  2.896e+12
     234.1   2.93e+12
     238.1  2.966e+12
     242.1  3.001e+12
     246.1   3.04e+12
     250.1  3.078e+12
     254.1  3.111e+12
     258.1  3.144e+12
     262.1   3.17e+12
     266.1   3.19e+12
     270.1   3.21e+12
     274.1  3.228e+12
     278.1  3.243e+12
     282.1  3.257e+12
     286.1  3.271e+12
     290.1   3.28e+12
     294.1   3.29e+12
     298.1  3.298e+12
     302.1  3.304e+12
     306.1  3.308e+12
     310.1  3.313e+12
     314.1  3.316e+12
     318.1   3.32e+12
     322.1  3.323e+12
     326.1  3.325e+12
     330.1  3.327e+12
     334.1  3.329e+12
     338.1   3.33e+12
     342.1   3.33e+12
     346.1  3.331e+12
     350.1  3.331e+12
