     2.001  1.719e-16
     6.002  5.306e-18
        10  4.263e-18
        14  3.804e-18
        18  3.213e-18
     22.01  3.019e-18
     26.01   2.38e-18
     30.01  1.547e-18
     34.01  1.552e-18
     38.01  1.328e-18
     42.01  1.162e-18
     46.01  1.127e-18
     50.01  9.413e-19
     54.01  8.733e-19
     58.02  7.859e-19
     62.02  7.473e-19
     66.02  6.684e-19
     70.02  5.785e-19
     74.02  5.382e-19
     78.02  4.676e-19
     82.02  5.115e-19
     86.02   4.52e-19
     90.02  3.975e-19
     94.03  3.693e-19
     98.03   3.66e-19
       102  3.348e-19
       106  3.232e-19
       110  2.866e-19
       114  2.551e-19
       118  2.444e-19
       122  2.255e-19
       126  2.303e-19
       130  3.041e-19
       134   2.61e-19
       138  2.425e-19
       142  1.887e-19
       146   1.99e-19
       150  2.233e-19
       154  1.969e-19
       158  1.662e-19
       162   1.69e-19
       166  1.705e-19
       170  1.757e-19
       174  1.492e-19
       178  1.646e-19
     182.1  1.558e-19
     186.1  1.629e-19
     190.1  1.594e-19
     194.1  1.503e-19
     198.1  1.269e-19
     202.1  1.065e-19
     206.1  1.105e-19
     210.1  1.111e-19
     214.1  1.043e-19
     218.1  9.698e-20
     222.1  1.043e-19
     226.1  1.033e-19
     230.1  1.026e-19
     234.1   9.01e-20
     238.1  9.903e-20
     242.1  9.208e-20
     246.1  1.015e-19
     250.1  9.825e-20
     254.1  9.875e-20
     258.1  1.011e-19
     262.1   1.01e-19
     266.1  8.809e-20
     270.1  8.432e-20
     274.1   8.08e-20
     278.1  8.232e-20
     282.1  7.984e-20
     286.1  8.566e-20
     290.1  7.722e-20
     294.1  7.531e-20
     298.1  7.174e-20
     302.1  4.776e-20
     306.1  5.105e-20
     310.1  5.191e-20
     314.1  5.361e-20
     318.1  5.128e-20
     322.1  5.119e-20
     326.1  4.657e-20
     330.1  4.815e-20
     334.1  4.033e-20
     338.1  2.619e-20
     342.1  3.107e-20
     346.1  4.785e-20
     350.1   4.35e-20
