     2.001      17.43
     6.002       21.2
        10      21.44
        14      21.57
        18      21.75
     22.01      21.82
     26.01      22.07
     30.01      22.54
     34.01      22.54
     38.01      22.71
     42.01      22.85
     46.01      22.89
     50.01      23.08
     54.01      23.16
     58.02      23.28
     62.02      23.33
     66.02      23.45
     70.02      23.61
     74.02      23.69
     78.02      23.84
     82.02      23.74
     86.02      23.88
     90.02      24.02
     94.03       24.1
     98.03      24.11
       102       24.2
       106      24.24
       110      24.37
       114       24.5
       118      24.55
       122      24.63
       126      24.61
       130      24.31
       134      24.47
       138      24.55
       142      24.83
       146      24.77
       150      24.64
       154      24.78
       158      24.96
       162      24.95
       166      24.94
       170       24.9
       174      25.08
       178      24.98
     182.1      25.03
     186.1      24.99
     190.1      25.01
     194.1      25.07
     198.1      25.26
     202.1      25.45
     206.1      25.41
     210.1       25.4
     214.1      25.47
     218.1      25.55
     222.1      25.47
     226.1      25.48
     230.1      25.49
     234.1      25.63
     238.1      25.53
     242.1      25.61
     246.1       25.5
     250.1      25.54
     254.1      25.53
     258.1       25.5
     262.1       25.5
     266.1      25.65
     270.1       25.7
     274.1      25.75
     278.1      25.73
     282.1      25.76
     286.1      25.68
     290.1       25.8
     294.1      25.82
     298.1      25.88
     302.1      26.32
     306.1      26.25
     310.1      26.23
     314.1      26.19
     318.1      26.24
     322.1      26.24
     326.1      26.35
     330.1      26.31
     334.1       26.5
     338.1      26.97
     342.1      26.79
     346.1      26.32
     350.1      26.42
