     6.002  4.512e+08
        10  3.341e+08
        14  2.701e+08
        18  2.305e+08
     22.01  1.821e+08
     26.01  1.503e+08
     30.01  1.355e+08
     34.01  1.205e+08
     38.01  1.091e+08
     42.01   9.14e+07
     46.01   7.71e+07
     50.01  6.536e+07
     54.01  5.577e+07
     58.02  5.188e+07
     62.02  4.716e+07
     66.02  4.406e+07
     70.02  3.947e+07
     74.02  3.405e+07
     78.02  3.049e+07
     82.02  2.611e+07
     86.02  2.421e+07
     90.02   2.15e+07
     94.03  2.086e+07
     98.03  1.945e+07
       102  1.687e+07
       106  1.653e+07
       110  1.526e+07
       114  1.383e+07
       118  1.348e+07
       122  1.257e+07
       126  1.239e+07
       130  1.105e+07
       134  9.887e+06
       138  9.294e+06
       142  8.822e+06
       146  8.493e+06
       150  8.143e+06
       154  7.312e+06
       158  6.861e+06
       162  6.676e+06
       166    6.1e+06
       170  5.919e+06
       174  5.182e+06
       178  5.267e+06
     182.1  4.946e+06
     186.1  5.003e+06
     190.1  5.402e+06
     194.1  4.425e+06
     198.1  4.177e+06
     202.1  4.179e+06
     206.1  4.375e+06
     210.1  4.634e+06
     214.1  4.229e+06
     218.1  3.584e+06
     222.1  3.445e+06
     226.1  3.153e+06
     230.1  3.438e+06
     234.1  3.438e+06
     238.1  3.107e+06
     242.1  3.364e+06
     246.1  2.691e+06
     250.1  2.584e+06
     254.1   1.73e+06
     258.1  1.462e+06
     262.1  1.164e+06
     266.1  1.117e+06
     270.1  8.645e+05
     274.1  8.155e+05
     278.1  6.481e+05
     282.1  4.224e+05
     286.1  4.658e+05
     290.1   3.95e+05
     294.1  4.214e+05
     298.1  2.554e+05
     302.1  2.992e+05
     306.1  3.131e+05
     310.1  2.253e+05
     314.1  1.463e+05
     318.1  1.635e+05
     322.1  1.094e+05
     326.1  1.092e+05
     330.1  6.129e+04
     334.1  6.238e+04
     338.1  4.532e+04
     342.1  3.298e+04
     346.1       9628
     350.1  2.111e+04
