     2.001  3.454e-17
     6.002  6.491e-18
        10  5.453e-18
        14  4.837e-18
        18  4.049e-18
     22.01  3.324e-18
     26.01  2.816e-18
     30.01  2.485e-18
     34.01  2.959e-18
     38.01   2.17e-18
     42.01  1.639e-18
     46.01  1.325e-18
     50.01  1.275e-18
     54.01  1.063e-18
     58.02  9.503e-19
     62.02  8.417e-19
     66.02  8.184e-19
     70.02  7.484e-19
     74.02  5.861e-19
     78.02  5.044e-19
     82.02  4.603e-19
     86.02   4.37e-19
     90.02  4.223e-19
     94.03  3.721e-19
     98.03  3.172e-19
       102  2.911e-19
       106   2.82e-19
       110  2.448e-19
       114  2.356e-19
       118  2.286e-19
       122  2.144e-19
       126  2.108e-19
       130  2.069e-19
       134  1.711e-19
       138  1.471e-19
       142  1.505e-19
       146  1.465e-19
       150   1.36e-19
       154  1.348e-19
       158  1.224e-19
       162  1.194e-19
       166  1.102e-19
       170  1.093e-19
       174      1e-19
       178  8.483e-20
     182.1  9.169e-20
     186.1  1.005e-19
     190.1  9.204e-20
     194.1  7.985e-20
     198.1  8.251e-20
     202.1  8.106e-20
     206.1  8.212e-20
     210.1  8.975e-20
     214.1  8.091e-20
     218.1   6.53e-20
     222.1  6.054e-20
     226.1  6.822e-20
     230.1  6.658e-20
     234.1  7.063e-20
     238.1  6.839e-20
     242.1  1.154e-19
     246.1  9.146e-20
     250.1  4.639e-20
     254.1   3.54e-20
     258.1   3.05e-20
     262.1  3.035e-20
     266.1   3.05e-20
     270.1  2.912e-20
     274.1  3.348e-20
     278.1  2.735e-20
     282.1  2.344e-20
     286.1  2.014e-20
     290.1  3.203e-20
     294.1  1.767e-20
     298.1  2.208e-20
     302.1  1.777e-20
     306.1  2.017e-20
     310.1   1.52e-20
     314.1  1.383e-20
     318.1  1.278e-20
     322.1  1.072e-20
     326.1  1.107e-20
     330.1  1.483e-20
     334.1  8.849e-21
     338.1  1.186e-20
     342.1    7.4e-21
     346.1   1.29e-20
     350.1  1.883e-20
