     6.061  3.115e+08
      10.1  1.642e+08
     14.14  9.836e+07
     18.18  6.072e+07
     22.22  4.815e+07
     26.27  3.375e+07
     30.31  2.688e+07
     34.35  2.054e+07
     38.39  1.742e+07
     42.43   1.39e+07
     46.47  1.196e+07
     50.51  9.077e+06
     54.55  8.964e+06
     58.59  6.797e+06
     62.63  6.758e+06
     66.67  5.758e+06
     70.71  4.751e+06
     74.75  4.647e+06
      78.8   3.75e+06
     82.84  3.464e+06
     86.88  3.124e+06
     90.92  2.912e+06
     94.96  2.884e+06
        99  2.524e+06
       103  2.162e+06
     107.1  2.449e+06
     111.1  2.227e+06
     115.2  1.603e+06
     119.2  1.366e+06
     123.2   1.25e+06
     127.3  1.405e+06
     131.3  1.272e+06
     135.4  1.182e+06
     139.4  1.058e+06
     143.4  9.785e+05
     147.5  1.014e+06
     151.5  7.816e+05
     155.6  7.464e+05
     159.6  7.216e+05
     163.7   6.05e+05
     167.7  5.135e+05
     171.7   4.03e+05
     175.8  3.924e+05
     179.8  4.169e+05
     183.9  3.601e+05
     187.9  3.364e+05
     191.9  2.886e+05
       196  3.205e+05
       200  3.164e+05
     204.1  2.398e+05
     208.1  3.301e+05
     212.1  3.827e+05
     216.2  3.318e+05
     220.2  3.123e+05
     224.3  3.108e+05
     228.3  2.586e+05
     232.3   2.41e+05
     236.4  2.528e+05
     240.4  1.856e+05
     244.5   1.91e+05
     248.5  2.655e+05
     252.5  1.683e+05
     256.6  1.142e+05
     260.6   1.44e+05
     264.7  1.048e+05
     268.7  7.808e+04
     272.8  7.105e+04
     276.8  4.389e+04
     280.8  1.933e+04
     284.9  3.342e+04
     288.9  4.994e+04
       293  3.972e+04
       297  1.961e+04
       301   2.48e+04
     305.1   1.43e+04
     309.1   1.79e+04
     313.2  3.479e+04
     317.2  1.443e+04
     321.2  3.068e+04
     325.3       4121
     329.3       4438
     333.4       4074
     337.4       4398
     341.4       4729
     345.5          0
     349.5          0
