      2.02  9.281e+09
     6.061  5.721e+10
      10.1  9.933e+10
     14.14  1.347e+11
     18.18  1.627e+11
     22.22  1.899e+11
     26.27  2.124e+11
     30.31   2.33e+11
     34.35   2.51e+11
     38.39  2.679e+11
     42.43  2.829e+11
     46.47   2.97e+11
     50.51  3.086e+11
     54.55  3.211e+11
     58.59  3.312e+11
     62.63  3.419e+11
     66.67  3.517e+11
     70.71  3.602e+11
     74.75   3.69e+11
      78.8  3.765e+11
     82.84  3.838e+11
     86.88  3.907e+11
     90.92  3.974e+11
     94.96  4.044e+11
        99  4.107e+11
       103  4.164e+11
     107.1   4.23e+11
     111.1  4.293e+11
     115.2   4.34e+11
     119.2  4.381e+11
     123.2   4.42e+11
     127.3  4.466e+11
     131.3  4.508e+11
     135.4  4.549e+11
     139.4  4.586e+11
     143.4  4.622e+11
     147.5   4.66e+11
     151.5   4.69e+11
     155.6  4.719e+11
     159.6  4.749e+11
     163.7  4.774e+11
     167.7  4.796e+11
     171.7  4.813e+11
     175.8  4.831e+11
     179.8   4.85e+11
     183.9  4.867e+11
     187.9  4.883e+11
     191.9  4.897e+11
       196  4.913e+11
       200  4.929e+11
     204.1  4.941e+11
     208.1  4.959e+11
     212.1  4.979e+11
     216.2  4.997e+11
     220.2  5.015e+11
     224.3  5.033e+11
     228.3  5.048e+11
     232.3  5.062e+11
     236.4  5.077e+11
     240.4  5.088e+11
     244.5    5.1e+11
     248.5  5.117e+11
     252.5  5.128e+11
     256.6  5.135e+11
     260.6  5.145e+11
     264.7  5.152e+11
     268.7  5.157e+11
     272.8  5.162e+11
     276.8  5.165e+11
     280.8  5.166e+11
     284.9  5.169e+11
     288.9  5.172e+11
       293  5.175e+11
       297  5.177e+11
       301  5.179e+11
     305.1   5.18e+11
     309.1  5.181e+11
     313.2  5.184e+11
     317.2  5.185e+11
     321.2  5.188e+11
     325.3  5.188e+11
     329.3  5.188e+11
     333.4  5.189e+11
     337.4  5.189e+11
     341.4   5.19e+11
     345.5   5.19e+11
     349.5   5.19e+11
