      2.02  7.095e-18
     6.061  3.289e-18
      10.1  1.665e-18
     14.14  9.515e-19
     18.18  6.915e-19
     22.22  5.333e-19
     26.27  3.787e-19
     30.31  3.169e-19
     34.35  2.521e-19
     38.39  2.119e-19
     42.43   1.68e-19
     46.47  1.508e-19
     50.51  1.258e-19
     54.55  1.262e-19
     58.59   9.69e-20
     62.63  9.338e-20
     66.67  8.394e-20
     70.71  7.736e-20
     74.75  7.157e-20
      78.8  5.351e-20
     82.84  5.042e-20
     86.88  4.804e-20
     90.92  4.175e-20
     94.96  4.003e-20
        99  3.559e-20
       103   3.12e-20
     107.1  3.348e-20
     111.1  2.981e-20
     115.2  2.157e-20
     119.2  1.916e-20
     123.2  1.952e-20
     127.3   1.88e-20
     131.3  1.748e-20
     135.4  1.612e-20
     139.4  1.514e-20
     143.4  1.569e-20
     147.5  1.632e-20
     151.5  3.132e-20
     155.6  1.138e-20
     159.6  1.166e-20
     163.7  2.312e-20
     167.7  9.864e-21
     171.7  5.406e-21
     175.8   8.57e-21
     179.8  5.854e-21
     183.9  5.103e-21
     187.9  4.375e-21
     191.9  4.841e-21
       196  5.675e-21
       200  7.976e-21
     204.1  7.694e-21
     208.1  5.448e-21
     212.1  6.405e-21
     216.2  5.112e-21
     220.2  4.789e-21
     224.3  4.306e-21
     228.3  4.071e-21
     232.3  4.132e-21
     236.4  3.156e-21
     240.4  2.776e-21
     244.5  3.106e-21
     248.5  3.813e-21
     252.5  2.929e-21
     256.6  2.955e-21
     260.6  2.217e-21
     264.7  2.889e-21
     268.7  2.398e-21
     272.8  1.702e-21
     276.8  1.563e-21
     280.8  1.601e-21
     284.9  1.668e-21
     288.9  2.122e-21
       293  1.325e-21
       297  1.126e-21
       301  1.382e-21
     305.1  1.332e-21
     309.1  1.292e-21
     313.2  3.056e-21
     317.2  1.477e-21
     321.2  2.225e-21
     325.3  7.068e-22
     329.3  3.816e-22
     333.4  7.939e-22
     337.4  9.423e-22
     341.4  2.671e-22
     345.5      1e-23
     349.5      1e-23
