      2.02      20.89
     6.061      21.72
      10.1      22.46
     14.14      23.07
     18.18      23.42
     22.22       23.7
     26.27      24.07
     30.31      24.26
     34.35      24.51
     38.39       24.7
     42.43      24.95
     46.47      25.07
     50.51      25.27
     54.55      25.26
     58.59      25.55
     62.63      25.59
     66.67      25.71
     70.71      25.79
     74.75      25.88
      78.8       26.2
     82.84      26.26
     86.88      26.31
     90.92      26.46
     94.96      26.51
        99      26.64
       103      26.78
     107.1       26.7
     111.1      26.83
     115.2      27.18
     119.2      27.31
     123.2      27.29
     127.3      27.33
     131.3      27.41
     135.4       27.5
     139.4      27.57
     143.4      27.53
     147.5      27.48
     151.5      26.78
     155.6      27.88
     159.6      27.85
     163.7      27.11
     167.7      28.03
     171.7      28.68
     175.8      28.18
     179.8       28.6
     183.9      28.75
     187.9      28.91
     191.9       28.8
       196      28.63
       200      28.26
     204.1       28.3
     208.1      28.68
     212.1       28.5
     216.2      28.74
     220.2      28.82
     224.3      28.93
     228.3      28.99
     232.3      28.98
     236.4      29.27
     240.4      29.41
     244.5      29.29
     248.5      29.06
     252.5      29.35
     256.6      29.34
     260.6      29.65
     264.7      29.36
     268.7      29.57
     272.8      29.94
     276.8      30.03
     280.8      30.01
     284.9      29.96
     288.9       29.7
       293      30.21
       297      30.39
       301      30.16
     305.1      30.21
     309.1      30.24
     313.2       29.3
     317.2      30.09
     321.2      29.65
     325.3      30.89
     329.3      31.56
     333.4      30.77
     337.4      30.58
     341.4      31.95
     345.5      35.52
     349.5      35.52
