     2.001  3.963e+10
     6.002  1.113e+11
        10  2.284e+11
        14  3.659e+11
        18  5.016e+11
     22.01  6.425e+11
     26.01  7.832e+11
     30.01  9.223e+11
     34.01  1.054e+12
     38.01  1.174e+12
     42.01  1.292e+12
     46.01  1.405e+12
     50.01  1.515e+12
     54.01  1.622e+12
     58.02  1.728e+12
     62.02  1.835e+12
     66.02   1.94e+12
     70.02   2.05e+12
     74.02  2.159e+12
     78.02  2.262e+12
     82.02  2.361e+12
     86.02  2.458e+12
     90.02  2.547e+12
     94.03  2.629e+12
     98.03   2.71e+12
       102  2.798e+12
       106  2.878e+12
       110   2.95e+12
       114  3.021e+12
       118  3.086e+12
       122  3.157e+12
       126   3.23e+12
       130    3.3e+12
       134  3.365e+12
       138  3.432e+12
       142  3.496e+12
       146  3.558e+12
       150  3.614e+12
       154   3.67e+12
       158  3.721e+12
       162   3.77e+12
       166   3.82e+12
       170  3.867e+12
       174  3.916e+12
       178  3.963e+12
     182.1  4.006e+12
     186.1  4.049e+12
     190.1  4.092e+12
     194.1  4.137e+12
     198.1  4.181e+12
     202.1  4.227e+12
     206.1  4.273e+12
     210.1  4.321e+12
     214.1  4.371e+12
     218.1  4.423e+12
     222.1  4.468e+12
     226.1  4.511e+12
     230.1  4.555e+12
     234.1  4.598e+12
     238.1   4.64e+12
     242.1  4.683e+12
     246.1  4.725e+12
     250.1   4.77e+12
     254.1  4.807e+12
     258.1  4.838e+12
     262.1  4.869e+12
     266.1  4.894e+12
     270.1  4.915e+12
     274.1  4.934e+12
     278.1  4.951e+12
     282.1  4.966e+12
     286.1  4.978e+12
     290.1  4.988e+12
     294.1  4.998e+12
     298.1  5.007e+12
     302.1  5.015e+12
     306.1  5.022e+12
     310.1  5.028e+12
     314.1  5.034e+12
     318.1  5.038e+12
     322.1  5.044e+12
     326.1   5.05e+12
     330.1  5.053e+12
     334.1  5.056e+12
     338.1  5.058e+12
     342.1  5.061e+12
     346.1  5.062e+12
     350.1  5.063e+12
