     2.001      15.89
     6.002      20.69
        10      20.75
        14      20.89
        18      20.83
     22.01      21.19
     26.01      21.51
     30.01      21.72
     34.01       21.9
     38.01      22.07
     42.01      22.21
     46.01      22.34
     50.01       22.5
     54.01      22.54
     58.02       22.5
     62.02       22.4
     66.02      22.41
     70.02      22.75
     74.02      22.94
     78.02      23.08
     82.02      23.19
     86.02      23.18
     90.02      22.83
     94.03      23.27
     98.03      23.39
       102      23.51
       106      23.65
       110       23.6
       114      23.72
       118      23.81
       122      23.59
       126      23.73
       130      23.93
       134      24.05
       138      24.11
       142      24.26
       146      24.35
       150      24.37
       154      24.47
       158      24.47
       162       24.6
       166      24.72
       170      24.67
       174      24.75
       178      24.78
     182.1      24.91
     186.1      24.87
     190.1      24.92
     194.1      24.86
     198.1      24.95
     202.1      24.96
     206.1      25.01
     210.1      24.96
     214.1      24.89
     218.1      24.98
     222.1      25.07
     226.1      25.14
     230.1      25.11
     234.1      25.31
     238.1      25.25
     242.1      25.18
     246.1      25.22
     250.1      25.21
     254.1      25.28
     258.1      25.31
     262.1      25.37
     266.1      25.32
     270.1      25.62
     274.1       24.9
     278.1      25.31
     282.1      25.64
     286.1      25.58
     290.1      25.77
     294.1      25.86
     298.1      25.66
     302.1       25.6
     306.1      25.73
     310.1      25.69
     314.1      26.01
     318.1      25.84
     322.1      25.27
     326.1      25.34
     330.1      25.83
     334.1      25.63
     338.1      25.27
     342.1      25.64
     346.1      25.73
     350.1      24.71
