     6.068  2.606e+08
     10.11  1.866e+08
     14.16  1.349e+08
     18.21   1.12e+08
     22.25  9.266e+07
      26.3  7.344e+07
     30.34  6.339e+07
     34.39  5.147e+07
     38.43  4.562e+07
     42.48  4.312e+07
     46.52  3.877e+07
     50.57  3.438e+07
     54.62  2.794e+07
     58.66  2.534e+07
     62.71  2.059e+07
     66.75  1.875e+07
      70.8   1.67e+07
     74.84  1.528e+07
     78.89  1.296e+07
     82.94  1.122e+07
     86.98  1.003e+07
     91.03  9.653e+06
     95.07  9.209e+06
     99.12  8.183e+06
     103.2  8.173e+06
     107.2  7.776e+06
     111.3  6.812e+06
     115.3  5.762e+06
     119.3  6.102e+06
     123.4  4.727e+06
     127.4  5.228e+06
     131.5  4.483e+06
     135.5  4.511e+06
     139.6  4.313e+06
     143.6  4.083e+06
     147.7  3.431e+06
     151.7  3.124e+06
     155.8  2.792e+06
     159.8   2.89e+06
     163.8  2.794e+06
     167.9  2.485e+06
     171.9  2.463e+06
       176  2.433e+06
       180   2.15e+06
     184.1  2.014e+06
     188.1  2.002e+06
     192.2  1.772e+06
     196.2  1.623e+06
     200.3  1.563e+06
     204.3  1.636e+06
     208.4   1.33e+06
     212.4  1.494e+06
     216.4  1.415e+06
     220.5  1.352e+06
     224.5  1.131e+06
     228.6  1.153e+06
     232.6  1.343e+06
     236.7  1.413e+06
     240.7  1.398e+06
     244.8  1.191e+06
     248.8  1.196e+06
     252.9  1.003e+06
     256.9  9.589e+05
     260.9  7.138e+05
       265  5.692e+05
       269  6.359e+05
     273.1  4.818e+05
     277.1  4.121e+05
     281.2  3.656e+05
     285.2  1.956e+05
     289.3   2.11e+05
     293.3  1.757e+05
     297.4   9.51e+04
     301.4  9.457e+04
     305.4  1.056e+05
     309.5  7.542e+04
     313.5  6.824e+04
     317.6  5.003e+04
     321.6  5.555e+04
     325.7   5.73e+04
     329.7  5.903e+04
     333.8       8477
     337.8       4363
     341.9  2.785e+04
     345.9       5684
     349.9       3955
