     2.023   1.22e+10
     6.068   5.24e+10
     10.11  1.004e+11
     14.16  1.489e+11
     18.21  2.007e+11
     22.25  2.531e+11
      26.3  3.022e+11
     30.34  3.511e+11
     34.39  3.961e+11
     38.43  4.407e+11
     42.48  4.872e+11
     46.52  5.331e+11
     50.57  5.773e+11
     54.62  6.161e+11
     58.66  6.539e+11
     62.71  6.867e+11
     66.75  7.185e+11
      70.8  7.485e+11
     74.84  7.776e+11
     78.89  8.036e+11
     82.94  8.273e+11
     86.98  8.495e+11
     91.03  8.718e+11
     95.07   8.94e+11
     99.12  9.147e+11
     103.2  9.361e+11
     107.2  9.573e+11
     111.3  9.766e+11
     115.3  9.934e+11
     119.3  1.012e+12
     123.4  1.027e+12
     127.4  1.044e+12
     131.5  1.059e+12
     135.5  1.074e+12
     139.6   1.09e+12
     143.6  1.104e+12
     147.7  1.117e+12
     151.7  1.129e+12
     155.8   1.14e+12
     159.8  1.152e+12
     163.8  1.164e+12
     167.9  1.174e+12
     171.9  1.185e+12
       176  1.196e+12
       180  1.206e+12
     184.1  1.215e+12
     188.1  1.225e+12
     192.2  1.234e+12
     196.2  1.242e+12
     200.3   1.25e+12
     204.3  1.258e+12
     208.4  1.265e+12
     212.4  1.273e+12
     216.4  1.281e+12
     220.5  1.289e+12
     224.5  1.295e+12
     228.6  1.302e+12
     232.6   1.31e+12
     236.7  1.318e+12
     240.7  1.327e+12
     244.8  1.334e+12
     248.8  1.342e+12
     252.9  1.348e+12
     256.9  1.354e+12
     260.9  1.359e+12
       265  1.363e+12
       269  1.367e+12
     273.1  1.371e+12
     277.1  1.374e+12
     281.2  1.376e+12
     285.2  1.378e+12
     289.3  1.379e+12
     293.3   1.38e+12
     297.4  1.381e+12
     301.4  1.382e+12
     305.4  1.383e+12
     309.5  1.383e+12
     313.5  1.384e+12
     317.6  1.384e+12
     321.6  1.385e+12
     325.7  1.385e+12
     329.7  1.386e+12
     333.8  1.386e+12
     337.8  1.386e+12
     341.9  1.386e+12
     345.9  1.386e+12
     349.9  1.386e+12
