     2.023  1.074e-17
     6.068  3.333e-18
     10.11  2.166e-18
     14.16  1.624e-18
     18.21  1.416e-18
     22.25  1.361e-18
      26.3  1.352e-18
     30.34  8.216e-19
     34.39  7.338e-19
     38.43  6.857e-19
     42.48  6.196e-19
     46.52  7.835e-19
     50.57  5.589e-19
     54.62  5.324e-19
     58.66   4.29e-19
     62.71  3.709e-19
     66.75  3.946e-19
      70.8  3.066e-19
     74.84   2.55e-19
     78.89  1.935e-19
     82.94  1.792e-19
     86.98  1.717e-19
     91.03  1.519e-19
     95.07  1.323e-19
     99.12  1.217e-19
     103.2  1.222e-19
     107.2  1.109e-19
     111.3  9.402e-20
     115.3  1.002e-19
     119.3  8.289e-20
     123.4  8.152e-20
     127.4  8.022e-20
     131.5  7.791e-20
     135.5  9.054e-20
     139.6  7.899e-20
     143.6   7.04e-20
     147.7  5.314e-20
     151.7  4.882e-20
     155.8  4.657e-20
     159.8  4.409e-20
     163.8  3.848e-20
     167.9  3.785e-20
     171.9  3.755e-20
       176   3.43e-20
       180  3.421e-20
     184.1  3.235e-20
     188.1  2.787e-20
     192.2   2.53e-20
     196.2  2.367e-20
     200.3  2.346e-20
     204.3  2.304e-20
     208.4  2.299e-20
     212.4  2.306e-20
     216.4    1.9e-20
     220.5  1.755e-20
     224.5  1.721e-20
     228.6  1.745e-20
     232.6  1.955e-20
     236.7  2.006e-20
     240.7  2.074e-20
     244.8   1.66e-20
     248.8  1.752e-20
     252.9  1.734e-20
     256.9  1.662e-20
     260.9  1.753e-20
       265  1.702e-20
       269  1.692e-20
     273.1  1.543e-20
     277.1  1.363e-20
     281.2  1.007e-20
     285.2   7.57e-21
     289.3  1.007e-20
     293.3  5.938e-21
     297.4  4.906e-21
     301.4  6.217e-21
     305.4  5.287e-21
     309.5  6.478e-21
     313.5  3.383e-21
     317.6  3.941e-21
     321.6  7.158e-21
     325.7  7.256e-21
     329.7  4.511e-21
     333.8  1.154e-21
     337.8  4.842e-21
     341.9  4.989e-21
     345.9  6.729e-21
     349.9  1.757e-22
