     2.023      20.44
     6.068      21.71
     10.11      22.18
     14.16      22.49
     18.21      22.64
     22.25      22.68
      26.3      22.69
     30.34      23.23
     34.39      23.35
     38.43      23.43
     42.48      23.54
     46.52      23.28
     50.57      23.65
     54.62       23.7
     58.66      23.94
     62.71      24.09
     66.75      24.03
      70.8       24.3
     74.84       24.5
     78.89       24.8
     82.94      24.88
     86.98      24.93
     91.03      25.06
     95.07      25.21
     99.12       25.3
     103.2       25.3
     107.2       25.4
     111.3      25.58
     115.3      25.51
     119.3      25.72
     123.4      25.74
     127.4      25.76
     131.5      25.79
     135.5      25.62
     139.6      25.77
     143.6       25.9
     147.7       26.2
     151.7      26.29
     155.8      26.35
     159.8      26.41
     163.8      26.55
     167.9      26.57
     171.9      26.58
       176      26.68
       180      26.68
     184.1      26.74
     188.1       26.9
     192.2      27.01
     196.2      27.08
     200.3      27.09
     204.3      27.11
     208.4      27.11
     212.4      27.11
     216.4      27.32
     220.5      27.41
     224.5      27.43
     228.6      27.41
     232.6      27.29
     236.7      27.26
     240.7      27.22
     244.8      27.47
     248.8      27.41
     252.9      27.42
     256.9      27.46
     260.9      27.41
       265      27.44
       269      27.45
     273.1      27.55
     277.1      27.68
     281.2      28.01
     285.2      28.32
     289.3      28.01
     293.3      28.58
     297.4      28.79
     301.4      28.53
     305.4      28.71
     309.5      28.49
     313.5      29.19
     317.6      29.03
     321.6      28.38
     325.7      28.36
     329.7      28.88
     333.8      30.36
     337.8       28.8
     341.9      28.77
     345.9      28.45
     349.9       32.4
