     6.002  4.663e+08
        10  3.922e+08
        14  3.116e+08
        18  2.689e+08
     22.01   2.08e+08
     26.01  1.625e+08
     30.01  1.281e+08
     34.01  1.123e+08
     38.01  9.262e+07
     42.01  7.423e+07
     46.01  6.673e+07
     50.01  5.844e+07
     54.01  5.678e+07
     58.02  4.787e+07
     62.02  4.623e+07
     66.02  4.399e+07
     70.02  4.204e+07
     74.02  3.822e+07
     78.02   3.27e+07
     82.02  3.037e+07
     86.02  2.775e+07
     90.02  2.723e+07
     94.03   2.67e+07
     98.03  2.435e+07
       102  2.147e+07
       106      2e+07
       110  1.842e+07
       114  1.788e+07
       118  1.641e+07
       122  1.583e+07
       126  1.533e+07
       130  1.468e+07
       134  1.394e+07
       138  1.328e+07
       142  1.303e+07
       146  1.336e+07
       150  1.204e+07
       154  1.266e+07
       158  1.178e+07
       162  1.107e+07
       166  1.104e+07
       170   1.02e+07
       174  9.661e+06
       178   9.93e+06
     182.1  9.092e+06
     186.1  8.317e+06
     190.1  8.271e+06
     194.1  8.377e+06
     198.1  7.994e+06
     202.1  8.364e+06
     206.1  8.942e+06
     210.1  8.276e+06
     214.1  7.893e+06
     218.1  6.703e+06
     222.1  6.378e+06
     226.1  6.793e+06
     230.1  6.288e+06
     234.1    5.8e+06
     238.1  5.627e+06
     242.1  5.651e+06
     246.1  5.755e+06
     250.1  5.927e+06
     254.1  4.504e+06
     258.1  3.597e+06
     262.1  3.116e+06
     266.1  3.214e+06
     270.1  2.479e+06
     274.1  2.373e+06
     278.1  2.261e+06
     282.1  2.145e+06
     286.1  1.733e+06
     290.1  1.611e+06
     294.1  1.509e+06
     298.1  1.242e+06
     302.1  1.141e+06
     306.1  1.069e+06
     310.1   1.13e+06
     314.1  1.084e+06
     318.1  7.579e+05
     322.1  4.706e+05
     326.1   4.01e+05
     330.1  3.745e+05
     334.1  3.619e+05
     338.1  3.737e+05
     342.1   2.46e+05
     346.1  8.148e+04
     350.1  4.757e+04
