     2.001       20.7
     6.002      20.91
        10      21.25
        14      21.48
        18      21.64
     22.01      21.91
     26.01      22.15
     30.01       22.3
     34.01      22.43
     38.01      22.46
     42.01      22.76
     46.01      22.93
     50.01       22.9
     54.01      23.03
     58.02       23.1
     62.02      23.19
     66.02      23.26
     70.02      23.37
     74.02      23.48
     78.02      23.53
     82.02      23.61
     86.02      23.59
     90.02      23.56
     94.03      23.64
     98.03      23.71
       102      23.93
       106      24.06
       110      24.08
       114      24.16
       118      24.28
       122      24.31
       126      24.25
       130      24.32
       134       24.4
       138      24.36
       142      24.42
       146      24.43
       150      24.44
       154      24.42
       158      24.61
       162      24.64
       166      24.44
       170      24.45
       174      24.61
       178       24.6
     182.1      24.67
     186.1      24.76
     190.1      24.74
     194.1      24.47
     198.1      24.38
     202.1      24.77
     206.1      24.84
     210.1      24.96
     214.1      24.83
     218.1      24.84
     222.1      24.62
     226.1      24.87
     230.1      25.12
     234.1      25.19
     238.1      25.37
     242.1      25.12
     246.1      25.22
     250.1      25.39
     254.1       25.3
     258.1      25.44
     262.1      25.58
     266.1      25.39
     270.1      25.31
     274.1      25.39
     278.1      25.23
     282.1      25.63
     286.1      25.55
     290.1      25.45
     294.1      25.52
     298.1      25.53
     302.1      25.63
     306.1      25.52
     310.1      25.41
     314.1      25.39
     318.1      25.75
     322.1      26.21
     326.1      26.12
     330.1      26.09
     334.1      26.04
     338.1      25.47
     342.1      26.26
     346.1      26.73
     350.1      27.84
