     6.061  3.692e+08
      10.1  1.073e+08
     14.14  6.707e+07
     18.18    3.7e+07
     22.22  2.059e+07
     26.26  1.189e+07
      30.3  8.297e+06
     34.34  5.806e+06
     38.39  3.129e+06
     42.43   3.48e+06
     46.47  1.994e+06
     50.51   2.04e+06
     54.55  1.626e+06
     58.59  1.083e+06
     62.63  5.981e+05
     66.67  4.201e+05
     70.71  1.543e+05
     74.75  2.125e+05
     78.79  1.102e+05
     82.83  3.206e+05
     86.87  1.137e+05
     90.91  1.933e+05
     94.95  1.631e+05
     98.99  1.591e+05
       103  1.956e+05
     107.1  1.455e+05
     111.1  2.097e+05
     115.2  2.187e+05
     119.2  1.721e+05
     123.2  2.277e+05
     127.3  2.851e+05
     131.3  2.499e+05
     135.4  3.364e+04
     139.4  1.002e+05
     143.4   6.36e+04
     147.5  8.266e+04
     151.5  1.055e+04
     155.6   3.94e+04
     159.6       9518
     163.6          0
     167.7  2.669e+04
     171.7          0
     175.8   2.64e+04
     179.8       8278
     183.8    2.5e+04
     187.9       7917
     191.9          0
       196       7611
       200       7528
       204          0
     208.1       7071
     212.1          0
     216.2          0
     220.2          0
     224.3          0
     228.3          0
     232.3          0
     236.4          0
     240.4          0
     244.5          0
     248.5          0
     252.5          0
     256.6       5912
     260.6          0
     264.7       5593
     268.7          0
     272.7          0
     276.8       5430
     280.8          0
     284.9          0
     288.9          0
     292.9          0
       297          0
       301          0
     305.1          0
     309.1          0
     313.1          0
