      2.02  6.031e+10
     6.061  1.171e+11
      10.1  1.446e+11
     14.14  1.687e+11
     18.18  1.858e+11
     22.22  1.974e+11
     26.26  2.053e+11
      30.3  2.117e+11
     34.34  2.168e+11
     38.39  2.198e+11
     42.43  2.236e+11
     46.47  2.259e+11
     50.51  2.286e+11
     54.55  2.308e+11
     58.59  2.324e+11
     62.63  2.334e+11
     66.67  2.341e+11
     70.71  2.344e+11
     74.75  2.348e+11
     78.79   2.35e+11
     82.83  2.357e+11
     86.87  2.359e+11
     90.91  2.364e+11
     94.95  2.367e+11
     98.99  2.371e+11
       103  2.377e+11
     107.1  2.381e+11
     111.1  2.386e+11
     115.2  2.393e+11
     119.2  2.398e+11
     123.2  2.405e+11
     127.3  2.414e+11
     131.3  2.423e+11
     135.4  2.424e+11
     139.4  2.427e+11
     143.4   2.43e+11
     147.5  2.433e+11
     151.5  2.433e+11
     155.6  2.435e+11
     159.6  2.435e+11
     163.6  2.435e+11
     167.7  2.436e+11
     171.7  2.436e+11
     175.8  2.438e+11
     179.8  2.438e+11
     183.8  2.439e+11
     187.9  2.439e+11
     191.9  2.439e+11
       196   2.44e+11
       200   2.44e+11
       204   2.44e+11
     208.1  2.441e+11
     212.1  2.441e+11
     216.2  2.441e+11
     220.2  2.441e+11
     224.3  2.441e+11
     228.3  2.441e+11
     232.3  2.441e+11
     236.4  2.441e+11
     240.4  2.441e+11
     244.5  2.441e+11
     248.5  2.441e+11
     252.5  2.441e+11
     256.6  2.441e+11
     260.6  2.441e+11
     264.7  2.441e+11
     268.7  2.441e+11
     272.7  2.441e+11
     276.8  2.442e+11
     280.8  2.442e+11
     284.9  2.442e+11
     288.9  2.442e+11
     292.9  2.442e+11
       297  2.442e+11
       301  2.442e+11
     305.1  2.442e+11
     309.1  2.442e+11
     313.1  2.442e+11
