      2.02  1.654e-16
     6.061  1.802e-17
      10.1  8.233e-18
     14.14  4.707e-18
     18.18  2.445e-18
     22.22  1.554e-18
     26.26  1.123e-18
      30.3  1.156e-18
     34.34  6.271e-19
     38.39  4.092e-19
     42.43  3.473e-19
     46.47  2.746e-19
     50.51  2.061e-19
     54.55    1.7e-19
     58.59  9.105e-20
     62.63   5.29e-20
     66.67    4.2e-20
     70.71  1.977e-20
     74.75  4.246e-20
     78.79  3.681e-20
     82.83  3.678e-20
     86.87  2.557e-20
     90.91  3.716e-20
     94.95  4.303e-20
     98.99  5.509e-20
       103  2.796e-20
     107.1  2.587e-20
     111.1  3.403e-20
     115.2  3.707e-20
     119.2  3.358e-20
     123.2  5.105e-20
     127.3  5.076e-20
     131.3  1.899e-20
     135.4  1.048e-20
     139.4  1.205e-20
     143.4   9.04e-21
     147.5  5.535e-21
     151.5  4.639e-21
     155.6  3.445e-21
     159.6  1.869e-22
     163.6  2.301e-21
     167.7  6.664e-22
     171.7   1.57e-21
     175.8  3.463e-21
     179.8  2.565e-21
     183.8   2.12e-21
     187.9  7.315e-23
     191.9   2.84e-22
       196  1.015e-21
       200  5.714e-22
       204   8.73e-23
     208.1  6.348e-22
     212.1  1.013e-23
     216.2      1e-23
     220.2      1e-23
     224.3      1e-23
     228.3      1e-23
     232.3      1e-23
     236.4      1e-23
     240.4      1e-23
     244.5      1e-23
     248.5      1e-23
     252.5   4.63e-22
     256.6  1.664e-21
     260.6  2.053e-22
     264.7  1.788e-21
     268.7  1.002e-23
     272.7  2.408e-21
     276.8  2.095e-22
     280.8      1e-23
     284.9      1e-23
     288.9      1e-23
     292.9      1e-23
       297      1e-23
       301      1e-23
     305.1      1e-23
     309.1      1e-23
     313.1      1e-23
