      2.02      17.47
     6.061      19.88
      10.1      20.73
     14.14      21.33
     18.18      22.05
     22.22      22.54
     26.26      22.89
      30.3      22.86
     34.34      23.52
     38.39      23.99
     42.43      24.16
     46.47      24.42
     50.51      24.73
     54.55      24.94
     58.59      25.62
     62.63      26.21
     66.67      26.46
     70.71      27.28
     74.75      26.45
     78.79       26.6
     82.83       26.6
     86.87         27
     90.91      26.59
     94.95      26.43
     98.99      26.16
       103       26.9
     107.1      26.98
     111.1      26.69
     115.2      26.59
     119.2       26.7
     123.2      26.25
     127.3      26.25
     131.3      27.32
     135.4      27.96
     139.4      27.81
     143.4      28.13
     147.5      28.66
     151.5      28.85
     155.6      29.17
     159.6      32.34
     163.6      29.61
     167.7      30.96
     171.7      30.03
     175.8      29.17
     179.8      29.49
     183.8       29.7
     187.9      33.36
     191.9      31.88
       196       30.5
       200      31.12
       204      33.16
     208.1      31.01
     212.1       35.5
     216.2      35.52
     220.2      35.52
     224.3      35.52
     228.3      35.52
     232.3      35.52
     236.4      35.52
     240.4      35.52
     244.5      35.52
     248.5      35.52
     252.5      31.35
     256.6      29.96
     260.6      32.24
     264.7      29.89
     268.7      35.51
     272.7      29.56
     276.8      32.21
     280.8      35.52
     284.9      35.52
     288.9      35.52
     292.9      35.52
       297      35.52
       301      35.52
     305.1      35.52
     309.1      35.52
     313.1      35.52
