     2.001  1.999e+10
     6.002  9.579e+10
        10  2.052e+11
        14  3.215e+11
        18  4.279e+11
     22.01    5.3e+11
     26.01  6.302e+11
     30.01  7.268e+11
     34.01   8.24e+11
     38.01  9.163e+11
     42.01  1.012e+12
     46.01  1.111e+12
     50.01  1.214e+12
     54.01  1.313e+12
     58.02  1.411e+12
     62.02  1.504e+12
     66.02  1.595e+12
     70.02   1.68e+12
     74.02  1.758e+12
     78.02  1.829e+12
     82.02  1.892e+12
     86.02  1.949e+12
     90.02  2.002e+12
     94.03   2.05e+12
     98.03  2.093e+12
       102  2.135e+12
       106  2.173e+12
       110  2.209e+12
       114  2.243e+12
       118  2.276e+12
       122  2.308e+12
       126  2.337e+12
       130  2.363e+12
       134  2.388e+12
       138  2.414e+12
       142  2.436e+12
       146  2.458e+12
       150   2.48e+12
       154  2.502e+12
       158  2.521e+12
       162   2.54e+12
       166  2.559e+12
       170  2.577e+12
       174  2.594e+12
       178  2.611e+12
     182.1  2.628e+12
     186.1  2.643e+12
     190.1  2.661e+12
     194.1  2.679e+12
     198.1  2.696e+12
     202.1  2.712e+12
     206.1  2.729e+12
     210.1  2.746e+12
     214.1  2.763e+12
     218.1  2.776e+12
     222.1   2.79e+12
     226.1  2.804e+12
     230.1  2.817e+12
     234.1  2.834e+12
     238.1  2.851e+12
     242.1  2.863e+12
     246.1  2.875e+12
     250.1  2.888e+12
     254.1  2.897e+12
     258.1  2.905e+12
     262.1  2.912e+12
     266.1  2.919e+12
     270.1  2.925e+12
     274.1  2.931e+12
     278.1  2.934e+12
     282.1  2.939e+12
     286.1  2.942e+12
     290.1  2.946e+12
     294.1  2.949e+12
     298.1  2.951e+12
     302.1  2.953e+12
     306.1  2.955e+12
     310.1  2.957e+12
     314.1  2.958e+12
     318.1  2.959e+12
     322.1   2.96e+12
     326.1  2.961e+12
     330.1  2.962e+12
     334.1  2.962e+12
     338.1  2.963e+12
     342.1  2.963e+12
     346.1  2.963e+12
     350.1  2.963e+12
