     6.002  4.501e+08
        10  3.766e+08
        14  2.977e+08
        18  2.547e+08
     22.01  2.109e+08
     26.01  1.828e+08
     30.01  1.691e+08
     34.01  1.469e+08
     38.01  1.366e+08
     42.01  1.212e+08
     46.01  1.104e+08
     50.01  9.936e+07
     54.01  9.091e+07
     58.02  7.558e+07
     62.02  7.036e+07
     66.02  6.649e+07
     70.02  6.138e+07
     74.02  5.761e+07
     78.02  5.407e+07
     82.02  5.057e+07
     86.02  4.672e+07
     90.02  4.433e+07
     94.03  4.182e+07
     98.03  3.999e+07
       102  3.868e+07
       106  3.859e+07
       110  3.779e+07
       114  3.543e+07
       118  3.522e+07
       122  3.068e+07
       126  2.693e+07
       130  2.514e+07
       134  2.447e+07
       138  2.486e+07
       142  2.375e+07
       146  2.325e+07
       150  2.196e+07
       154  2.185e+07
       158  2.072e+07
       162  1.955e+07
       166  1.772e+07
       170  1.636e+07
       174  1.538e+07
       178  1.527e+07
     182.1  1.501e+07
     186.1  1.485e+07
     190.1  1.424e+07
     194.1  1.414e+07
     198.1  1.371e+07
     202.1   1.27e+07
     206.1  1.179e+07
     210.1  1.101e+07
     214.1  1.108e+07
     218.1   9.51e+06
     222.1  9.777e+06
     226.1  9.705e+06
     230.1  9.582e+06
     234.1  9.725e+06
     238.1  9.103e+06
     242.1  8.501e+06
     246.1  8.921e+06
     250.1  8.116e+06
     254.1  6.701e+06
     258.1  5.381e+06
     262.1  4.718e+06
     266.1  4.352e+06
     270.1  3.417e+06
     274.1  3.263e+06
     278.1  2.525e+06
     282.1   2.29e+06
     286.1  1.924e+06
     290.1  1.738e+06
     294.1  1.568e+06
     298.1  1.372e+06
     302.1  1.265e+06
     306.1  1.077e+06
     310.1  8.786e+05
     314.1  8.842e+05
     318.1  7.922e+05
     322.1  6.308e+05
     326.1  4.177e+05
     330.1  4.639e+05
     334.1  2.899e+05
     338.1   2.57e+05
     342.1  1.861e+05
     346.1  1.103e+05
     350.1  8.568e+04
