     2.001      20.77
     6.002      20.94
        10      21.25
        14      21.31
        18      21.33
     22.01      21.57
     26.01      21.71
     30.01      21.73
     34.01      21.72
     38.01      21.84
     42.01      21.98
     46.01      22.29
     50.01      22.28
     54.01      22.39
     58.02      22.68
     62.02      22.58
     66.02      22.41
     70.02      22.47
     74.02      22.79
     78.02      23.04
     82.02      23.27
     86.02      23.28
     90.02      23.33
     94.03      23.45
     98.03       23.5
       102      23.49
       106      23.59
       110      23.58
       114      23.66
       118      23.49
       122      23.66
       126      23.93
       130      24.01
       134      24.06
       138         24
       142      24.06
       146      24.06
       150      24.11
       154       24.1
       158      24.21
       162       24.3
       166      24.36
       170      24.07
       174      24.44
       178      24.39
     182.1      24.34
     186.1      24.62
     190.1      24.58
     194.1      24.65
     198.1      24.77
     202.1      24.83
     206.1      24.84
     210.1      24.82
     214.1      24.97
     218.1      25.03
     222.1      24.96
     226.1      25.02
     230.1      25.07
     234.1      25.05
     238.1      25.16
     242.1      25.13
     246.1      25.18
     250.1      25.23
     254.1      25.25
     258.1       25.3
     262.1      25.37
     266.1       25.4
     270.1       25.5
     274.1      25.48
     278.1      25.54
     282.1      25.61
     286.1      25.69
     290.1      25.83
     294.1       25.7
     298.1      25.74
     302.1      25.69
     306.1       25.7
     310.1      25.72
     314.1      25.72
     318.1      25.82
     322.1      25.96
     326.1      26.12
     330.1      26.01
     334.1      26.13
     338.1      25.89
     342.1      26.43
     346.1      25.59
     350.1      26.11
