     6.002  6.004e+08
        10  5.834e+08
        14  4.799e+08
        18  3.852e+08
     22.01  3.065e+08
     26.01  2.396e+08
     30.01  1.954e+08
     34.01  1.647e+08
     38.01  1.391e+08
     42.01  1.173e+08
     46.01  1.007e+08
     50.01   9.21e+07
     54.01  7.687e+07
     58.02   6.64e+07
     62.02  6.091e+07
     66.02  5.252e+07
     70.02  4.853e+07
     74.02  4.428e+07
     78.02  4.163e+07
     82.02  3.767e+07
     86.02  3.633e+07
     90.02  3.318e+07
     94.03  2.931e+07
     98.03   2.49e+07
       102  2.264e+07
       106  2.115e+07
       110  2.019e+07
       114  1.898e+07
       118   1.84e+07
       122  1.577e+07
       126  1.539e+07
       130  1.465e+07
       134  1.365e+07
       138  1.333e+07
       142  1.268e+07
       146  1.261e+07
       150  1.166e+07
       154  1.135e+07
       158  1.017e+07
       162  9.661e+06
       166  8.813e+06
       170  7.982e+06
       174   7.86e+06
       178  7.293e+06
     182.1  6.891e+06
     186.1  6.623e+06
     190.1  6.174e+06
     194.1  5.857e+06
     198.1   6.14e+06
     202.1  5.775e+06
     206.1  6.286e+06
     210.1  6.077e+06
     214.1  5.633e+06
     218.1  5.083e+06
     222.1  5.698e+06
     226.1   5.52e+06
     230.1  5.247e+06
     234.1  4.678e+06
     238.1   5.06e+06
     242.1  4.415e+06
     246.1  4.228e+06
     250.1  3.942e+06
     254.1  3.182e+06
     258.1  2.642e+06
     262.1  2.366e+06
     266.1  1.897e+06
     270.1   1.59e+06
     274.1  1.398e+06
     278.1   1.04e+06
     282.1  1.028e+06
     286.1  8.901e+05
     290.1   7.69e+05
     294.1  6.193e+05
     298.1  6.127e+05
     302.1  6.166e+05
     306.1  4.192e+05
     310.1  3.374e+05
     314.1  2.375e+05
     318.1  2.363e+05
     322.1  1.852e+05
     326.1  1.842e+05
     330.1  1.411e+05
     334.1    1.2e+05
     338.1   1.03e+05
     342.1   8.31e+04
     346.1  4.329e+04
     350.1  2.109e+04
