     2.001  5.042e+10
     6.002   1.41e+11
        10  2.877e+11
        14  4.567e+11
        18   6.31e+11
     22.01  8.005e+11
     26.01  9.572e+11
     30.01  1.105e+12
     34.01  1.245e+12
     38.01  1.378e+12
     42.01  1.502e+12
     46.01  1.619e+12
     50.01  1.735e+12
     54.01  1.839e+12
     58.02  1.936e+12
     62.02  2.031e+12
     66.02  2.118e+12
     70.02  2.203e+12
     74.02  2.286e+12
     78.02  2.367e+12
     82.02  2.445e+12
     86.02  2.524e+12
     90.02  2.599e+12
     94.03  2.668e+12
     98.03  2.729e+12
       102  2.787e+12
       106  2.844e+12
       110    2.9e+12
       114  2.954e+12
       118  3.009e+12
       122  3.057e+12
       126  3.106e+12
       130  3.154e+12
       134    3.2e+12
       138  3.246e+12
       142  3.291e+12
       146  3.338e+12
       150  3.382e+12
       154  3.425e+12
       158  3.466e+12
       162  3.505e+12
       166  3.542e+12
       170  3.576e+12
       174  3.611e+12
       178  3.643e+12
     182.1  3.675e+12
     186.1  3.706e+12
     190.1  3.735e+12
     194.1  3.764e+12
     198.1  3.794e+12
     202.1  3.824e+12
     206.1  3.856e+12
     210.1  3.888e+12
     214.1  3.919e+12
     218.1  3.947e+12
     222.1  3.978e+12
     226.1   4.01e+12
     230.1   4.04e+12
     234.1  4.068e+12
     238.1  4.098e+12
     242.1  4.125e+12
     246.1  4.151e+12
     250.1  4.176e+12
     254.1  4.196e+12
     258.1  4.213e+12
     262.1  4.229e+12
     266.1  4.241e+12
     270.1  4.252e+12
     274.1  4.262e+12
     278.1  4.269e+12
     282.1  4.276e+12
     286.1  4.283e+12
     290.1  4.288e+12
     294.1  4.293e+12
     298.1  4.298e+12
     302.1  4.302e+12
     306.1  4.305e+12
     310.1  4.308e+12
     314.1   4.31e+12
     318.1  4.312e+12
     322.1  4.313e+12
     326.1  4.315e+12
     330.1  4.316e+12
     334.1  4.317e+12
     338.1  4.318e+12
     342.1  4.319e+12
     346.1  4.319e+12
     350.1  4.319e+12
