     2.001  1.882e-16
     6.002  1.208e-17
        10  1.011e-17
        14  8.434e-18
        18  7.345e-18
     22.01  6.645e-18
     26.01  5.028e-18
     30.01  4.455e-18
     34.01  4.203e-18
     38.01  3.366e-18
     42.01  2.726e-18
     46.01  2.348e-18
     50.01  2.508e-18
     54.01  2.451e-18
     58.02  2.703e-18
     62.02  1.627e-18
     66.02  1.498e-18
     70.02  1.459e-18
     74.02  1.553e-18
     78.02  1.324e-18
     82.02  1.208e-18
     86.02  8.793e-19
     90.02  7.937e-19
     94.03  6.095e-19
     98.03  6.299e-19
       102  5.772e-19
       106  6.088e-19
       110  4.714e-19
       114  4.277e-19
       118  3.805e-19
       122   3.51e-19
       126    3.2e-19
       130  3.096e-19
       134  2.994e-19
       138  2.868e-19
       142  2.693e-19
       146  2.765e-19
       150  2.596e-19
       154   2.44e-19
       158  2.205e-19
       162  2.193e-19
       166  2.076e-19
       170  1.943e-19
       174  1.833e-19
       178  1.599e-19
     182.1  1.626e-19
     186.1  1.458e-19
     190.1  1.291e-19
     194.1  1.238e-19
     198.1   1.22e-19
     202.1  1.183e-19
     206.1  1.307e-19
     210.1   1.19e-19
     214.1  1.053e-19
     218.1  9.958e-20
     222.1  1.021e-19
     226.1  1.041e-19
     230.1  9.449e-20
     234.1  9.964e-20
     238.1  8.582e-20
     242.1  7.473e-20
     246.1  7.514e-20
     250.1  6.646e-20
     254.1  7.521e-20
     258.1  7.496e-20
     262.1  7.237e-20
     266.1   6.22e-20
     270.1  6.325e-20
     274.1  5.876e-20
     278.1  5.064e-20
     282.1  6.257e-20
     286.1  6.307e-20
     290.1   4.62e-20
     294.1  4.325e-20
     298.1  5.359e-20
     302.1  4.558e-20
     306.1  4.573e-20
     310.1  3.112e-20
     314.1  2.374e-20
     318.1  2.553e-20
     322.1  2.219e-20
     326.1  2.738e-20
     330.1  3.207e-20
     334.1   2.05e-20
     338.1  1.824e-20
     342.1  2.636e-20
     346.1  5.447e-20
     350.1  2.366e-20
