     6.002  4.774e+08
        10  3.987e+08
        14  3.125e+08
        18  2.641e+08
     22.01  2.404e+08
     26.01  2.127e+08
     30.01  1.822e+08
     34.01   1.59e+08
     38.01  1.387e+08
     42.01  1.202e+08
     46.01  1.035e+08
     50.01  9.177e+07
     54.01  8.536e+07
     58.02  7.592e+07
     62.02  6.953e+07
     66.02   6.44e+07
     70.02  6.006e+07
     74.02  5.747e+07
     78.02  5.387e+07
     82.02  4.961e+07
     86.02  4.852e+07
     90.02  4.684e+07
     94.03  4.481e+07
     98.03  4.083e+07
       102  3.676e+07
       106  3.781e+07
       110  3.486e+07
       114  3.349e+07
       118  3.181e+07
       122  3.012e+07
       126  2.724e+07
       130   2.57e+07
       134  2.369e+07
       138  2.328e+07
       142  2.191e+07
       146  2.077e+07
       150  2.056e+07
       154  1.998e+07
       158  1.778e+07
       162  1.721e+07
       166  1.632e+07
       170  1.534e+07
       174  1.468e+07
       178  1.359e+07
     182.1  1.315e+07
     186.1  1.234e+07
     190.1  1.244e+07
     194.1  1.188e+07
     198.1  1.059e+07
     202.1  1.032e+07
     206.1   1.04e+07
     210.1  1.064e+07
     214.1  9.746e+06
     218.1  9.828e+06
     222.1  9.357e+06
     226.1  9.312e+06
     230.1  8.239e+06
     234.1  7.965e+06
     238.1  7.491e+06
     242.1  7.593e+06
     246.1  7.213e+06
     250.1  6.769e+06
     254.1  5.228e+06
     258.1  4.411e+06
     262.1  3.884e+06
     266.1  3.331e+06
     270.1  3.385e+06
     274.1  2.825e+06
     278.1  2.287e+06
     282.1  2.389e+06
     286.1  2.262e+06
     290.1  1.767e+06
     294.1  1.248e+06
     298.1  1.282e+06
     302.1  9.675e+05
     306.1  8.867e+05
     310.1  7.987e+05
     314.1  6.838e+05
     318.1  4.896e+05
     322.1  5.843e+05
     326.1   4.33e+05
     330.1  3.309e+05
     334.1  2.873e+05
     338.1  2.708e+05
     342.1  1.805e+05
     346.1  9.627e+04
     350.1  6.927e+04
