     2.001  3.165e-16
     6.002  1.554e-17
        10  1.423e-17
        14   8.64e-18
        18  5.911e-18
     22.01  5.418e-18
     26.01  4.529e-18
     30.01  3.786e-18
     34.01  3.156e-18
     38.01    2.8e-18
     42.01  2.299e-18
     46.01  2.376e-18
     50.01  1.904e-18
     54.01   1.63e-18
     58.02  1.456e-18
     62.02  1.294e-18
     66.02  1.188e-18
     70.02  1.121e-18
     74.02  9.942e-19
     78.02  9.458e-19
     82.02  8.921e-19
     86.02  9.039e-19
     90.02  8.487e-19
     94.03  7.703e-19
     98.03   6.77e-19
       102   6.65e-19
       106  6.199e-19
       110  5.909e-19
       114  5.496e-19
       118  4.722e-19
       122  4.498e-19
       126  4.079e-19
       130  3.964e-19
       134  3.853e-19
       138  3.584e-19
       142  3.481e-19
       146  3.707e-19
       150  3.689e-19
       154  3.767e-19
       158   3.94e-19
       162  3.756e-19
       166  2.755e-19
       170  2.528e-19
       174  2.591e-19
       178  2.325e-19
     182.1  2.158e-19
     186.1  2.112e-19
     190.1  2.059e-19
     194.1  1.958e-19
     198.1  1.755e-19
     202.1  1.762e-19
     206.1  1.727e-19
     210.1  1.765e-19
     214.1  1.643e-19
     218.1  1.609e-19
     222.1  1.581e-19
     226.1  1.588e-19
     230.1  1.389e-19
     234.1  1.292e-19
     238.1  1.283e-19
     242.1  1.746e-19
     246.1  1.531e-19
     250.1  1.295e-19
     254.1  1.113e-19
     258.1  1.052e-19
     262.1  9.881e-20
     266.1  9.932e-20
     270.1  9.613e-20
     274.1  9.369e-20
     278.1  8.945e-20
     282.1  9.032e-20
     286.1  9.168e-20
     290.1  6.939e-20
     294.1  7.488e-20
     298.1  6.442e-20
     302.1  6.394e-20
     306.1  5.682e-20
     310.1   5.57e-20
     314.1  5.274e-20
     318.1  5.336e-20
     322.1  5.553e-20
     326.1  5.985e-20
     330.1  4.252e-20
     334.1  5.366e-20
     338.1  5.658e-20
     342.1   4.05e-20
     346.1  4.609e-20
     350.1  3.588e-20
