     6.002  3.202e+08
        10  1.829e+08
        14  1.231e+08
        18  9.425e+07
     22.01  8.438e+07
     26.01  6.743e+07
     30.01  6.141e+07
     34.01  5.435e+07
     38.01  4.349e+07
     42.01  3.574e+07
     46.01  3.183e+07
     50.01  2.637e+07
     54.01  2.366e+07
     58.02  2.113e+07
     62.02  1.793e+07
     66.02  1.693e+07
     70.02  1.348e+07
     74.02  1.165e+07
     78.02  9.674e+06
     82.02  8.932e+06
     86.02  9.634e+06
     90.02  9.077e+06
     94.03  8.502e+06
     98.03  7.383e+06
       102  6.435e+06
       106  5.902e+06
       110  6.037e+06
       114  5.065e+06
       118  4.826e+06
       122  4.123e+06
       126  3.947e+06
       130   3.72e+06
       134  3.549e+06
       138  3.188e+06
       142  2.858e+06
       146  2.959e+06
       150  2.695e+06
       154  2.587e+06
       158  2.455e+06
       162  2.547e+06
       166  2.814e+06
       170  2.217e+06
       174  1.887e+06
       178  1.937e+06
     182.1   1.76e+06
     186.1  1.681e+06
     190.1  1.685e+06
     194.1    1.7e+06
     198.1  1.574e+06
     202.1  1.621e+06
     206.1  1.263e+06
     210.1  9.958e+05
     214.1  1.186e+06
     218.1  9.716e+05
     222.1  8.915e+05
     226.1    8.4e+05
     230.1  7.898e+05
     234.1  5.203e+05
     238.1  6.978e+05
     242.1  7.168e+05
     246.1  6.121e+05
     250.1  6.054e+05
     254.1  6.038e+05
     258.1   5.56e+05
     262.1  3.776e+05
     266.1   1.91e+05
     270.1  1.659e+05
     274.1  1.085e+05
     278.1  1.052e+05
     282.1  1.162e+05
     286.1  1.403e+05
     290.1  8.751e+04
     294.1  2.125e+05
     298.1  2.465e+05
     302.1   1.26e+05
     306.1  6.376e+04
     310.1  4.938e+04
     314.1  1.876e+04
     318.1  4.077e+04
     322.1  2.594e+04
     326.1   4.78e+04
     330.1  4.568e+04
     334.1  6.383e+04
     338.1  8.939e+04
     342.1   2.69e+04
     346.1  2.602e+04
     350.1       8855
