     2.001  4.807e-17
     6.002  3.639e-18
        10  2.233e-18
        14  1.792e-18
        18  1.629e-18
     22.01  1.268e-18
     26.01  1.049e-18
     30.01  8.917e-19
     34.01  7.266e-19
     38.01  5.787e-19
     42.01  5.024e-19
     46.01  4.111e-19
     50.01  3.702e-19
     54.01  3.349e-19
     58.02   2.83e-19
     62.02  2.548e-19
     66.02  2.189e-19
     70.02  1.784e-19
     74.02  1.669e-19
     78.02  1.458e-19
     82.02   1.33e-19
     86.02  1.291e-19
     90.02  1.147e-19
     94.03  1.199e-19
     98.03  9.791e-20
       102  1.001e-19
       106   8.87e-20
       110  8.197e-20
       114  7.785e-20
       118  6.866e-20
       122   5.95e-20
       126  6.144e-20
       130  5.765e-20
       134  5.899e-20
       138  4.824e-20
       142  4.416e-20
       146  4.439e-20
       150  3.833e-20
       154  5.081e-20
       158  4.895e-20
       162    6.8e-20
       166  9.892e-20
       170  1.406e-19
       174  7.927e-20
       178  4.617e-20
     182.1  5.083e-20
     186.1  3.296e-20
     190.1  4.236e-20
     194.1  3.783e-20
     198.1  4.384e-20
     202.1  4.606e-20
     206.1  3.387e-20
     210.1  2.756e-20
     214.1  1.815e-20
     218.1  1.952e-20
     222.1  2.202e-20
     226.1  1.606e-20
     230.1  1.219e-20
     234.1  1.481e-20
     238.1  1.644e-20
     242.1   1.39e-20
     246.1  1.429e-20
     250.1  1.434e-20
     254.1  1.566e-20
     258.1  1.535e-20
     262.1  1.749e-20
     266.1  1.072e-20
     270.1  1.164e-20
     274.1   9.81e-21
     278.1    1.4e-20
     282.1  1.326e-20
     286.1  2.038e-20
     290.1  1.261e-20
     294.1  1.906e-20
     298.1  2.639e-20
     302.1  1.471e-20
     306.1  1.931e-20
     310.1  1.867e-20
     314.1  9.495e-21
     318.1  1.365e-20
     322.1  8.628e-21
     326.1  9.319e-21
     330.1  1.636e-20
     334.1  5.075e-20
     338.1  1.744e-20
     342.1  2.847e-20
     346.1  9.287e-20
     350.1  1.731e-20
