     6.002  9.105e+09
        10  3.239e+09
        14  1.746e+09
        18  1.105e+09
     22.01  8.616e+08
     26.01  6.613e+08
     30.01  5.435e+08
     34.01   4.44e+08
     38.01  3.715e+08
     42.01  3.167e+08
     46.01  2.719e+08
     50.01  2.394e+08
     54.01  2.112e+08
     58.02  1.865e+08
     62.02  1.693e+08
     66.02  1.564e+08
     70.02  1.404e+08
     74.02  1.258e+08
     78.02  1.157e+08
     82.02  1.078e+08
     86.02  1.008e+08
     90.02  9.107e+07
     94.03  8.379e+07
     98.03  7.294e+07
       102  7.147e+07
       106  6.508e+07
       110  5.972e+07
       114  5.462e+07
       118  4.959e+07
       122  4.781e+07
       126  4.487e+07
       130  4.118e+07
       134   4.12e+07
       138  3.913e+07
       142  3.619e+07
       146  3.752e+07
       150  3.801e+07
       154  3.478e+07
       158  3.227e+07
       162  3.008e+07
       166    2.9e+07
       170  2.632e+07
       174  2.582e+07
       178   2.56e+07
     182.1  2.522e+07
     186.1  2.288e+07
     190.1  2.049e+07
     194.1   2.04e+07
     198.1  1.913e+07
     202.1  1.741e+07
     206.1  1.709e+07
     210.1  1.704e+07
     214.1  1.597e+07
     218.1  1.638e+07
     222.1  1.519e+07
     226.1  1.573e+07
     230.1  1.597e+07
     234.1  1.601e+07
     238.1   1.35e+07
     242.1  1.248e+07
     246.1  1.249e+07
     250.1  1.177e+07
     254.1  9.201e+06
     258.1  7.343e+06
     262.1  5.752e+06
     266.1  4.963e+06
     270.1  3.776e+06
     274.1  3.404e+06
     278.1  2.965e+06
     282.1  2.828e+06
     286.1  2.357e+06
     290.1  1.968e+06
     294.1  1.759e+06
     298.1  1.453e+06
     302.1  1.138e+06
     306.1  1.099e+06
     310.1  9.659e+05
     314.1  8.005e+05
     318.1  6.957e+05
     322.1  6.028e+05
     326.1  5.103e+05
     330.1  4.262e+05
     334.1  4.063e+05
     338.1  2.278e+05
     342.1  1.697e+05
     346.1  9.882e+04
     350.1   3.35e+04
