     2.001  4.431e+11
     6.002  1.817e+12
        10  2.631e+12
        14  3.246e+12
        18  3.746e+12
     22.01  4.222e+12
     26.01  4.655e+12
     30.01  5.065e+12
     34.01  5.444e+12
     38.01  5.799e+12
     42.01  6.134e+12
     46.01  6.448e+12
     50.01   6.75e+12
     54.01  7.036e+12
     58.02  7.308e+12
     62.02  7.572e+12
     66.02  7.832e+12
     70.02  8.079e+12
     74.02  8.313e+12
     78.02   8.54e+12
     82.02  8.762e+12
     86.02   8.98e+12
     90.02  9.186e+12
     94.03  9.385e+12
     98.03  9.564e+12
       102  9.748e+12
       106  9.921e+12
       110  1.009e+13
       114  1.024e+13
       118  1.039e+13
       122  1.054e+13
       126  1.068e+13
       130  1.081e+13
       134  1.095e+13
       138  1.109e+13
       142  1.122e+13
       146  1.136e+13
       150   1.15e+13
       154  1.163e+13
       158  1.176e+13
       162  1.188e+13
       166    1.2e+13
       170  1.212e+13
       174  1.223e+13
       178  1.234e+13
     182.1  1.246e+13
     186.1  1.257e+13
     190.1  1.267e+13
     194.1  1.276e+13
     198.1  1.286e+13
     202.1  1.295e+13
     206.1  1.304e+13
     210.1  1.313e+13
     214.1  1.321e+13
     218.1   1.33e+13
     222.1  1.339e+13
     226.1  1.348e+13
     230.1  1.357e+13
     234.1  1.366e+13
     238.1  1.374e+13
     242.1  1.382e+13
     246.1   1.39e+13
     250.1  1.397e+13
     254.1  1.403e+13
     258.1  1.408e+13
     262.1  1.412e+13
     266.1  1.415e+13
     270.1  1.417e+13
     274.1   1.42e+13
     278.1  1.422e+13
     282.1  1.424e+13
     286.1  1.426e+13
     290.1  1.427e+13
     294.1  1.428e+13
     298.1  1.429e+13
     302.1   1.43e+13
     306.1  1.431e+13
     310.1  1.432e+13
     314.1  1.433e+13
     318.1  1.433e+13
     322.1  1.434e+13
     326.1  1.434e+13
     330.1  1.434e+13
     334.1  1.435e+13
     338.1  1.435e+13
     342.1  1.435e+13
     346.1  1.435e+13
     350.1  1.435e+13
