     2.001  1.234e-15
     6.002  1.383e-16
        10  4.232e-17
        14  1.944e-17
        18  1.342e-17
     22.01  1.111e-17
     26.01  8.717e-18
     30.01  7.071e-18
     34.01  5.812e-18
     38.01      5e-18
     42.01  3.912e-18
     46.01  3.417e-18
     50.01  2.869e-18
     54.01  2.544e-18
     58.02  2.379e-18
     62.02  2.213e-18
     66.02  2.074e-18
     70.02  1.842e-18
     74.02  1.697e-18
     78.02  1.731e-18
     82.02  1.479e-18
     86.02  1.346e-18
     90.02  1.162e-18
     94.03  1.134e-18
     98.03  1.077e-18
       102  1.098e-18
       106  9.098e-19
       110   8.77e-19
       114  7.672e-19
       118  7.031e-19
       122  6.773e-19
       126  6.392e-19
       130   6.07e-19
       134  5.878e-19
       138  5.645e-19
       142  5.394e-19
       146  5.373e-19
       150  5.222e-19
       154   5.06e-19
       158  4.665e-19
       162  4.347e-19
       166  4.142e-19
       170  3.817e-19
       174  3.674e-19
       178  3.667e-19
     182.1  3.417e-19
     186.1  3.045e-19
     190.1  3.118e-19
     194.1   2.89e-19
     198.1  2.899e-19
     202.1  2.636e-19
     206.1  2.547e-19
     210.1  2.484e-19
     214.1  2.415e-19
     218.1  2.339e-19
     222.1  2.352e-19
     226.1  2.456e-19
     230.1  2.504e-19
     234.1   2.35e-19
     238.1  2.177e-19
     242.1  2.189e-19
     246.1  2.459e-19
     250.1  1.822e-19
     254.1  1.714e-19
     258.1  1.621e-19
     262.1  1.544e-19
     266.1   1.46e-19
     270.1  1.336e-19
     274.1  1.393e-19
     278.1  1.279e-19
     282.1  1.162e-19
     286.1  1.116e-19
     290.1   1.08e-19
     294.1  1.237e-19
     298.1   9.59e-20
     302.1  9.808e-20
     306.1  8.241e-20
     310.1  8.807e-20
     314.1   9.37e-20
     318.1  9.049e-20
     322.1  7.939e-20
     326.1  9.305e-20
     330.1  1.108e-19
     334.1  6.468e-20
     338.1  7.629e-20
     342.1  6.399e-20
     346.1  5.455e-20
     350.1  1.811e-20
