     2.001      15.29
     6.002      17.66
        10      18.95
        14      19.79
        18       20.2
     22.01       20.4
     26.01      20.67
     30.01      20.89
     34.01      21.11
     38.01      21.27
     42.01      21.54
     46.01      21.68
     50.01      21.87
     54.01         22
     58.02      22.07
     62.02      22.15
     66.02      22.22
     70.02      22.35
     74.02      22.44
     78.02      22.42
     82.02      22.59
     86.02      22.69
     90.02      22.85
     94.03      22.88
     98.03      22.94
       102      22.91
       106      23.12
       110      23.16
       114       23.3
       118       23.4
       122      23.44
       126       23.5
       130      23.56
       134      23.59
       138      23.64
       142      23.69
       146      23.69
       150      23.72
       154      23.76
       158      23.84
       162      23.92
       166      23.97
       170      24.06
       174       24.1
       178      24.11
     182.1      24.18
     186.1      24.31
     190.1      24.28
     194.1      24.36
     198.1      24.36
     202.1      24.46
     206.1       24.5
     210.1      24.53
     214.1      24.56
     218.1      24.59
     222.1      24.59
     226.1      24.54
     230.1      24.52
     234.1      24.59
     238.1      24.67
     242.1      24.67
     246.1      24.54
     250.1      24.86
     254.1      24.93
     258.1      24.99
     262.1      25.04
     266.1      25.11
     270.1       25.2
     274.1      25.16
     278.1      25.25
     282.1      25.35
     286.1       25.4
     290.1      25.43
     294.1      25.29
     298.1      25.56
     302.1      25.54
     306.1      25.73
     310.1      25.65
     314.1      25.59
     318.1      25.62
     322.1      25.77
     326.1      25.59
     330.1       25.4
     334.1      25.99
     338.1      25.81
     342.1         26
     346.1      26.17
     350.1      27.37
