     6.002  4.334e+08
        10  3.161e+08
        14  2.369e+08
        18  1.767e+08
     22.01  1.352e+08
     26.01  1.106e+08
     30.01  8.904e+07
     34.01  7.552e+07
     38.01   6.16e+07
     42.01  5.433e+07
     46.01  4.648e+07
     50.01  4.027e+07
     54.01  3.366e+07
     58.02   2.96e+07
     62.02  2.768e+07
     66.02  2.469e+07
     70.02  2.298e+07
     74.02   2.07e+07
     78.02  2.102e+07
     82.02  2.003e+07
     86.02  1.961e+07
     90.02  2.009e+07
     94.03  1.884e+07
     98.03  1.751e+07
       102  1.696e+07
       106  1.434e+07
       110  1.387e+07
       114  1.308e+07
       118  1.259e+07
       122  1.267e+07
       126  1.218e+07
       130  1.081e+07
       134  1.009e+07
       138  9.499e+06
       142  9.576e+06
       146  9.017e+06
       150   9.12e+06
       154  8.319e+06
       158  7.589e+06
       162    7.3e+06
       166  7.246e+06
       170  7.115e+06
       174  6.722e+06
       178  6.523e+06
     182.1  6.391e+06
     186.1  6.034e+06
     190.1  5.984e+06
     194.1  5.588e+06
     198.1  5.188e+06
     202.1  5.187e+06
     206.1  5.638e+06
     210.1  5.618e+06
     214.1  4.851e+06
     218.1  4.548e+06
     222.1  4.161e+06
     226.1  4.047e+06
     230.1   3.99e+06
     234.1  3.691e+06
     238.1  3.653e+06
     242.1  3.849e+06
     246.1  3.312e+06
     250.1  3.573e+06
     254.1  2.219e+06
     258.1  1.678e+06
     262.1  1.342e+06
     266.1  1.029e+06
     270.1  9.326e+05
     274.1  7.412e+05
     278.1  6.146e+05
     282.1  4.392e+05
     286.1  4.055e+05
     290.1  3.357e+05
     294.1    3.1e+05
     298.1  3.136e+05
     302.1  3.195e+05
     306.1  2.859e+05
     310.1  1.743e+05
     314.1  2.071e+05
     318.1  1.083e+05
     322.1  1.033e+05
     326.1  9.661e+04
     330.1  8.227e+04
     334.1  6.612e+04
     338.1   3.56e+04
     342.1  1.671e+04
     346.1  2.709e+04
     350.1          0
