     2.001  8.547e-18
     6.002  5.546e-18
        10  3.794e-18
        14  2.768e-18
        18  2.063e-18
     22.01  1.704e-18
     26.01  1.333e-18
     30.01   1.14e-18
     34.01  9.464e-19
     38.01  8.395e-19
     42.01  7.318e-19
     46.01  6.581e-19
     50.01  5.839e-19
     54.01  4.747e-19
     58.02  4.438e-19
     62.02  4.148e-19
     66.02    4.3e-19
     70.02   3.73e-19
     74.02  3.499e-19
     78.02  3.308e-19
     82.02   3.47e-19
     86.02  3.391e-19
     90.02  4.858e-19
     94.03  4.808e-19
     98.03  3.568e-19
       102  2.745e-19
       106  2.618e-19
       110  2.696e-19
       114  2.826e-19
       118  3.615e-19
       122  3.498e-19
       126  2.968e-19
       130  2.231e-19
       134  1.841e-19
       138  1.825e-19
       142   1.87e-19
       146  1.653e-19
       150   1.79e-19
       154  1.891e-19
       158  1.635e-19
       162  1.607e-19
       166  1.412e-19
       170  1.262e-19
       174  1.292e-19
       178   1.41e-19
     182.1  1.308e-19
     186.1   1.59e-19
     190.1  1.307e-19
     194.1  1.308e-19
     198.1  9.491e-20
     202.1  1.258e-19
     206.1  3.023e-19
     210.1  1.225e-19
     214.1  8.703e-20
     218.1  9.596e-20
     222.1  7.714e-20
     226.1  8.051e-20
     230.1  8.141e-20
     234.1  7.067e-20
     238.1  7.593e-20
     242.1  6.896e-20
     246.1  7.513e-20
     250.1  5.656e-20
     254.1  5.226e-20
     258.1  4.714e-20
     262.1  4.757e-20
     266.1  4.222e-20
     270.1  3.247e-20
     274.1  4.636e-20
     278.1  2.951e-20
     282.1  2.586e-20
     286.1  2.455e-20
     290.1  1.853e-20
     294.1  2.391e-20
     298.1  2.054e-20
     302.1  2.132e-20
     306.1  2.121e-20
     310.1  1.864e-20
     314.1  1.918e-20
     318.1   1.22e-20
     322.1  1.003e-20
     326.1   1.73e-20
     330.1   1.57e-20
     334.1  1.673e-20
     338.1  5.716e-21
     342.1  1.436e-20
     346.1  6.208e-21
     350.1   1.09e-23
