     6.068  4.154e+08
     10.11  2.356e+08
     14.16  1.137e+08
      18.2  7.407e+07
     22.25  4.167e+07
     26.29  2.754e+07
     30.34  2.348e+07
     34.38  2.145e+07
     38.43  2.055e+07
     42.47   1.71e+07
     46.52  1.441e+07
     50.56  1.462e+07
     54.61  1.207e+07
     58.65  1.014e+07
      62.7  7.848e+06
     66.74  5.759e+06
     70.79  4.869e+06
     74.84  4.993e+06
     78.88  4.798e+06
     82.93  4.209e+06
     86.97  3.598e+06
     91.02  3.793e+06
     95.06  3.763e+06
     99.11  3.165e+06
     103.2  3.077e+06
     107.2    2.3e+06
     111.2  2.005e+06
     115.3  1.942e+06
     119.3  2.067e+06
     123.4  1.819e+06
     127.4  1.793e+06
     131.5  2.618e+06
     135.5  1.481e+06
     139.6  1.212e+06
     143.6  9.116e+05
     147.6  7.983e+05
     151.7  7.579e+05
     155.7  5.578e+05
     159.8  8.152e+05
     163.8  7.538e+05
     167.9  7.551e+05
     171.9  7.801e+05
       176  8.077e+05
       180  7.761e+05
     184.1  7.277e+05
     188.1  6.498e+05
     192.1  6.654e+05
     196.2  8.118e+05
     200.2  7.371e+05
     204.3  7.069e+05
     208.3  8.412e+05
     212.4  9.237e+05
     216.4  8.007e+05
     220.5  5.974e+05
     224.5  5.977e+05
     228.6  6.233e+05
     232.6  6.049e+05
     236.6  4.803e+05
     240.7  4.736e+05
     244.7  3.592e+05
     248.8  3.296e+05
     252.8  2.985e+05
     256.9  2.268e+05
     260.9  2.581e+05
       265  1.826e+05
       269  1.635e+05
       273  7.476e+04
     277.1  1.195e+05
     281.1  8.043e+04
     285.2  6.486e+04
     289.2  3.148e+04
     293.3  2.566e+04
     297.3  1.999e+04
     301.4       9413
     305.4       5048
     309.5  1.922e+04
     313.5          0
     317.5          0
     321.6          0
     325.6       4736
     329.7       4282
     333.7          0
     337.8          0
     341.8          0
     345.9          0
     349.9          0
