     2.023   3.81e+10
     6.068  1.022e+11
     10.11  1.627e+11
     14.16  2.036e+11
      18.2  2.379e+11
     22.25  2.614e+11
     26.29  2.798e+11
     30.34   2.98e+11
     34.38  3.167e+11
     38.43  3.368e+11
     42.47  3.552e+11
     46.52  3.723e+11
     50.56  3.911e+11
     54.61  4.078e+11
     58.65  4.229e+11
      62.7  4.354e+11
     66.74  4.452e+11
     70.79   4.54e+11
     74.84  4.635e+11
     78.88  4.731e+11
     82.93   4.82e+11
     86.97  4.899e+11
     91.02  4.987e+11
     95.06  5.078e+11
     99.11  5.158e+11
     103.2  5.238e+11
     107.2  5.301e+11
     111.2  5.358e+11
     115.3  5.414e+11
     119.3  5.477e+11
     123.4  5.534e+11
     127.4  5.592e+11
     131.5   5.68e+11
     135.5  5.731e+11
     139.6  5.774e+11
     143.6  5.807e+11
     147.6  5.837e+11
     151.7  5.866e+11
     155.7  5.888e+11
     159.8  5.921e+11
     163.8  5.953e+11
     167.9  5.985e+11
     171.9  6.019e+11
       176  6.055e+11
       180  6.091e+11
     184.1  6.125e+11
     188.1  6.156e+11
     192.1  6.188e+11
     196.2  6.229e+11
     200.2  6.266e+11
     204.3  6.303e+11
     208.3  6.348e+11
     212.4  6.397e+11
     216.4  6.441e+11
     220.5  6.475e+11
     224.5  6.509e+11
     228.6  6.545e+11
     232.6  6.581e+11
     236.6   6.61e+11
     240.7  6.639e+11
     244.7  6.661e+11
     248.8  6.682e+11
     252.8  6.701e+11
     256.9  6.716e+11
     260.9  6.733e+11
       265  6.745e+11
       269  6.757e+11
       273  6.762e+11
     277.1   6.77e+11
     281.1  6.776e+11
     285.2  6.781e+11
     289.2  6.783e+11
     293.3  6.785e+11
     297.3  6.786e+11
     301.4  6.787e+11
     305.4  6.788e+11
     309.5  6.789e+11
     313.5  6.789e+11
     317.5  6.789e+11
     321.6  6.789e+11
     325.6  6.789e+11
     329.7   6.79e+11
     333.7   6.79e+11
     337.8   6.79e+11
     341.8   6.79e+11
     345.9   6.79e+11
     349.9   6.79e+11
