     2.023  8.834e-17
     6.068  2.209e-17
     10.11  1.092e-17
     14.16  7.371e-18
      18.2  6.146e-18
     22.25   3.32e-18
     26.29  3.451e-18
     30.34  3.335e-18
     34.38  2.464e-18
     38.43  2.608e-18
     42.47  1.542e-18
     46.52  1.277e-18
     50.56   1.06e-18
     54.61  1.044e-18
     58.65  9.135e-19
      62.7  6.863e-19
     66.74  4.558e-19
     70.79  5.507e-19
     74.84  4.656e-19
     78.88  4.299e-19
     82.93  4.428e-19
     86.97  3.644e-19
     91.02  3.672e-19
     95.06   3.08e-19
     99.11  3.417e-19
     103.2  4.007e-19
     107.2  2.346e-19
     111.2  2.169e-19
     115.3   2.35e-19
     119.3  2.644e-19
     123.4  2.232e-19
     127.4  2.779e-19
     131.5  3.077e-19
     135.5  1.373e-19
     139.6  1.444e-19
     143.6  9.716e-20
     147.6  1.269e-19
     151.7  8.172e-20
     155.7  1.044e-19
     159.8  1.265e-19
     163.8  1.579e-19
     167.9  1.823e-19
     171.9  1.795e-19
       176  2.387e-19
       180  2.593e-19
     184.1   2.05e-19
     188.1  1.125e-19
     192.1  1.428e-19
     196.2  2.294e-19
     200.2  1.463e-19
     204.3   1.92e-19
     208.3  1.816e-19
     212.4  2.899e-19
     216.4  1.223e-19
     220.5  7.193e-20
     224.5   8.89e-20
     228.6   9.29e-20
     232.6  8.313e-20
     236.6  8.339e-20
     240.7  7.226e-20
     244.7  3.936e-20
     248.8  3.889e-20
     252.8  3.629e-20
     256.9  5.221e-20
     260.9  1.001e-19
       265  6.629e-20
       269  1.229e-19
       273  4.343e-20
     277.1  2.932e-20
     281.1  4.042e-20
     285.2  1.297e-20
     289.2  1.381e-20
     293.3  1.311e-20
     297.3  2.048e-21
     301.4  5.163e-21
     305.4   7.11e-21
     309.5  3.253e-21
     313.5      1e-23
     317.5  3.968e-22
     321.6  7.476e-21
     325.6  2.914e-21
     329.7   2.14e-22
     333.7      1e-23
     337.8      1e-23
     341.8      1e-23
     345.9      1e-23
     349.9      1e-23
