     2.023      18.15
     6.068      19.66
     10.11      20.42
     14.16      20.85
      18.2      21.04
     22.25      21.71
     26.29      21.67
     30.34      21.71
     34.38      22.04
     38.43      21.98
     42.47      22.55
     46.52      22.75
     50.56      22.95
     54.61      22.97
     58.65      23.11
      62.7      23.42
     66.74      23.87
     70.79      23.66
     74.84      23.85
     78.88      23.93
     82.93       23.9
     86.97      24.11
     91.02       24.1
     95.06      24.29
     99.11      24.18
     103.2      24.01
     107.2      24.59
     111.2      24.68
     115.3      24.59
     119.3      24.46
     123.4      24.64
     127.4      24.41
     131.5       24.3
     135.5      25.17
     139.6      25.12
     143.6      25.55
     147.6      25.26
     151.7      25.74
     155.7      25.47
     159.8      25.26
     163.8      25.02
     167.9      24.86
     171.9      24.88
       176      24.57
       180      24.48
     184.1      24.74
     188.1      25.39
     192.1      25.13
     196.2      24.61
     200.2       25.1
     204.3      24.81
     208.3      24.87
     212.4      24.36
     216.4       25.3
     220.5      25.87
     224.5      25.64
     228.6       25.6
     232.6      25.72
     236.6      25.71
     240.7      25.87
     244.7      26.53
     248.8      26.54
     252.8      26.62
     256.9      26.22
     260.9      25.51
       265      25.96
       269      25.29
       273      26.42
     277.1      26.85
     281.1       26.5
     285.2      27.73
     289.2      27.67
     293.3      27.72
     297.3      29.74
     301.4      28.73
     305.4      28.39
     309.5      29.24
     313.5      35.52
     317.5      31.52
     321.6      28.33
     325.6      29.35
     329.7      32.19
     333.7      35.52
     337.8      35.52
     341.8      35.52
     345.9      35.52
     349.9      35.52
