     6.002  2.833e+08
        10  2.188e+08
        14  1.869e+08
        18  1.621e+08
     22.01  1.413e+08
     26.01  1.138e+08
     30.01   1.05e+08
     34.01  9.364e+07
     38.01  8.231e+07
     42.01  7.216e+07
     46.01  6.874e+07
     50.01  6.109e+07
     54.01  5.531e+07
     58.02  5.063e+07
     62.02  4.293e+07
     66.02  3.983e+07
     70.02  3.589e+07
     74.02  3.392e+07
     78.02  3.279e+07
     82.02  3.127e+07
     86.02  3.041e+07
     90.02   2.74e+07
     94.03  2.663e+07
     98.03  2.444e+07
       102  2.289e+07
       106  1.978e+07
       110  1.921e+07
       114  1.836e+07
       118  1.613e+07
       122  1.637e+07
       126  1.506e+07
       130  1.392e+07
       134  1.346e+07
       138  1.255e+07
       142  1.199e+07
       146   1.08e+07
       150    1.1e+07
       154  1.064e+07
       158  1.017e+07
       162  9.692e+06
       166  9.636e+06
       170   9.87e+06
       174  9.108e+06
       178  8.965e+06
     182.1  8.482e+06
     186.1  7.993e+06
     190.1  7.703e+06
     194.1  8.229e+06
     198.1  7.861e+06
     202.1  7.316e+06
     206.1  7.369e+06
     210.1  6.783e+06
     214.1  6.716e+06
     218.1  6.866e+06
     222.1  6.337e+06
     226.1  5.846e+06
     230.1  5.822e+06
     234.1  5.934e+06
     238.1  5.416e+06
     242.1  5.518e+06
     246.1  5.822e+06
     250.1  5.546e+06
     254.1  4.413e+06
     258.1  3.341e+06
     262.1  2.263e+06
     266.1  1.981e+06
     270.1  1.872e+06
     274.1  1.762e+06
     278.1  1.758e+06
     282.1  1.722e+06
     286.1  1.373e+06
     290.1    1.2e+06
     294.1  1.015e+06
     298.1  8.605e+05
     302.1  7.297e+05
     306.1  7.154e+05
     310.1  6.228e+05
     314.1  5.082e+05
     318.1   5.52e+05
     322.1  3.849e+05
     326.1  3.056e+05
     330.1  2.383e+05
     334.1   2.26e+05
     338.1  2.155e+05
     342.1  1.427e+05
     346.1  1.294e+05
     350.1  7.688e+04
