     2.001  1.692e+10
     6.002  5.967e+10
        10  1.147e+11
        14  1.805e+11
        18  2.538e+11
     22.01   3.32e+11
     26.01  4.064e+11
     30.01  4.856e+11
     34.01  5.657e+11
     38.01  6.443e+11
     42.01  7.205e+11
     46.01  8.001e+11
     50.01  8.769e+11
     54.01   9.52e+11
     58.02  1.026e+12
     62.02  1.093e+12
     66.02  1.159e+12
     70.02  1.222e+12
     74.02  1.285e+12
     78.02  1.349e+12
     82.02  1.414e+12
     86.02   1.48e+12
     90.02  1.542e+12
     94.03  1.605e+12
     98.03  1.665e+12
       102  1.724e+12
       106  1.776e+12
       110  1.829e+12
       114  1.882e+12
       118   1.93e+12
       122   1.98e+12
       126  2.028e+12
       130  2.073e+12
       134  2.119e+12
       138  2.162e+12
       142  2.205e+12
       146  2.245e+12
       150  2.286e+12
       154  2.328e+12
       158  2.368e+12
       162  2.407e+12
       166  2.448e+12
       170   2.49e+12
       174   2.53e+12
       178   2.57e+12
     182.1  2.609e+12
     186.1  2.646e+12
     190.1  2.683e+12
     194.1  2.723e+12
     198.1  2.762e+12
     202.1  2.799e+12
     206.1  2.837e+12
     210.1  2.873e+12
     214.1  2.909e+12
     218.1  2.947e+12
     222.1  2.982e+12
     226.1  3.016e+12
     230.1  3.049e+12
     234.1  3.084e+12
     238.1  3.117e+12
     242.1   3.15e+12
     246.1  3.186e+12
     250.1  3.221e+12
     254.1  3.249e+12
     258.1  3.271e+12
     262.1  3.286e+12
     266.1  3.299e+12
     270.1  3.312e+12
     274.1  3.324e+12
     278.1  3.336e+12
     282.1  3.348e+12
     286.1  3.358e+12
     290.1  3.367e+12
     294.1  3.375e+12
     298.1  3.381e+12
     302.1  3.387e+12
     306.1  3.392e+12
     310.1  3.397e+12
     314.1  3.401e+12
     318.1  3.405e+12
     322.1  3.408e+12
     326.1  3.411e+12
     330.1  3.413e+12
     334.1  3.415e+12
     338.1  3.417e+12
     342.1  3.418e+12
     346.1  3.419e+12
     350.1   3.42e+12
