     6.002  4.748e+08
        10  4.658e+08
        14  3.907e+08
        18  2.996e+08
     22.01  2.548e+08
     26.01  2.153e+08
     30.01  1.843e+08
     34.01  1.537e+08
     38.01  1.258e+08
     42.01  1.121e+08
     46.01  9.772e+07
     50.01  8.705e+07
     54.01  7.912e+07
     58.02  7.275e+07
     62.02  6.826e+07
     66.02  6.329e+07
     70.02  6.286e+07
     74.02  5.838e+07
     78.02  5.269e+07
     82.02  4.761e+07
     86.02  4.523e+07
     90.02  3.895e+07
     94.03  3.477e+07
     98.03  3.315e+07
       102  3.398e+07
       106  3.003e+07
       110  2.617e+07
       114  2.487e+07
       118  2.183e+07
       122  2.318e+07
       126  2.293e+07
       130  2.143e+07
       134  1.943e+07
       138  1.912e+07
       142  1.788e+07
       146  1.694e+07
       150    1.5e+07
       154  1.424e+07
       158  1.297e+07
       162  1.206e+07
       166  1.191e+07
       170  1.094e+07
       174   1.13e+07
       178  1.056e+07
     182.1  9.248e+06
     186.1  9.224e+06
     190.1  9.088e+06
     194.1  9.121e+06
     198.1  8.876e+06
     202.1  9.072e+06
     206.1  8.848e+06
     210.1  9.122e+06
     214.1   9.24e+06
     218.1  9.476e+06
     222.1  8.014e+06
     226.1   7.74e+06
     230.1  7.581e+06
     234.1  7.308e+06
     238.1  6.972e+06
     242.1  7.076e+06
     246.1  6.769e+06
     250.1  7.124e+06
     254.1  5.845e+06
     258.1  4.774e+06
     262.1  4.736e+06
     266.1  3.725e+06
     270.1  3.035e+06
     274.1  2.759e+06
     278.1  2.424e+06
     282.1  2.091e+06
     286.1  1.734e+06
     290.1  1.429e+06
     294.1  1.287e+06
     298.1  1.173e+06
     302.1  1.043e+06
     306.1  8.862e+05
     310.1  8.843e+05
     314.1  6.938e+05
     318.1  5.453e+05
     322.1  7.504e+05
     326.1  6.443e+05
     330.1  3.537e+05
     334.1  3.587e+05
     338.1  3.116e+05
     342.1  3.086e+05
     346.1  1.058e+05
     350.1  8.352e+04
