     2.001  7.082e-16
     6.002  8.546e-18
        10  8.038e-18
        14  7.073e-18
        18  7.508e-18
     22.01    5.4e-18
     26.01  4.017e-18
     30.01  3.308e-18
     34.01  2.786e-18
     38.01  2.395e-18
     42.01  2.104e-18
     46.01  1.866e-18
     50.01  1.616e-18
     54.01  1.554e-18
     58.02  1.608e-18
     62.02  1.761e-18
     66.02  1.746e-18
     70.02  1.278e-18
     74.02  1.074e-18
     78.02   9.43e-19
     82.02  8.482e-19
     86.02  8.572e-19
     90.02  1.183e-18
     94.03  7.915e-19
     98.03   7.06e-19
       102  6.333e-19
       106  5.594e-19
       110  5.836e-19
       114  5.244e-19
       118  4.801e-19
       122  5.875e-19
       126  5.192e-19
       130  4.309e-19
       134  3.863e-19
       138  3.645e-19
       142  3.192e-19
       146  2.918e-19
       150  2.885e-19
       154  2.617e-19
       158  2.625e-19
       162  2.327e-19
       166   2.09e-19
       170   2.18e-19
       174  2.021e-19
       178  1.961e-19
     182.1  1.743e-19
     186.1   1.82e-19
     190.1  1.729e-19
     194.1   1.83e-19
     198.1  1.687e-19
     202.1  1.674e-19
     206.1  1.592e-19
     210.1  1.676e-19
     214.1  1.776e-19
     218.1  1.643e-19
     222.1  1.506e-19
     226.1  1.408e-19
     230.1  1.451e-19
     234.1  1.207e-19
     238.1  1.277e-19
     242.1  1.358e-19
     246.1  1.316e-19
     250.1  1.327e-19
     254.1  1.241e-19
     258.1  1.208e-19
     262.1  1.148e-19
     266.1  1.193e-19
     270.1  9.126e-20
     274.1  1.757e-19
     278.1  1.207e-19
     282.1  8.943e-20
     286.1  9.454e-20
     290.1   7.95e-20
     294.1  7.289e-20
     298.1  8.792e-20
     302.1  9.236e-20
     306.1  8.235e-20
     310.1  8.499e-20
     314.1  6.319e-20
     318.1  7.398e-20
     322.1   1.26e-19
     326.1  1.171e-19
     330.1  7.498e-20
     334.1  9.026e-20
     338.1  1.253e-19
     342.1  8.941e-20
     346.1  8.206e-20
     350.1  2.094e-19
