     6.002  3.664e+08
        10  3.914e+08
        14  3.459e+08
        18  2.907e+08
     22.01  2.274e+08
     26.01  1.731e+08
     30.01  1.332e+08
     34.01  1.082e+08
     38.01  8.776e+07
     42.01  7.008e+07
     46.01  5.742e+07
     50.01  5.272e+07
     54.01  4.638e+07
     58.02  4.143e+07
     62.02  3.908e+07
     66.02  3.305e+07
     70.02  2.932e+07
     74.02  2.581e+07
     78.02   2.32e+07
     82.02  2.215e+07
     86.02  2.026e+07
     90.02  1.971e+07
     94.03  1.751e+07
     98.03   1.71e+07
       102  1.418e+07
       106  1.304e+07
       110  1.198e+07
       114  1.119e+07
       118  1.044e+07
       122  9.344e+06
       126  9.249e+06
       130  8.536e+06
       134  8.025e+06
       138  6.761e+06
       142  6.406e+06
       146   6.44e+06
       150  5.857e+06
       154   6.05e+06
       158  5.684e+06
       162   5.03e+06
       166   4.79e+06
       170  4.628e+06
       174  4.179e+06
       178  4.062e+06
     182.1  3.808e+06
     186.1  3.768e+06
     190.1  4.247e+06
     194.1  3.752e+06
     198.1  4.026e+06
     202.1  3.185e+06
     206.1   3.37e+06
     210.1  3.159e+06
     214.1  3.144e+06
     218.1  2.959e+06
     222.1  2.563e+06
     226.1  2.754e+06
     230.1   2.54e+06
     234.1  2.453e+06
     238.1  2.328e+06
     242.1  2.167e+06
     246.1  2.193e+06
     250.1  2.113e+06
     254.1   1.93e+06
     258.1  1.522e+06
     262.1  1.383e+06
     266.1  1.094e+06
     270.1  1.354e+06
     274.1  1.085e+06
     278.1  1.159e+06
     282.1   8.89e+05
     286.1  9.364e+05
     290.1  7.507e+05
     294.1  6.025e+05
     298.1  6.569e+05
     302.1  5.896e+05
     306.1  6.859e+05
     310.1  6.395e+05
     314.1  4.606e+05
     318.1  2.948e+05
     322.1  3.636e+05
     326.1  2.412e+05
     330.1  2.195e+05
     334.1  1.579e+05
     338.1   1.23e+05
     342.1  1.045e+05
     346.1   4.01e+04
     350.1    2.9e+04
