     2.001  4.269e+10
     6.002  9.798e+10
        10  1.964e+11
        14  3.182e+11
        18  4.497e+11
     22.01  5.755e+11
     26.01  6.887e+11
     30.01  7.892e+11
     34.01  8.817e+11
     38.01  9.655e+11
     42.01   1.04e+12
     46.01  1.106e+12
     50.01  1.172e+12
     54.01  1.235e+12
     58.02  1.296e+12
     62.02  1.357e+12
     66.02  1.411e+12
     70.02  1.463e+12
     74.02  1.511e+12
     78.02  1.557e+12
     82.02  1.602e+12
     86.02  1.646e+12
     90.02  1.691e+12
     94.03  1.732e+12
     98.03  1.774e+12
       102  1.811e+12
       106  1.845e+12
       110  1.879e+12
       114  1.911e+12
       118  1.942e+12
       122   1.97e+12
       126      2e+12
       130  2.027e+12
       134  2.055e+12
       138  2.078e+12
       142  2.101e+12
       146  2.124e+12
       150  2.147e+12
       154   2.17e+12
       158  2.193e+12
       162  2.213e+12
       166  2.233e+12
       170  2.253e+12
       174  2.271e+12
       178  2.289e+12
     182.1  2.307e+12
     186.1  2.324e+12
     190.1  2.345e+12
     194.1  2.363e+12
     198.1  2.383e+12
     202.1  2.399e+12
     206.1  2.417e+12
     210.1  2.433e+12
     214.1   2.45e+12
     218.1  2.466e+12
     222.1  2.481e+12
     226.1  2.496e+12
     230.1  2.511e+12
     234.1  2.526e+12
     238.1   2.54e+12
     242.1  2.553e+12
     246.1  2.566e+12
     250.1   2.58e+12
     254.1  2.592e+12
     258.1  2.602e+12
     262.1  2.611e+12
     266.1  2.618e+12
     270.1  2.627e+12
     274.1  2.635e+12
     278.1  2.643e+12
     282.1  2.649e+12
     286.1  2.656e+12
     290.1  2.661e+12
     294.1  2.666e+12
     298.1  2.671e+12
     302.1  2.675e+12
     306.1  2.681e+12
     310.1  2.686e+12
     314.1  2.689e+12
     318.1  2.692e+12
     322.1  2.695e+12
     326.1  2.697e+12
     330.1  2.698e+12
     334.1    2.7e+12
     338.1  2.701e+12
     342.1  2.702e+12
     346.1  2.702e+12
     350.1  2.702e+12
