     2.001  6.059e-18
     6.002  5.226e-18
        10  4.545e-18
        14  3.911e-18
        18   2.98e-18
     22.01  2.416e-18
     26.01  1.874e-18
     30.01  1.593e-18
     34.01  1.297e-18
     38.01  1.047e-18
     42.01  9.048e-19
     46.01  8.197e-19
     50.01  7.964e-19
     54.01  9.003e-19
     58.02  1.056e-18
     62.02   1.65e-18
     66.02  9.324e-19
     70.02  4.536e-19
     74.02  4.174e-19
     78.02  4.709e-19
     82.02  5.042e-19
     86.02  4.102e-19
     90.02  3.516e-19
     94.03  3.011e-19
     98.03  2.741e-19
       102   2.36e-19
       106  2.168e-19
       110   1.97e-19
       114  1.924e-19
       118  1.643e-19
       122   1.55e-19
       126  1.647e-19
       130  1.365e-19
       134  1.361e-19
       138   1.16e-19
       142  1.206e-19
       146    1.2e-19
       150  1.141e-19
       154  1.153e-19
       158   8.66e-20
       162  8.285e-20
       166  7.913e-20
       170   7.93e-20
       174  9.363e-20
       178  6.523e-20
     182.1  8.181e-20
     186.1  8.088e-20
     190.1  6.685e-20
     194.1  7.672e-20
     198.1  6.517e-20
     202.1  5.928e-20
     206.1  5.921e-20
     210.1   5.92e-20
     214.1  5.115e-20
     218.1  5.104e-20
     222.1  4.891e-20
     226.1  5.647e-20
     230.1  6.113e-20
     234.1  5.145e-20
     238.1  4.221e-20
     242.1   4.27e-20
     246.1  4.719e-20
     250.1  5.025e-20
     254.1   4.79e-20
     258.1  4.636e-20
     262.1  3.884e-20
     266.1  5.124e-20
     270.1  4.435e-20
     274.1  4.856e-20
     278.1  4.602e-20
     282.1  4.269e-20
     286.1  4.759e-20
     290.1  5.237e-20
     294.1   3.97e-20
     298.1  4.512e-20
     302.1  4.044e-20
     306.1  4.739e-20
     310.1  4.342e-20
     314.1  3.689e-20
     318.1  3.216e-20
     322.1  3.795e-20
     326.1  4.378e-20
     330.1  2.871e-20
     334.1  3.015e-20
     338.1  3.599e-20
     342.1  2.079e-20
     346.1  2.184e-20
     350.1  1.822e-20
