     6.024  2.685e+08
     10.04  1.093e+08
     14.06  5.592e+07
     18.07  3.481e+07
     22.09  2.202e+07
     26.11  1.262e+07
     30.12    6.8e+06
     34.14  6.104e+06
     38.15   2.49e+06
     42.17  1.899e+06
     46.19  1.473e+06
      50.2  7.842e+05
     54.22   5.91e+05
     58.24   5.97e+05
     62.25  5.052e+05
     66.27  5.278e+05
     70.29  3.045e+05
      74.3  2.863e+05
     78.32  1.343e+05
     82.33  2.423e+05
     86.35  1.945e+05
     90.37  1.347e+05
     94.38  1.647e+05
      98.4  7.785e+04
     102.4  2.047e+05
     106.4   2.75e+05
     110.4  2.087e+05
     114.5   8.07e+04
     118.5  5.154e+04
     122.5  1.271e+04
     126.5   3.63e+04
     130.5  7.107e+04
     134.5  2.326e+04
     138.6  2.222e+04
     142.6  3.312e+04
     146.6  4.196e+04
     150.6  1.994e+04
     154.6       9797
     158.6  1.201e+04
     162.7  2.224e+04
     166.7  3.644e+04
     170.7          0
     174.7  2.615e+04
     178.7          0
     182.7          0
     186.8  1.595e+04
     190.8  1.563e+04
     194.8  1.593e+04
     198.8       7667
     202.8          0
     206.8          0
     210.9       8851
     214.9          0
     218.9          0
     222.9          0
     226.9          0
     230.9          0
       235          0
       239          0
       243          0
       247          0
       251       5760
       255          0
     259.1          0
     263.1          0
     267.1          0
     271.1          0
     275.1          0
     279.1          0
     283.1          0
     287.2          0
     291.2          0
     295.2          0
