     2.008  3.439e+10
     6.024  7.521e+10
     10.04  1.029e+11
     14.06  1.227e+11
     18.07  1.386e+11
     22.09  1.509e+11
     26.11  1.592e+11
     30.12  1.644e+11
     34.14  1.696e+11
     38.15   1.72e+11
     42.17   1.74e+11
     46.19  1.758e+11
      50.2  1.768e+11
     54.22  1.776e+11
     58.24  1.784e+11
     62.25  1.792e+11
     66.27  1.801e+11
     70.29  1.807e+11
      74.3  1.812e+11
     78.32  1.815e+11
     82.33   1.82e+11
     86.35  1.824e+11
     90.37  1.827e+11
     94.38  1.831e+11
      98.4  1.833e+11
     102.4  1.838e+11
     106.4  1.845e+11
     110.4  1.851e+11
     114.5  1.854e+11
     118.5  1.855e+11
     122.5  1.856e+11
     126.5  1.857e+11
     130.5  1.859e+11
     134.5   1.86e+11
     138.6  1.861e+11
     142.6  1.862e+11
     146.6  1.863e+11
     150.6  1.864e+11
     154.6  1.865e+11
     158.6  1.865e+11
     162.7  1.866e+11
     166.7  1.867e+11
     170.7  1.867e+11
     174.7  1.869e+11
     178.7  1.869e+11
     182.7  1.869e+11
     186.8  1.869e+11
     190.8   1.87e+11
     194.8  1.871e+11
     198.8  1.871e+11
     202.8  1.871e+11
     206.8  1.871e+11
     210.9  1.872e+11
     214.9  1.872e+11
     218.9  1.872e+11
     222.9  1.872e+11
     226.9  1.872e+11
     230.9  1.872e+11
       235  1.872e+11
       239  1.872e+11
       243  1.872e+11
       247  1.872e+11
       251  1.872e+11
       255  1.872e+11
     259.1  1.872e+11
     263.1  1.872e+11
     267.1  1.872e+11
     271.1  1.872e+11
     275.1  1.872e+11
     279.1  1.872e+11
     283.1  1.872e+11
     287.2  1.872e+11
     291.2  1.872e+11
     295.2  1.872e+11
