     2.008  1.021e-16
     6.024  1.878e-17
     10.04  7.265e-18
     14.06   4.52e-18
     18.07  2.653e-18
     22.09  1.535e-18
     26.11  9.342e-19
     30.12  5.697e-19
     34.14  3.848e-19
     38.15  3.099e-19
     42.17  1.855e-19
     46.19  9.452e-20
      50.2  6.247e-20
     54.22  6.092e-20
     58.24  5.552e-20
     62.25  5.457e-20
     66.27  3.687e-20
     70.29  3.812e-20
      74.3  1.947e-20
     78.32  1.832e-20
     82.33  1.975e-20
     86.35  1.398e-20
     90.37  1.519e-20
     94.38  1.059e-20
      98.4   1.83e-20
     102.4  2.562e-20
     106.4  2.603e-20
     110.4  1.453e-20
     114.5  8.271e-21
     118.5  1.559e-21
     122.5  3.129e-21
     126.5  8.673e-21
     130.5  4.524e-21
     134.5  3.941e-21
     138.6  2.384e-21
     142.6  3.334e-21
     146.6  5.479e-21
     150.6  2.615e-21
     154.6  1.893e-21
     158.6  1.541e-20
     162.7  1.118e-20
     166.7  1.006e-21
     170.7  2.106e-21
     174.7  8.761e-22
     178.7      1e-23
     182.7  1.722e-22
     186.8  1.886e-21
     190.8   1.43e-21
     194.8  1.619e-21
     198.8  4.971e-23
     202.8      1e-23
     206.8  2.648e-22
     210.9   2.82e-22
     214.9      1e-23
     218.9      1e-23
     222.9      1e-23
     226.9      1e-23
     230.9      1e-23
       235      1e-23
       239      1e-23
       243      1e-23
       247   1.38e-21
       251  1.981e-23
       255      1e-23
     259.1      1e-23
     263.1      1e-23
     267.1      1e-23
     271.1      1e-23
     275.1      1e-23
     279.1      1e-23
     283.1      1e-23
     287.2      1e-23
     291.2      1e-23
     295.2      1e-23
