     2.008      17.99
     6.024      19.83
     10.04      20.86
     14.06      21.38
     18.07      21.96
     22.09      22.55
     26.11      23.09
     30.12      23.63
     34.14      24.05
     38.15      24.29
     42.17      24.85
     46.19      25.58
      50.2      26.03
     54.22      26.05
     58.24      26.16
     62.25      26.17
     66.27       26.6
     70.29      26.56
      74.3      27.29
     78.32      27.36
     82.33      27.28
     86.35      27.65
     90.37      27.56
     94.38      27.95
      98.4      27.36
     102.4      26.99
     106.4      26.98
     110.4      27.61
     114.5      28.22
     118.5      30.03
     122.5      29.28
     126.5      28.17
     130.5      28.88
     134.5      29.03
     138.6      29.57
     142.6      29.21
     146.6      28.67
     150.6      29.47
     154.6      29.82
     158.6      27.55
     162.7      27.89
     166.7      30.51
     170.7      29.71
     174.7      30.66
     178.7      35.52
     182.7      32.43
     186.8      29.83
     190.8      30.13
     194.8      29.99
     198.8      33.77
     202.8      35.52
     206.8      31.96
     210.9      31.89
     214.9      35.52
     218.9      35.52
     222.9      35.52
     226.9      35.52
     230.9      35.52
       235      35.52
       239      35.52
       243      35.52
       247      30.17
       251      34.77
       255      35.52
     259.1      35.52
     263.1      35.52
     267.1      35.52
     271.1      35.52
     275.1      35.52
     279.1      35.52
     283.1      35.52
     287.2      35.52
     291.2      35.52
     295.2      35.52
