     6.002  4.477e+08
        10  3.186e+08
        14  1.525e+08
     18.01  9.974e+07
     22.01  9.201e+07
     26.01  6.755e+07
     30.01  5.826e+07
     34.01  5.153e+07
     38.01  4.162e+07
     42.01  3.275e+07
     46.02  2.929e+07
     50.02  2.233e+07
     54.02  1.926e+07
     58.02  1.653e+07
     62.02  1.317e+07
     66.02  1.194e+07
     70.02  1.153e+07
     74.03  1.001e+07
     78.03  1.054e+07
     82.03  9.267e+06
     86.03  9.814e+06
     90.03  9.217e+06
     94.03  8.431e+06
     98.03   7.92e+06
       102  7.385e+06
       106   7.24e+06
       110  6.878e+06
       114  7.333e+06
       118  8.135e+06
       122  6.829e+06
       126  5.072e+06
       130  4.995e+06
       134  4.838e+06
       138  4.044e+06
     142.1  3.883e+06
     146.1  3.761e+06
     150.1  3.444e+06
     154.1  4.198e+06
     158.1  3.306e+06
     162.1  2.807e+06
     166.1  2.827e+06
     170.1  2.471e+06
     174.1  1.717e+06
     178.1    1.3e+06
     182.1  1.267e+06
     186.1  1.155e+06
     190.1  1.223e+06
     194.1  1.118e+06
     198.1  1.046e+06
     202.1  1.025e+06
     206.1  9.261e+05
     210.1  1.134e+06
     214.1  1.132e+06
     218.1  1.042e+06
     222.1  1.053e+06
     226.1  6.271e+05
     230.1  6.773e+05
     234.1  6.353e+05
     238.1  8.035e+05
     242.1  7.164e+05
     246.1   5.62e+05
     250.1  4.865e+05
     254.1  5.773e+05
     258.1  8.794e+05
     262.1  5.792e+05
     266.1  5.727e+05
     270.1  5.253e+05
     274.1  3.652e+05
     278.1  2.974e+05
     282.1  2.354e+05
     286.1  1.907e+05
     290.1    1.9e+05
     294.1  2.104e+05
     298.1  2.204e+05
     302.1  1.775e+05
     306.1  1.265e+05
     310.1  1.329e+05
     314.1  1.448e+05
     318.1  1.078e+05
     322.1  1.396e+05
     326.1  7.797e+04
     330.1  8.732e+04
     334.1  6.182e+04
     338.1  3.127e+04
     342.1  5.986e+04
     346.1  2.363e+04
     350.1       4374
