     2.001  3.122e+10
     6.002  9.878e+10
        10  1.789e+11
        14  2.326e+11
     18.01  2.778e+11
     22.01  3.287e+11
     26.01  3.728e+11
     30.01  4.168e+11
     34.01  4.609e+11
     38.01  5.006e+11
     42.01  5.352e+11
     46.02  5.691e+11
     50.02  5.972e+11
     54.02  6.234e+11
     58.02  6.475e+11
     62.02   6.68e+11
     66.02  6.878e+11
     70.02  7.081e+11
     74.03  7.268e+11
     78.03  7.474e+11
     82.03  7.666e+11
     86.03  7.878e+11
     90.03  8.086e+11
     94.03  8.286e+11
     98.03  8.481e+11
       102   8.67e+11
       106  8.863e+11
       110  9.054e+11
       114  9.264e+11
       118  9.505e+11
       122  9.715e+11
       126  9.876e+11
       130  1.004e+12
       134   1.02e+12
       138  1.034e+12
     142.1  1.048e+12
     146.1  1.062e+12
     150.1  1.075e+12
     154.1  1.091e+12
     158.1  1.104e+12
     162.1  1.116e+12
     166.1  1.128e+12
     170.1  1.138e+12
     174.1  1.146e+12
     178.1  1.151e+12
     182.1  1.157e+12
     186.1  1.163e+12
     190.1  1.168e+12
     194.1  1.174e+12
     198.1  1.179e+12
     202.1  1.184e+12
     206.1  1.189e+12
     210.1  1.195e+12
     214.1  1.201e+12
     218.1  1.207e+12
     222.1  1.213e+12
     226.1  1.216e+12
     230.1   1.22e+12
     234.1  1.224e+12
     238.1  1.229e+12
     242.1  1.233e+12
     246.1  1.237e+12
     250.1   1.24e+12
     254.1  1.243e+12
     258.1  1.249e+12
     262.1  1.253e+12
     266.1  1.257e+12
     270.1   1.26e+12
     274.1  1.263e+12
     278.1  1.265e+12
     282.1  1.267e+12
     286.1  1.268e+12
     290.1  1.269e+12
     294.1  1.271e+12
     298.1  1.273e+12
     302.1  1.274e+12
     306.1  1.275e+12
     310.1  1.276e+12
     314.1  1.277e+12
     318.1  1.278e+12
     322.1  1.279e+12
     326.1   1.28e+12
     330.1   1.28e+12
     334.1  1.281e+12
     338.1  1.281e+12
     342.1  1.282e+12
     346.1  1.282e+12
     350.1  1.282e+12
