     2.001  5.841e-17
     6.002  2.749e-17
        10  1.656e-17
        14  9.698e-18
     18.01  8.206e-18
     22.01  7.825e-18
     26.01  7.167e-18
     30.01   7.12e-18
     34.01  6.323e-18
     38.01  3.653e-18
     42.01  3.396e-18
     46.02  2.598e-18
     50.02  2.212e-18
     54.02  2.007e-18
     58.02  1.798e-18
     62.02  1.612e-18
     66.02   1.74e-18
     70.02  1.255e-18
     74.03  1.421e-18
     78.03  1.222e-18
     82.03  9.163e-19
     86.03  8.962e-19
     90.03  8.758e-19
     94.03  9.022e-19
     98.03  9.023e-19
       102  1.121e-18
       106  9.302e-19
       110  8.901e-19
       114  7.252e-19
       118  8.052e-19
       122  7.059e-19
       126  5.402e-19
       130   6.29e-19
       134  5.475e-19
       138  6.653e-19
     142.1   5.05e-19
     146.1  3.885e-19
     150.1  3.697e-19
     154.1  4.011e-19
     158.1  3.291e-19
     162.1  3.108e-19
     166.1  2.941e-19
     170.1  2.034e-19
     174.1  1.575e-19
     178.1  1.352e-19
     182.1  1.297e-19
     186.1  1.207e-19
     190.1  1.245e-19
     194.1  2.139e-19
     198.1  1.808e-19
     202.1  1.602e-19
     206.1  1.483e-19
     210.1   1.82e-19
     214.1  1.526e-19
     218.1   1.44e-19
     222.1  9.923e-20
     226.1  7.038e-20
     230.1  6.638e-20
     234.1   6.56e-20
     238.1  8.298e-20
     242.1   6.28e-20
     246.1  5.145e-20
     250.1  5.996e-20
     254.1  9.229e-20
     258.1  1.122e-19
     262.1  9.334e-20
     266.1  1.359e-19
     270.1  9.882e-20
     274.1  7.708e-20
     278.1  5.786e-20
     282.1  5.047e-20
     286.1  5.348e-20
     290.1  6.169e-20
     294.1  6.683e-20
     298.1  7.184e-20
     302.1   5.52e-20
     306.1  6.175e-20
     310.1   7.68e-20
     314.1  6.313e-20
     318.1  6.004e-20
     322.1  6.962e-20
     326.1  4.754e-20
     330.1  6.561e-20
     334.1  4.716e-20
     338.1  7.359e-20
     342.1  6.876e-20
     346.1  4.644e-20
     350.1  2.158e-20
