     2.001       18.6
     6.002      19.42
        10      19.97
        14      20.55
     18.01      20.73
     22.01      20.78
     26.01      20.88
     30.01      20.88
     34.01      21.01
     38.01      21.61
     42.01      21.69
     46.02      21.98
     50.02      22.15
     54.02      22.26
     58.02      22.38
     62.02       22.5
     66.02      22.41
     70.02      22.77
     74.03      22.63
     78.03       22.8
     82.03      23.11
     86.03      23.14
     90.03      23.16
     94.03      23.13
     98.03      23.13
       102      22.89
       106      23.09
       110      23.14
       114      23.36
       118      23.25
       122      23.39
       126      23.68
       130      23.52
       134      23.67
       138      23.46
     142.1      23.76
     146.1      24.04
     150.1       24.1
     154.1      24.01
     158.1      24.22
     162.1      24.28
     166.1      24.34
     170.1      24.75
     174.1      25.02
     178.1      25.19
     182.1      25.23
     186.1      25.31
     190.1      25.28
     194.1      24.69
     198.1      24.87
     202.1         25
     206.1      25.09
     210.1      24.87
     214.1      25.06
     218.1      25.12
     222.1      25.52
     226.1       25.9
     230.1      25.96
     234.1      25.97
     238.1      25.72
     242.1      26.02
     246.1      26.24
     250.1      26.07
     254.1       25.6
     258.1      25.39
     262.1      25.59
     266.1      25.18
     270.1      25.53
     274.1       25.8
     278.1      26.11
     282.1      26.26
     286.1       26.2
     290.1      26.04
     294.1      25.95
     298.1      25.88
     302.1      26.16
     306.1      26.04
     310.1       25.8
     314.1      26.02
     318.1      26.07
     322.1      25.91
     326.1      26.32
     330.1      25.97
     334.1      26.33
     338.1      25.85
     342.1      25.92
     346.1      26.35
     350.1      27.18
