     6.002  5.616e+08
        10  4.316e+08
        14  2.761e+08
        18  1.989e+08
     22.01  1.552e+08
     26.01  1.198e+08
     30.01  9.837e+07
     34.01  8.515e+07
     38.01  7.407e+07
     42.01  6.735e+07
     46.01   6.23e+07
     50.01   5.91e+07
     54.01  5.785e+07
     58.02  5.461e+07
     62.02  5.159e+07
     66.02  4.655e+07
     70.02  4.223e+07
     74.02  4.043e+07
     78.02  3.475e+07
     82.02  3.154e+07
     86.02  3.133e+07
     90.02  2.824e+07
     94.03  2.604e+07
     98.03  2.624e+07
       102  2.587e+07
       106  2.381e+07
       110  2.111e+07
       114  2.154e+07
       118  2.095e+07
       122  2.018e+07
       126  1.939e+07
       130  1.741e+07
       134  1.768e+07
       138  1.504e+07
       142  1.422e+07
       146  1.493e+07
       150  1.418e+07
       154  1.242e+07
       158  1.276e+07
       162  1.215e+07
       166  1.205e+07
       170  1.124e+07
       174    1.1e+07
       178  1.024e+07
     182.1  9.802e+06
     186.1  9.716e+06
     190.1  9.003e+06
     194.1  8.442e+06
     198.1  7.544e+06
     202.1  7.417e+06
     206.1  6.981e+06
     210.1  6.507e+06
     214.1  6.047e+06
     218.1  6.293e+06
     222.1  5.924e+06
     226.1  5.335e+06
     230.1  5.676e+06
     234.1  5.675e+06
     238.1  4.837e+06
     242.1  4.836e+06
     246.1  4.364e+06
     250.1  4.902e+06
     254.1  3.763e+06
     258.1   3.07e+06
     262.1  2.393e+06
     266.1  2.057e+06
     270.1  1.722e+06
     274.1  1.806e+06
     278.1   1.52e+06
     282.1   1.46e+06
     286.1  1.108e+06
     290.1  1.124e+06
     294.1   9.26e+05
     298.1   8.62e+05
     302.1  6.969e+05
     306.1  5.033e+05
     310.1  5.213e+05
     314.1  4.631e+05
     318.1  3.456e+05
     322.1  2.816e+05
     326.1  2.523e+05
     330.1  2.124e+05
     334.1  1.665e+05
     338.1  1.548e+05
     342.1  1.308e+05
     346.1  5.496e+04
     350.1  3.917e+04
