     2.001  1.874e+10
     6.002  1.035e+11
        10   2.12e+11
        14  3.092e+11
        18  3.992e+11
     22.01  4.851e+11
     26.01  5.634e+11
     30.01  6.376e+11
     34.01  7.105e+11
     38.01  7.812e+11
     42.01  8.524e+11
     46.01  9.244e+11
     50.01  9.987e+11
     54.01  1.077e+12
     58.02  1.157e+12
     62.02  1.237e+12
     66.02  1.315e+12
     70.02  1.389e+12
     74.02  1.464e+12
     78.02  1.532e+12
     82.02  1.597e+12
     86.02  1.665e+12
     90.02  1.729e+12
     94.03  1.791e+12
     98.03  1.855e+12
       102  1.922e+12
       106  1.985e+12
       110  2.044e+12
       114  2.105e+12
       118  2.167e+12
       122  2.229e+12
       126  2.291e+12
       130  2.348e+12
       134  2.407e+12
       138  2.459e+12
       142   2.51e+12
       146  2.565e+12
       150  2.619e+12
       154  2.667e+12
       158  2.717e+12
       162  2.767e+12
       166  2.817e+12
       170  2.865e+12
       174  2.913e+12
       178  2.959e+12
     182.1  3.004e+12
     186.1  3.049e+12
     190.1  3.092e+12
     194.1  3.134e+12
     198.1  3.171e+12
     202.1  3.209e+12
     206.1  3.245e+12
     210.1  3.279e+12
     214.1  3.312e+12
     218.1  3.346e+12
     222.1  3.379e+12
     226.1   3.41e+12
     230.1  3.443e+12
     234.1  3.476e+12
     238.1  3.505e+12
     242.1  3.534e+12
     246.1  3.561e+12
     250.1  3.592e+12
     254.1  3.616e+12
     258.1  3.636e+12
     262.1  3.652e+12
     266.1  3.666e+12
     270.1  3.677e+12
     274.1   3.69e+12
     278.1    3.7e+12
     282.1  3.711e+12
     286.1  3.719e+12
     290.1  3.727e+12
     294.1  3.734e+12
     298.1   3.74e+12
     302.1  3.745e+12
     306.1  3.749e+12
     310.1  3.753e+12
     314.1  3.757e+12
     318.1   3.76e+12
     322.1  3.762e+12
     326.1  3.764e+12
     330.1  3.766e+12
     334.1  3.767e+12
     338.1  3.769e+12
     342.1   3.77e+12
     346.1   3.77e+12
     350.1  3.771e+12
