     2.001  1.059e-17
     6.002  8.432e-18
        10  5.456e-18
        14  3.801e-18
        18   3.07e-18
     22.01   2.54e-18
     26.01  2.084e-18
     30.01  1.973e-18
     34.01  1.984e-18
     38.01  1.657e-18
     42.01  1.441e-18
     46.01  1.521e-18
     50.01  1.343e-18
     54.01  1.232e-18
     58.02  1.285e-18
     62.02  1.713e-18
     66.02  1.772e-18
     70.02   1.64e-18
     74.02  1.561e-18
     78.02  1.622e-18
     82.02   7.88e-19
     86.02  9.835e-19
     90.02  7.067e-19
     94.03  5.774e-19
     98.03  6.115e-19
       102  6.052e-19
       106  6.091e-19
       110  6.999e-19
       114  5.592e-19
       118  4.688e-19
       122  4.641e-19
       126  4.199e-19
       130  3.827e-19
       134  4.259e-19
       138  3.522e-19
       142  3.224e-19
       146  3.144e-19
       150  2.571e-19
       154  2.332e-19
       158   2.27e-19
       162  2.407e-19
       166  2.251e-19
       170  2.279e-19
       174  2.156e-19
       178  2.067e-19
     182.1  2.064e-19
     186.1  2.358e-19
     190.1  2.137e-19
     194.1  2.584e-19
     198.1  1.734e-19
     202.1  1.723e-19
     206.1  1.281e-19
     210.1  1.298e-19
     214.1  1.166e-19
     218.1  1.253e-19
     222.1  1.145e-19
     226.1   1.06e-19
     230.1  1.168e-19
     234.1  1.107e-19
     238.1  1.014e-19
     242.1   9.98e-20
     246.1  1.005e-19
     250.1  1.073e-19
     254.1  9.241e-20
     258.1  8.053e-20
     262.1  7.271e-20
     266.1  7.685e-20
     270.1  7.496e-20
     274.1  7.748e-20
     278.1  6.164e-20
     282.1  7.124e-20
     286.1  6.324e-20
     290.1   6.28e-20
     294.1  6.058e-20
     298.1  5.137e-20
     302.1  4.337e-20
     306.1  4.336e-20
     310.1   4.11e-20
     314.1  4.197e-20
     318.1  2.673e-20
     322.1  3.234e-20
     326.1  5.624e-20
     330.1  3.814e-20
     334.1  4.414e-20
     338.1  3.832e-20
     342.1  3.969e-20
     346.1  2.492e-20
     350.1  1.018e-20
