     2.001      20.45
     6.002       20.7
        10      21.17
        14      21.57
        18       21.8
     22.01         22
     26.01      22.22
     30.01      22.28
     34.01      22.27
     38.01      22.47
     42.01      22.62
     46.01      22.56
     50.01       22.7
     54.01      22.79
     58.02      22.74
     62.02      22.43
     66.02      22.39
     70.02      22.48
     74.02      22.53
     78.02      22.49
     82.02      23.27
     86.02      23.03
     90.02      23.39
     94.03      23.61
     98.03      23.55
       102      23.56
       106      23.55
       110       23.4
       114      23.65
       118      23.84
       122      23.85
       126      23.96
       130      24.06
       134      23.94
       138      24.15
       142      24.25
       146      24.27
       150      24.49
       154       24.6
       158      24.63
       162      24.56
       166      24.64
       170      24.62
       174      24.68
       178      24.73
     182.1      24.73
     186.1      24.58
     190.1      24.69
     194.1      24.49
     198.1      24.92
     202.1      24.93
     206.1      25.25
     210.1      25.23
     214.1      25.35
     218.1      25.27
     222.1      25.37
     226.1      25.45
     230.1      25.35
     234.1      25.41
     238.1       25.5
     242.1      25.52
     246.1      25.51
     250.1      25.44
     254.1       25.6
     258.1      25.75
     262.1      25.86
     266.1       25.8
     270.1      25.83
     274.1      25.79
     278.1      26.04
     282.1      25.88
     286.1      26.01
     290.1      26.02
     294.1      26.06
     298.1      26.24
     302.1      26.42
     306.1      26.42
     310.1      26.48
     314.1      26.46
     318.1      26.95
     322.1      26.74
     326.1      26.14
     330.1      26.56
     334.1       26.4
     338.1      26.56
     342.1      26.52
     346.1      27.02
     350.1         28
