     6.002  3.636e+08
        10  2.243e+08
        14  1.537e+08
        18  1.246e+08
     22.01  9.614e+07
     26.01  7.179e+07
     30.01  6.091e+07
     34.01  4.956e+07
     38.01  4.197e+07
     42.01  3.581e+07
     46.01  3.321e+07
     50.01  2.719e+07
     54.01  2.469e+07
     58.02  2.261e+07
     62.02  1.777e+07
     66.02  1.691e+07
     70.02  1.548e+07
     74.02  1.482e+07
     78.02  1.231e+07
     82.02  1.147e+07
     86.02   9.59e+06
     90.02  9.674e+06
     94.03  7.913e+06
     98.03  7.536e+06
       102  6.753e+06
       106  5.553e+06
       110      5e+06
       114  4.904e+06
       118   4.36e+06
       122  4.323e+06
       126  3.765e+06
       130  3.221e+06
       134  3.701e+06
       138  3.645e+06
       142  2.837e+06
       146  3.257e+06
       150  2.633e+06
       154   2.94e+06
       158  2.803e+06
       162  2.456e+06
       166  2.351e+06
       170   2.38e+06
       174  2.441e+06
       178  2.719e+06
     182.1  2.417e+06
     186.1   2.85e+06
     190.1  2.686e+06
     194.1  2.303e+06
     198.1  2.176e+06
     202.1  2.313e+06
     206.1  1.886e+06
     210.1  1.634e+06
     214.1   1.39e+06
     218.1  1.436e+06
     222.1  1.119e+06
     226.1  9.821e+05
     230.1  1.253e+06
     234.1  8.853e+05
     238.1  8.653e+05
     242.1   8.32e+05
     246.1  6.367e+05
     250.1   8.07e+05
     254.1  5.448e+05
     258.1  4.277e+05
     262.1  4.948e+05
     266.1  3.088e+05
     270.1  3.745e+05
     274.1  2.654e+05
     278.1  2.423e+05
     282.1  2.427e+05
     286.1  2.145e+05
     290.1  1.831e+05
     294.1   1.59e+05
     298.1  1.761e+05
     302.1  1.327e+05
     306.1  9.533e+04
     310.1   9.83e+04
     314.1  1.331e+05
     318.1    9.6e+04
     322.1  7.231e+04
     326.1  6.541e+04
     330.1  7.724e+04
     334.1  4.717e+04
     338.1  5.833e+04
     342.1  2.352e+04
     346.1  1.708e+04
     350.1       8360
