     2.001  1.258e+10
     6.002  6.744e+10
        10  1.239e+11
        14  1.779e+11
        18  2.343e+11
     22.01  2.875e+11
     26.01  3.345e+11
     30.01  3.804e+11
     34.01  4.228e+11
     38.01  4.629e+11
     42.01  5.007e+11
     46.01  5.391e+11
     50.01  5.733e+11
     54.01  6.069e+11
     58.02  6.398e+11
     62.02  6.675e+11
     66.02  6.956e+11
     70.02  7.229e+11
     74.02  7.504e+11
     78.02  7.746e+11
     82.02  7.982e+11
     86.02   8.19e+11
     90.02  8.409e+11
     94.03  8.596e+11
     98.03  8.782e+11
       102  8.955e+11
       106  9.103e+11
       110  9.241e+11
       114  9.382e+11
       118  9.511e+11
       122  9.644e+11
       126  9.763e+11
       130  9.868e+11
       134  9.993e+11
       138  1.012e+12
       142  1.022e+12
       146  1.034e+12
       150  1.044e+12
       154  1.055e+12
       158  1.066e+12
       162  1.077e+12
       166  1.086e+12
       170  1.096e+12
       174  1.107e+12
       178  1.119e+12
     182.1   1.13e+12
     186.1  1.144e+12
     190.1  1.157e+12
     194.1  1.168e+12
     198.1  1.179e+12
     202.1   1.19e+12
     206.1    1.2e+12
     210.1  1.209e+12
     214.1  1.216e+12
     218.1  1.224e+12
     222.1   1.23e+12
     226.1  1.236e+12
     230.1  1.243e+12
     234.1  1.248e+12
     238.1  1.254e+12
     242.1  1.259e+12
     246.1  1.263e+12
     250.1  1.268e+12
     254.1  1.271e+12
     258.1  1.274e+12
     262.1  1.277e+12
     266.1  1.279e+12
     270.1  1.282e+12
     274.1  1.284e+12
     278.1  1.285e+12
     282.1  1.287e+12
     286.1  1.289e+12
     290.1   1.29e+12
     294.1  1.291e+12
     298.1  1.292e+12
     302.1  1.293e+12
     306.1  1.294e+12
     310.1  1.295e+12
     314.1  1.296e+12
     318.1  1.297e+12
     322.1  1.297e+12
     326.1  1.298e+12
     330.1  1.299e+12
     334.1  1.299e+12
     338.1  1.299e+12
     342.1    1.3e+12
     346.1    1.3e+12
     350.1    1.3e+12
