     2.001  7.026e-18
     6.002   4.28e-18
        10  2.576e-18
        14  1.989e-18
        18  1.487e-18
     22.01  1.151e-18
     26.01  9.096e-19
     30.01   7.45e-19
     34.01  6.245e-19
     38.01  5.633e-19
     42.01  5.669e-19
     46.01   4.39e-19
     50.01  4.422e-19
     54.01  4.028e-19
     58.02  3.193e-19
     62.02  2.585e-19
     66.02  2.636e-19
     70.02  4.307e-19
     74.02  2.923e-19
     78.02  1.559e-19
     82.02  1.553e-19
     86.02  1.315e-19
     90.02  1.181e-19
     94.03  1.113e-19
     98.03  1.015e-19
       102  8.401e-20
       106  9.813e-20
       110  7.136e-20
       114  6.995e-20
       118  5.856e-20
       122  5.513e-20
       126  5.057e-20
       130  4.839e-20
       134  5.119e-20
       138  4.435e-20
       142  4.576e-20
       146  3.938e-20
       150  3.849e-20
       154  3.911e-20
       158  3.682e-20
       162  3.246e-20
       166  3.186e-20
       170   3.21e-20
       174  3.583e-20
       178  3.506e-20
     182.1  3.432e-20
     186.1  3.704e-20
     190.1  3.115e-20
     194.1  3.035e-20
     198.1  3.111e-20
     202.1  2.735e-20
     206.1   2.21e-20
     210.1   2.39e-20
     214.1  1.811e-20
     218.1  1.728e-20
     222.1  1.449e-20
     226.1  1.733e-20
     230.1  2.047e-20
     234.1  1.699e-20
     238.1  1.371e-20
     242.1  1.069e-20
     246.1  1.105e-20
     250.1  1.404e-20
     254.1  9.371e-21
     258.1  8.682e-21
     262.1  8.563e-21
     266.1  7.343e-21
     270.1  8.469e-21
     274.1  7.514e-21
     278.1  8.254e-21
     282.1  8.685e-21
     286.1  7.613e-21
     290.1  6.549e-21
     294.1  6.494e-21
     298.1  8.939e-21
     302.1  6.388e-21
     306.1  5.986e-21
     310.1  8.596e-21
     314.1  8.394e-21
     318.1  8.625e-21
     322.1  6.002e-21
     326.1  8.784e-21
     330.1  6.206e-21
     334.1  9.953e-21
     338.1  1.062e-20
     342.1  3.756e-21
     346.1  7.062e-21
     350.1  1.495e-20
