     2.001       20.9
     6.002      21.44
        10      21.99
        14      22.27
        18      22.59
     22.01      22.86
     26.01      23.12
     30.01      23.34
     34.01      23.53
     38.01      23.64
     42.01      23.63
     46.01      23.91
     50.01       23.9
     54.01         24
     58.02      24.26
     62.02      24.48
     66.02      24.46
     70.02      23.93
     74.02      24.35
     78.02      25.03
     82.02      25.04
     86.02      25.22
     90.02      25.34
     94.03       25.4
     98.03       25.5
       102      25.71
       106      25.54
       110      25.88
       114       25.9
       118       26.1
       122      26.16
       126      26.26
       130       26.3
       134      26.24
       138       26.4
       142      26.36
       146      26.53
       150      26.55
       154      26.54
       158       26.6
       162      26.74
       166      26.76
       170      26.75
       174      26.63
       178      26.65
     182.1      26.68
     186.1      26.59
     190.1      26.78
     194.1      26.81
     198.1      26.78
     202.1      26.92
     206.1      27.16
     210.1      27.07
     214.1      27.37
     218.1      27.42
     222.1      27.61
     226.1      27.42
     230.1      27.24
     234.1      27.44
     238.1      27.67
     242.1      27.94
     246.1      27.91
     250.1      27.65
     254.1      28.09
     258.1      28.17
     262.1      28.18
     266.1      28.35
     270.1       28.2
     274.1      28.33
     278.1      28.22
     282.1      28.17
     286.1      28.31
     290.1      28.48
     294.1      28.48
     298.1      28.14
     302.1       28.5
     306.1      28.57
     310.1      28.18
     314.1      28.21
     318.1      28.18
     322.1      28.57
     326.1      28.16
     330.1      28.53
     334.1      28.02
     338.1      27.95
     342.1      29.08
     346.1      28.39
     350.1      27.58
