     6.002  3.592e+08
        10  3.726e+08
        14  3.204e+08
        18  2.676e+08
     22.01  2.194e+08
     26.01  1.852e+08
     30.01  1.656e+08
     34.01  1.338e+08
     38.01   1.22e+08
     42.01  1.097e+08
     46.01   1.02e+08
     50.01  9.476e+07
     54.01  8.507e+07
     58.02  7.044e+07
     62.02  6.597e+07
     66.02  6.078e+07
     70.02  5.798e+07
     74.02  5.152e+07
     78.02  4.905e+07
     82.02  4.626e+07
     86.02  4.413e+07
     90.02  4.441e+07
     94.03  4.518e+07
     98.03  4.462e+07
       102  3.908e+07
       106  3.606e+07
       110  3.519e+07
       114  3.425e+07
       118  3.257e+07
       122  3.103e+07
       126  2.704e+07
       130  2.537e+07
       134  2.487e+07
       138  2.502e+07
       142  2.523e+07
       146  2.391e+07
       150  2.121e+07
       154  2.062e+07
       158  2.078e+07
       162  1.884e+07
       166  1.906e+07
       170  1.914e+07
       174  1.868e+07
       178  1.782e+07
     182.1  1.654e+07
     186.1  1.578e+07
     190.1  1.581e+07
     194.1  1.475e+07
     198.1    1.4e+07
     202.1  1.392e+07
     206.1  1.356e+07
     210.1  1.346e+07
     214.1  1.244e+07
     218.1  1.154e+07
     222.1  1.204e+07
     226.1  1.138e+07
     230.1  1.133e+07
     234.1  1.181e+07
     238.1  1.205e+07
     242.1  1.106e+07
     246.1  1.004e+07
     250.1  9.712e+06
     254.1  7.648e+06
     258.1  6.068e+06
     262.1  5.479e+06
     266.1  4.327e+06
     270.1  3.448e+06
     274.1  3.251e+06
     278.1  2.714e+06
     282.1  2.407e+06
     286.1  2.057e+06
     290.1  1.857e+06
     294.1  1.553e+06
     298.1  1.414e+06
     302.1  1.159e+06
     306.1  1.016e+06
     310.1  8.862e+05
     314.1  7.546e+05
     318.1  6.489e+05
     322.1  5.313e+05
     326.1  4.942e+05
     330.1  4.767e+05
     334.1  3.562e+05
     338.1  2.758e+05
     342.1  2.088e+05
     346.1  1.376e+05
     350.1  8.184e+04
