     2.001  7.554e-18
     6.002  7.088e-18
        10  6.381e-18
        14  6.596e-18
        18  5.324e-18
     22.01  4.279e-18
     26.01  4.179e-18
     30.01  4.157e-18
     34.01  3.157e-18
     38.01   2.92e-18
     42.01  2.933e-18
     46.01  2.238e-18
     50.01  1.934e-18
     54.01  1.609e-18
     58.02  1.367e-18
     62.02  1.291e-18
     66.02  1.352e-18
     70.02  1.135e-18
     74.02  1.085e-18
     78.02   9.38e-19
     82.02  8.956e-19
     86.02  8.685e-19
     90.02  8.776e-19
     94.03  8.643e-19
     98.03  7.854e-19
       102  6.993e-19
       106  6.415e-19
       110    6.5e-19
       114  6.485e-19
       118  5.895e-19
       122  5.386e-19
       126  4.971e-19
       130  4.531e-19
       134  4.644e-19
       138  4.902e-19
       142  4.597e-19
       146  4.072e-19
       150  3.863e-19
       154  4.054e-19
       158  3.715e-19
       162  4.051e-19
       166  4.115e-19
       170  3.677e-19
       174   3.46e-19
       178  3.168e-19
     182.1  2.955e-19
     186.1  2.868e-19
     190.1  2.928e-19
     194.1  2.942e-19
     198.1  2.864e-19
     202.1  2.596e-19
     206.1  2.412e-19
     210.1  2.607e-19
     214.1  2.203e-19
     218.1  2.226e-19
     222.1  2.065e-19
     226.1  2.063e-19
     230.1   2.13e-19
     234.1  2.278e-19
     238.1  1.976e-19
     242.1  1.958e-19
     246.1   2.03e-19
     250.1   2.25e-19
     254.1  1.826e-19
     258.1  1.636e-19
     262.1  1.548e-19
     266.1  1.448e-19
     270.1  1.193e-19
     274.1  1.461e-19
     278.1  1.187e-19
     282.1   1.21e-19
     286.1  1.085e-19
     290.1  1.031e-19
     294.1  1.044e-19
     298.1  9.586e-20
     302.1  1.028e-19
     306.1  8.445e-20
     310.1  9.289e-20
     314.1  8.895e-20
     318.1  7.941e-20
     322.1  7.427e-20
     326.1  9.504e-20
     330.1   8.71e-20
     334.1  7.549e-20
     338.1   9.48e-20
     342.1  8.391e-20
     346.1  6.597e-20
     350.1  1.019e-19
