     6.003  5.718e+08
        10  3.185e+08
     14.01   1.79e+08
     18.01  1.243e+08
     22.01  8.785e+07
     26.01  6.969e+07
     30.01  5.631e+07
     34.01  4.597e+07
     38.02  4.037e+07
     42.02  3.573e+07
     46.02  2.763e+07
     50.02  2.253e+07
     54.02  1.914e+07
     58.03  1.562e+07
     62.03  1.397e+07
     66.03  9.779e+06
     70.03  8.686e+06
     74.03  7.839e+06
     78.03  7.479e+06
     82.04  6.015e+06
     86.04  5.437e+06
     90.04  5.177e+06
     94.04  4.369e+06
     98.04  4.344e+06
       102   4.97e+06
       106  3.531e+06
       110  4.152e+06
       114   3.44e+06
     118.1  3.349e+06
     122.1  3.701e+06
     126.1  3.905e+06
     130.1  3.077e+06
     134.1  2.321e+06
     138.1  2.467e+06
     142.1  2.561e+06
     146.1  2.649e+06
     150.1    2.2e+06
     154.1  2.284e+06
     158.1  2.055e+06
     162.1  1.608e+06
     166.1  1.761e+06
     170.1  1.454e+06
     174.1  1.636e+06
     178.1  1.694e+06
     182.1  1.856e+06
     186.1  1.357e+06
     190.1  1.425e+06
     194.1  1.138e+06
     198.1  1.212e+06
     202.1  1.248e+06
     206.1  1.173e+06
     210.1  1.032e+06
     214.1  1.178e+06
     218.1   9.93e+05
     222.1  1.022e+06
     226.1  1.042e+06
     230.1  1.085e+06
     234.1  1.288e+06
     238.1  9.167e+05
     242.1  1.007e+06
     246.1  9.008e+05
     250.1  9.338e+05
     254.1  6.712e+05
     258.1  6.556e+05
     262.1   6.01e+05
     266.1  4.599e+05
     270.1  5.348e+05
     274.1  4.177e+05
     278.1  4.106e+05
     282.1  3.683e+05
     286.1  3.115e+05
     290.1  3.785e+05
     294.1  3.356e+05
     298.1  2.745e+05
     302.1    2.4e+05
     306.1  2.098e+05
     310.1  1.495e+05
     314.1  1.228e+05
     318.1  1.309e+05
     322.1  8.437e+04
     326.1  1.074e+05
     330.1   6.85e+04
     334.1  7.108e+04
     338.1  5.522e+04
     342.1  2.403e+04
     346.2  2.097e+04
     350.2       8636
