     2.001  1.993e+10
     6.003  1.062e+11
        10  1.864e+11
     14.01  2.494e+11
     18.01  3.057e+11
     22.01  3.543e+11
     26.01  3.999e+11
     30.01  4.424e+11
     34.01  4.817e+11
     38.02  5.203e+11
     42.02   5.58e+11
     46.02    5.9e+11
     50.02  6.183e+11
     54.02  6.443e+11
     58.03  6.671e+11
     62.03  6.889e+11
     66.03  7.051e+11
     70.03  7.204e+11
     74.03   7.35e+11
     78.03  7.497e+11
     82.04  7.621e+11
     86.04  7.739e+11
     90.04  7.856e+11
     94.04  7.959e+11
     98.04  8.066e+11
       102  8.194e+11
       106  8.288e+11
       110  8.403e+11
       114  8.501e+11
     118.1  8.601e+11
     122.1  8.714e+11
     126.1  8.838e+11
     130.1  8.939e+11
     134.1  9.017e+11
     138.1  9.103e+11
     142.1  9.194e+11
     146.1  9.292e+11
     150.1  9.375e+11
     154.1  9.463e+11
     158.1  9.545e+11
     162.1   9.61e+11
     166.1  9.684e+11
     170.1  9.746e+11
     174.1  9.817e+11
     178.1  9.893e+11
     182.1  9.978e+11
     186.1  1.004e+12
     190.1  1.011e+12
     194.1  1.017e+12
     198.1  1.023e+12
     202.1  1.029e+12
     206.1  1.035e+12
     210.1   1.04e+12
     214.1  1.047e+12
     218.1  1.052e+12
     222.1  1.058e+12
     226.1  1.064e+12
     230.1   1.07e+12
     234.1  1.078e+12
     238.1  1.083e+12
     242.1  1.089e+12
     246.1  1.095e+12
     250.1  1.101e+12
     254.1  1.105e+12
     258.1  1.109e+12
     262.1  1.113e+12
     266.1  1.116e+12
     270.1   1.12e+12
     274.1  1.123e+12
     278.1  1.126e+12
     282.1  1.128e+12
     286.1  1.131e+12
     290.1  1.133e+12
     294.1  1.136e+12
     298.1  1.138e+12
     302.1   1.14e+12
     306.1  1.141e+12
     310.1  1.143e+12
     314.1  1.143e+12
     318.1  1.145e+12
     322.1  1.145e+12
     326.1  1.146e+12
     330.1  1.147e+12
     334.1  1.147e+12
     338.1  1.148e+12
     342.1  1.148e+12
     346.2  1.148e+12
     350.2  1.148e+12
