     2.001      18.34
     6.003      20.45
        10      21.25
     14.01      21.33
     18.01      21.36
     22.01      21.44
     26.01      21.44
     30.01      21.51
     34.01      21.62
     38.02      21.59
     42.02      21.69
     46.02      21.79
     50.02      21.81
     54.02      21.97
     58.03      22.19
     62.03       22.3
     66.03      22.11
     70.03      22.23
     74.03      22.23
     78.03      22.21
     82.04       22.1
     86.04      22.13
     90.04      22.51
     94.04       22.5
     98.04      22.71
       102      22.83
       106      22.86
       110      23.04
       114      23.04
     118.1      23.07
     122.1      22.81
     126.1      22.82
     130.1       23.2
     134.1      23.48
     138.1      23.75
     142.1      23.84
     146.1      23.82
     150.1      23.92
     154.1      24.25
     158.1      24.29
     162.1      23.84
     166.1      24.03
     170.1      24.29
     174.1      24.56
     178.1      24.54
     182.1      24.62
     186.1      24.68
     190.1      24.71
     194.1      25.02
     198.1      25.23
     202.1      25.34
     206.1      25.35
     210.1       25.6
     214.1      25.85
     218.1      25.73
     222.1      25.98
     226.1      25.81
     230.1      25.88
     234.1      25.78
     238.1      26.29
     242.1      26.84
     246.1      26.92
     250.1      27.17
     254.1      26.84
     258.1      26.83
     262.1      27.03
     266.1      27.15
     270.1      27.56
     274.1      27.96
     278.1      28.23
     282.1      27.56
     286.1      29.25
     290.1      34.59
     294.1      32.73
     298.1      29.06
     302.1      31.09
     306.1      35.52
     310.1      29.02
     314.1      28.53
     318.1      28.61
     322.1      32.01
     326.1      35.52
     330.1      33.25
     334.1      27.95
     338.1      32.17
     342.1      28.19
     346.2      29.51
     350.2      35.52
