     6.054  4.549e+08
     10.09  1.994e+08
     14.13  9.633e+07
     18.16  6.918e+07
      22.2  5.162e+07
     26.23  3.604e+07
     30.27  3.484e+07
     34.31  1.853e+07
     38.34  9.775e+06
     42.38  5.665e+06
     46.41  5.338e+06
     50.45  4.842e+06
     54.48  3.552e+06
     58.52  3.509e+06
     62.56  3.645e+06
     66.59  3.423e+06
     70.63  2.094e+06
     74.66  1.801e+06
      78.7  1.644e+06
     82.74  1.565e+06
     86.77  1.227e+06
     90.81  1.442e+06
     94.84  1.488e+06
     98.88  1.353e+06
     102.9  1.255e+06
       107  1.215e+06
       111  1.751e+06
       115  1.876e+06
     119.1  1.791e+06
     123.1   1.67e+06
     127.1  1.462e+06
     131.2  1.197e+06
     135.2  1.017e+06
     139.2  6.221e+05
     143.3  7.885e+05
     147.3  9.453e+05
     151.3   7.82e+05
     155.4  6.123e+05
     159.4  5.808e+05
     163.5   4.03e+05
     167.5  2.608e+05
     171.5  2.005e+05
     175.6  1.524e+05
     179.6  2.297e+05
     183.6  1.849e+05
     187.7  1.582e+05
     191.7  1.339e+05
     195.7  2.228e+05
     199.8    4.5e+05
     203.8  2.931e+05
     207.8  7.533e+04
     211.9  2.019e+05
     215.9  1.186e+05
       220  1.224e+05
       224  6.137e+04
       228       7593
     232.1  6.379e+04
     236.1  2.867e+04
     240.1  1.969e+04
     244.2       6697
     248.2  1.192e+04
     252.2  3.765e+04
     256.3  1.175e+04
     260.3  2.898e+04
     264.4  1.781e+04
     268.4       5516
     272.4       5512
     276.5  2.359e+04
     280.5  2.751e+04
     284.5  2.219e+04
     288.6       5583
     292.6          0
     296.6          0
     300.7          0
     304.7          0
     308.7          0
     312.8          0
     316.8          0
     320.9          0
     324.9          0
     328.9          0
       333          0
       337          0
       341          0
     345.1          0
     349.1          0
