     2.018  5.806e+10
     6.054  1.279e+11
     10.09  1.789e+11
     14.13  2.134e+11
     18.16  2.453e+11
      22.2  2.743e+11
     26.23  2.983e+11
     30.27  3.251e+11
     34.31  3.412e+11
     38.34  3.507e+11
     42.38  3.568e+11
     46.41  3.631e+11
     50.45  3.693e+11
     54.48  3.742e+11
     58.52  3.794e+11
     62.56  3.852e+11
     66.59  3.909e+11
     70.63  3.947e+11
     74.66  3.981e+11
      78.7  4.014e+11
     82.74  4.047e+11
     86.77  4.074e+11
     90.81  4.107e+11
     94.84  4.143e+11
     98.88  4.176e+11
     102.9  4.209e+11
       107  4.242e+11
       111  4.291e+11
       115  4.346e+11
     119.1    4.4e+11
     123.1  4.452e+11
     127.1  4.499e+11
     131.2  4.539e+11
     135.2  4.574e+11
     139.2  4.596e+11
     143.3  4.625e+11
     147.3   4.66e+11
     151.3   4.69e+11
     155.4  4.714e+11
     159.4  4.738e+11
     163.5  4.754e+11
     167.5  4.765e+11
     171.5  4.774e+11
     175.6  4.781e+11
     179.6  4.791e+11
     183.6    4.8e+11
     187.7  4.808e+11
     191.7  4.814e+11
     195.7  4.825e+11
     199.8  4.848e+11
     203.8  4.863e+11
     207.8  4.867e+11
     211.9  4.878e+11
     215.9  4.884e+11
       220  4.891e+11
       224  4.895e+11
       228  4.895e+11
     232.1  4.899e+11
     236.1  4.901e+11
     240.1  4.902e+11
     244.2  4.902e+11
     248.2  4.903e+11
     252.2  4.905e+11
     256.3  4.906e+11
     260.3  4.908e+11
     264.4  4.909e+11
     268.4   4.91e+11
     272.4   4.91e+11
     276.5  4.912e+11
     280.5  4.914e+11
     284.5  4.915e+11
     288.6  4.916e+11
     292.6  4.916e+11
     296.6  4.916e+11
     300.7  4.916e+11
     304.7  4.916e+11
     308.7  4.916e+11
     312.8  4.916e+11
     316.8  4.916e+11
     320.9  4.916e+11
     324.9  4.916e+11
     328.9  4.916e+11
       333  4.916e+11
       337  4.916e+11
       341  4.916e+11
     345.1  4.916e+11
     349.1  4.916e+11
