     2.018  1.696e-16
     6.054  3.743e-17
     10.09   1.75e-17
     14.13  1.121e-17
     18.16   8.85e-18
      22.2  6.557e-18
     26.23  5.937e-18
     30.27  5.779e-18
     34.31  3.589e-18
     38.34  1.764e-18
     42.38  9.931e-19
     46.41  1.423e-18
     50.45  9.143e-19
     54.48  7.831e-19
     58.52  1.122e-18
     62.56  8.833e-19
     66.59  1.077e-18
     70.63  6.222e-19
     74.66  4.997e-19
      78.7  7.039e-19
     82.74  6.588e-19
     86.77  4.884e-19
     90.81    2.9e-19
     94.84  3.291e-19
     98.88  3.395e-19
     102.9  2.121e-19
       107   2.96e-19
       111  7.933e-19
       115  3.673e-19
     119.1  3.494e-19
     123.1  3.269e-19
     127.1  3.293e-19
     131.2  2.778e-19
     135.2  2.146e-19
     139.2  1.397e-19
     143.3  1.853e-19
     147.3  2.129e-19
     151.3  1.369e-19
     155.4  1.098e-19
     159.4  9.453e-20
     163.5  6.182e-20
     167.5  4.356e-20
     171.5  3.502e-20
     175.6  4.302e-20
     179.6  3.306e-20
     183.6  3.173e-20
     187.7  2.626e-20
     191.7  3.091e-20
     195.7  6.518e-20
     199.8  9.593e-20
     203.8  3.921e-20
     207.8  2.503e-20
     211.9  2.637e-20
     215.9  1.862e-20
       220  1.518e-20
       224  6.477e-21
       228  1.409e-20
     232.1  2.108e-20
     236.1  6.768e-21
     240.1  1.493e-21
     244.2  3.392e-21
     248.2  5.105e-21
     252.2  7.199e-21
     256.3  5.448e-21
     260.3  3.942e-21
     264.4  5.221e-21
     268.4  7.284e-22
     272.4  1.081e-20
     276.5  1.502e-20
     280.5  1.329e-20
     284.5  4.126e-21
     288.6  3.244e-21
     292.6      1e-23
     296.6      1e-23
     300.7      1e-23
     304.7      1e-23
     308.7      1e-23
     312.8      1e-23
     316.8      1e-23
     320.9      1e-23
     324.9      1e-23
     328.9      1e-23
       333      1e-23
       337      1e-23
       341      1e-23
     345.1      1e-23
     349.1      1e-23
