     2.018      17.44
     6.054      19.08
     10.09      19.91
     14.13      20.39
     18.16      20.65
      22.2      20.97
     26.23      21.08
     30.27      21.11
     34.31      21.63
     38.34       22.4
     42.38      23.02
     46.41      22.63
     50.45      23.11
     54.48      23.28
     58.52      22.89
     62.56      23.15
     66.59      22.94
     70.63      23.53
     74.66      23.77
      78.7       23.4
     82.74      23.47
     86.77      23.79
     90.81      24.36
     94.84      24.22
     98.88      24.19
     102.9       24.7
       107      24.34
       111      23.27
       115       24.1
     119.1      24.16
     123.1      24.23
     127.1      24.22
     131.2      24.41
     135.2      24.69
     139.2      25.15
     143.3      24.85
     147.3       24.7
     151.3      25.18
     155.4      25.41
     159.4      25.58
     163.5      26.04
     167.5      26.42
     171.5      26.66
     175.6      26.43
     179.6      26.72
     183.6      26.76
     187.7      26.97
     191.7      26.79
     195.7      25.98
     199.8      25.56
     203.8      26.53
     207.8      27.02
     211.9      26.96
     215.9      27.34
       220      27.56
       224      28.49
       228      27.64
     232.1      27.21
     236.1      28.44
     240.1      30.08
     244.2      29.19
     248.2      28.75
     252.2      28.37
     256.3      28.68
     260.3      29.03
     264.4      28.72
     268.4      30.86
     272.4      27.93
     276.5      27.57
     280.5      27.71
     284.5      28.98
     288.6      29.24
     292.6      35.52
     296.6      35.52
     300.7      35.52
     304.7      35.52
     308.7      35.52
     312.8      35.52
     316.8      35.52
     320.9      35.52
     324.9      35.52
     328.9      35.52
       333      35.52
       337      35.52
       341      35.52
     345.1      35.52
     349.1      35.52
