     6.062  4.701e+08
      10.1  1.594e+08
     14.15  7.179e+07
     18.19  4.627e+07
     22.23  2.586e+07
     26.27   1.77e+07
     30.31  1.533e+07
     34.35  1.502e+07
      38.4  1.222e+07
     42.44  1.096e+07
     46.48  8.021e+06
     50.52   4.69e+06
     54.56  3.563e+06
      58.6  2.503e+06
     62.64  3.244e+06
     66.69  1.666e+06
     70.73  1.561e+06
     74.77  1.308e+06
     78.81  1.154e+06
     82.85  1.711e+06
     86.89  1.233e+06
     90.94  1.088e+06
     94.98   6.87e+05
     99.02  8.402e+05
     103.1  1.056e+06
     107.1  1.608e+06
     111.1  1.131e+06
     115.2  1.351e+06
     119.2  7.544e+05
     123.3  4.418e+05
     127.3  2.946e+05
     131.4  1.571e+05
     135.4  1.239e+05
     139.4  1.999e+05
     143.5  9.459e+04
     147.5  2.552e+05
     151.6  6.215e+04
     155.6  6.931e+04
     159.6  8.751e+04
     163.7   4.67e+04
     167.7  6.412e+04
     171.8  4.393e+04
     175.8   9.69e+04
     179.9  1.076e+05
     183.9  8.205e+04
     187.9  3.907e+04
       192  4.728e+04
       196          0
     200.1  3.094e+04
     204.1  3.024e+04
     208.1  4.318e+04
     212.2  2.106e+04
     216.2  4.182e+04
     220.3  5.417e+04
     224.3    3.3e+04
     228.3  5.183e+04
     232.4  6.405e+04
     236.4  3.166e+04
     240.5   3.75e+04
     244.5  1.859e+04
     248.6  3.662e+04
     252.6  2.372e+04
     256.6  1.212e+04
     260.7  1.713e+04
     264.7   1.67e+04
     268.8  3.331e+04
     272.8       5711
     276.8  2.185e+04
     280.9          0
     284.9       5363
       289          0
       293          0
     297.1          0
     301.1          0
     305.1          0
     309.2          0
     313.2          0
     317.3          0
     321.3          0
     325.3          0
     329.4          0
     333.4          0
     337.5          0
     341.5          0
     345.6          0
     349.6          0
