     2.021  7.247e+10
     6.062  1.448e+11
      10.1  1.858e+11
     14.15  2.115e+11
     18.19  2.329e+11
     22.23  2.475e+11
     26.27  2.593e+11
     30.31  2.711e+11
     34.35  2.842e+11
      38.4  2.961e+11
     42.44  3.079e+11
     46.48  3.174e+11
     50.52  3.234e+11
     54.56  3.284e+11
      58.6  3.321e+11
     62.64  3.372e+11
     66.69  3.401e+11
     70.73  3.429e+11
     74.77  3.454e+11
     78.81  3.477e+11
     82.85  3.513e+11
     86.89   3.54e+11
     90.94  3.565e+11
     94.98  3.582e+11
     99.02  3.603e+11
     103.1   3.63e+11
     107.1  3.674e+11
     111.1  3.706e+11
     115.2  3.746e+11
     119.2  3.768e+11
     123.3  3.782e+11
     127.3  3.792e+11
     131.4  3.797e+11
     135.4  3.801e+11
     139.4  3.808e+11
     143.5  3.812e+11
     147.5  3.821e+11
     151.6  3.824e+11
     155.6  3.826e+11
     159.6   3.83e+11
     163.7  3.832e+11
     167.7  3.835e+11
     171.8  3.837e+11
     175.8  3.841e+11
     179.9  3.846e+11
     183.9   3.85e+11
     187.9  3.852e+11
       192  3.854e+11
       196  3.854e+11
     200.1  3.855e+11
     204.1  3.857e+11
     208.1  3.859e+11
     212.2   3.86e+11
     216.2  3.863e+11
     220.3  3.866e+11
     224.3  3.868e+11
     228.3  3.871e+11
     232.4  3.874e+11
     236.4  3.876e+11
     240.5  3.879e+11
     244.5   3.88e+11
     248.6  3.882e+11
     252.6  3.884e+11
     256.6  3.884e+11
     260.7  3.885e+11
     264.7  3.887e+11
     268.8  3.889e+11
     272.8  3.889e+11
     276.8  3.891e+11
     280.9  3.891e+11
     284.9  3.891e+11
       289  3.891e+11
       293  3.891e+11
     297.1  3.891e+11
     301.1  3.891e+11
     305.1  3.891e+11
     309.2  3.891e+11
     313.2  3.891e+11
     317.3  3.891e+11
     321.3  3.891e+11
     325.3  3.891e+11
     329.4  3.891e+11
     333.4  3.891e+11
     337.5  3.891e+11
     341.5  3.891e+11
     345.6  3.891e+11
     349.6  3.891e+11
