     2.021  2.101e-16
     6.062  3.391e-17
      10.1  1.446e-17
     14.15  7.622e-18
     18.19  5.092e-18
     22.23  3.632e-18
     26.27  2.897e-18
     30.31  3.662e-18
     34.35  2.781e-18
      38.4  2.536e-18
     42.44  3.104e-18
     46.48  1.327e-18
     50.52  1.072e-18
     54.56   1.05e-18
      58.6  7.972e-19
     62.64  6.398e-19
     66.69  4.062e-19
     70.73  2.164e-19
     74.77  1.683e-19
     78.81  2.043e-19
     82.85  2.565e-19
     86.89  1.988e-19
     90.94  2.588e-19
     94.98  1.159e-19
     99.02  1.208e-19
     103.1  1.696e-19
     107.1  2.019e-19
     111.1  2.022e-19
     115.2  1.658e-19
     119.2  1.009e-19
     123.3  5.308e-20
     127.3  3.646e-20
     131.4  1.684e-20
     135.4  5.701e-20
     139.4  1.245e-19
     143.5   5.78e-20
     147.5  5.474e-20
     151.6  1.338e-20
     155.6  1.364e-20
     159.6  1.152e-20
     163.7  6.517e-21
     167.7  1.176e-20
     171.8   1.35e-20
     175.8  1.442e-20
     179.9  1.513e-20
     183.9  5.924e-21
     187.9   7.76e-21
       192  1.775e-21
       196   3.62e-21
     200.1  4.879e-21
     204.1  4.417e-21
     208.1  4.443e-21
     212.2  3.875e-21
     216.2  5.718e-21
     220.3  5.972e-21
     224.3  5.722e-21
     228.3  8.523e-21
     232.4  5.407e-21
     236.4  5.268e-21
     240.5  3.821e-21
     244.5  5.262e-21
     248.6  4.536e-21
     252.6  2.974e-21
     256.6  7.265e-22
     260.7  5.037e-21
     264.7  6.581e-21
     268.8  6.006e-21
     272.8   4.27e-21
     276.8  4.017e-21
     280.9  4.903e-22
     284.9   2.14e-21
       289      1e-23
       293      1e-23
     297.1      1e-23
     301.1      1e-23
     305.1      1e-23
     309.2      1e-23
     313.2      1e-23
     317.3      1e-23
     321.3      1e-23
     325.3      1e-23
     329.4      1e-23
     333.4      1e-23
     337.5      1e-23
     341.5      1e-23
     345.6      1e-23
     349.6      1e-23
