     2.021      17.21
     6.062      19.19
      10.1      20.12
     14.15      20.81
     18.19      21.25
     22.23      21.62
     26.27      21.86
     30.31      21.61
     34.35      21.91
      38.4      22.01
     42.44      21.79
     46.48      22.71
     50.52      22.94
     54.56      22.96
      58.6      23.26
     62.64       23.5
     66.69      23.99
     70.73      24.68
     74.77      24.95
     78.81      24.74
     82.85      24.49
     86.89      24.77
     90.94      24.48
     94.98      25.36
     99.02      25.31
     103.1      24.94
     107.1      24.75
     111.1      24.75
     115.2      24.97
     119.2      25.51
     123.3       26.2
     127.3      26.61
     131.4      27.45
     135.4      26.13
     139.4      25.28
     143.5      26.11
     147.5      26.17
     151.6       27.7
     155.6      27.68
     159.6      27.86
     163.7      28.48
     167.7      27.84
     171.8      27.69
     175.8      27.62
     179.9      27.57
     183.9      28.58
     187.9      28.29
       192      29.89
       196      29.12
     200.1       28.8
     204.1       28.9
     208.1       28.9
     212.2      29.05
     216.2      28.62
     220.3      28.58
     224.3      28.62
     228.3      28.19
     232.4      28.68
     236.4      28.71
     240.5      29.06
     244.5      28.71
     248.6      28.87
     252.6      29.33
     256.6      30.86
     260.7      28.76
     264.7      28.47
     268.8      28.57
     272.8      28.94
     276.8      29.01
     280.9      31.29
     284.9      29.69
       289      35.52
       293      35.52
     297.1      35.52
     301.1      35.52
     305.1      35.52
     309.2      35.52
     313.2      35.52
     317.3      35.52
     321.3      35.52
     325.3      35.52
     329.4      35.52
     333.4      35.52
     337.5      35.52
     341.5      35.52
     345.6      35.52
     349.6      35.52
