     6.045  9.977e+07
     10.08  1.457e+08
     14.11  9.942e+07
     18.14  1.267e+08
     22.17  6.204e+07
      26.2  2.708e+07
     30.23  2.088e+07
     34.26  1.594e+07
     38.29  1.746e+07
     42.32  1.412e+07
     46.35   1.17e+07
     50.38  5.783e+06
     54.41  4.736e+06
     58.44  4.238e+06
     62.47  3.472e+06
      66.5  4.291e+06
     70.53  5.131e+06
     74.56  5.195e+06
     78.59   3.79e+06
     82.62  2.058e+06
     86.65  1.259e+06
     90.68  1.173e+06
     94.71  9.495e+05
     98.74  9.933e+05
     102.8  9.337e+05
     106.8  7.199e+05
     110.8  9.288e+05
     114.9   3.57e+05
     118.9  2.764e+05
     122.9  2.129e+05
       127  1.727e+05
       131  1.634e+05
       135  1.837e+05
       139  1.266e+05
     143.1  5.517e+04
     147.1  2.965e+04
     151.1  3.124e+04
     155.2   5.11e+04
     159.2   3.98e+04
     163.2       9266
     167.3  3.245e+04
     171.3   1.03e+04
     175.3       8956
     179.3       8315
     183.4          0
     187.4       8115
     191.4       8006
     195.5          0
     199.5          0
     203.5          0
     207.6          0
     211.6          0
     215.6          0
     219.7       6658
     223.7       8515
     227.7          0
     231.7          0
     235.8          0
     239.8          0
     243.8          0
     247.9          0
     251.9          0
     255.9          0
       260          0
       264          0
       268          0
       272          0
     276.1          0
     280.1          0
     284.1          0
     288.2          0
     292.2          0
     296.2          0
     300.3          0
     304.3          0
