     2.015  2.198e+09
     6.045  1.747e+10
     10.08  5.464e+10
     14.11  9.016e+10
     18.14  1.483e+11
     22.17  1.832e+11
      26.2  2.011e+11
     30.23  2.171e+11
     34.26  2.309e+11
     38.29  2.479e+11
     42.32   2.63e+11
     46.35  2.767e+11
     50.38  2.841e+11
     54.41  2.906e+11
     58.44  2.969e+11
     62.47  3.024e+11
      66.5  3.096e+11
     70.53  3.188e+11
     74.56  3.286e+11
     78.59  3.361e+11
     82.62  3.405e+11
     86.65  3.432e+11
     90.68  3.459e+11
     94.71  3.482e+11
     98.74  3.507e+11
     102.8  3.531e+11
     106.8   3.55e+11
     110.8  3.577e+11
     114.9  3.587e+11
     118.9  3.595e+11
     122.9  3.602e+11
       127  3.607e+11
       131  3.613e+11
       135  3.619e+11
       139  3.624e+11
     143.1  3.626e+11
     147.1  3.627e+11
     151.1  3.628e+11
     155.2   3.63e+11
     159.2  3.631e+11
     163.2  3.632e+11
     167.3  3.633e+11
     171.3  3.634e+11
     175.3  3.634e+11
     179.3  3.634e+11
     183.4  3.634e+11
     187.4  3.635e+11
     191.4  3.635e+11
     195.5  3.635e+11
     199.5  3.635e+11
     203.5  3.635e+11
     207.6  3.635e+11
     211.6  3.635e+11
     215.6  3.635e+11
     219.7  3.636e+11
     223.7  3.636e+11
     227.7  3.636e+11
     231.7  3.636e+11
     235.8  3.636e+11
     239.8  3.636e+11
     243.8  3.636e+11
     247.9  3.636e+11
     251.9  3.636e+11
     255.9  3.636e+11
       260  3.636e+11
       264  3.636e+11
       268  3.636e+11
       272  3.636e+11
     276.1  3.636e+11
     280.1  3.636e+11
     284.1  3.636e+11
     288.2  3.636e+11
     292.2  3.636e+11
     296.2  3.636e+11
     300.3  3.636e+11
     304.3  3.636e+11
