     2.015  2.408e-17
     6.045  3.807e-17
     10.08  2.893e-17
     14.11  1.801e-17
     18.14  2.901e-17
     22.17  6.295e-18
      26.2   3.67e-18
     30.23  2.665e-18
     34.26  2.149e-18
     38.29  3.016e-18
     42.32  1.676e-18
     46.35  1.238e-18
     50.38  7.606e-19
     54.41  9.888e-19
     58.44  6.216e-19
     62.47   6.33e-19
      66.5   6.66e-19
     70.53  7.092e-19
     74.56  6.452e-19
     78.59  3.634e-19
     82.62  2.207e-19
     86.65  1.684e-19
     90.68  1.528e-19
     94.71  1.173e-19
     98.74  1.229e-19
     102.8  1.245e-19
     106.8  1.092e-19
     110.8  9.615e-20
     114.9  4.177e-20
     118.9  2.896e-20
     122.9  2.572e-20
       127  1.845e-20
       131  2.734e-20
       135  1.594e-20
       139  1.803e-20
     143.1  6.656e-21
     147.1  3.425e-21
     151.1  3.241e-21
     155.2  8.853e-21
     159.2  3.708e-21
     163.2   9.13e-21
     167.3  4.831e-21
     171.3  3.029e-21
     175.3   1.27e-21
     179.3  7.795e-22
     183.4  9.844e-22
     187.4  1.299e-22
     191.4  9.495e-22
     195.5  1.004e-23
     199.5      1e-23
     203.5      1e-23
     207.6      1e-23
     211.6      1e-23
     215.6  1.176e-23
     219.7  2.812e-21
     223.7  2.207e-21
     227.7      1e-23
     231.7      1e-23
     235.8      1e-23
     239.8      1e-23
     243.8      1e-23
     247.9      1e-23
     251.9      1e-23
     255.9      1e-23
       260      1e-23
       264      1e-23
       268      1e-23
       272      1e-23
     276.1      1e-23
     280.1      1e-23
     284.1      1e-23
     288.2      1e-23
     292.2      1e-23
     296.2      1e-23
     300.3      1e-23
     304.3      1e-23
