     2.015      19.56
     6.045      19.06
     10.08      19.36
     14.11      19.88
     18.14      19.36
     22.17      21.02
      26.2       21.6
     30.23      21.95
     34.26      22.19
     38.29      21.82
     42.32      22.46
     46.35      22.78
     50.38      23.31
     54.41      23.03
     58.44      23.53
     62.47      23.51
      66.5      23.46
     70.53      23.39
     74.56      23.49
     78.59      24.12
     82.62      24.66
     86.65      24.95
     90.68      25.06
     94.71      25.34
     98.74      25.29
     102.8      25.28
     106.8      25.42
     110.8      25.56
     114.9      26.46
     118.9      26.86
     122.9      26.99
       127      27.35
       131      26.92
       135      27.51
       139      27.38
     143.1      28.46
     147.1      29.18
     151.1      29.24
     155.2      28.15
     159.2      29.09
     163.2      28.11
     167.3      28.81
     171.3      29.31
     175.3      30.26
     179.3      30.79
     183.4      30.53
     187.4      32.73
     191.4      30.57
     195.5      35.51
     199.5      35.52
     203.5      35.52
     207.6      35.52
     211.6      35.52
     215.6      35.34
     219.7      29.39
     223.7      29.66
     227.7      35.52
     231.7      35.52
     235.8      35.52
     239.8      35.52
     243.8      35.52
     247.9      35.52
     251.9      35.52
     255.9      35.52
       260      35.52
       264      35.52
       268      35.52
       272      35.52
     276.1      35.52
     280.1      35.52
     284.1      35.52
     288.2      35.52
     292.2      35.52
     296.2      35.52
     300.3      35.52
     304.3      35.52
