     6.068  2.682e+08
     10.11  1.411e+08
     14.16   8.67e+07
     18.21  6.401e+07
     22.25  5.299e+07
      26.3  4.716e+07
     30.34  4.273e+07
     34.39  3.718e+07
     38.43  2.796e+07
     42.48  2.481e+07
     46.52  2.095e+07
     50.57  1.759e+07
     54.62  1.596e+07
     58.66  1.323e+07
     62.71  1.386e+07
     66.75  1.138e+07
      70.8  9.675e+06
     74.84  8.751e+06
     78.89  8.558e+06
     82.94  7.572e+06
     86.98  7.121e+06
     91.03   6.92e+06
     95.07  5.387e+06
     99.12  4.994e+06
     103.2  5.018e+06
     107.2  3.886e+06
     111.3  3.821e+06
     115.3  3.715e+06
     119.3  3.767e+06
     123.4   4.14e+06
     127.4  3.299e+06
     131.5  3.174e+06
     135.5    2.9e+06
     139.6  2.835e+06
     143.6  2.688e+06
     147.7   2.53e+06
     151.7  2.312e+06
     155.8  2.408e+06
     159.8  2.455e+06
     163.8  2.531e+06
     167.9  2.235e+06
     171.9  1.754e+06
       176  1.969e+06
       180  1.801e+06
     184.1  1.994e+06
     188.1  2.006e+06
     192.2  1.874e+06
     196.2  1.617e+06
     200.3   1.32e+06
     204.3  1.318e+06
     208.4  1.324e+06
     212.4  1.868e+06
     216.4   1.58e+06
     220.5  1.485e+06
     224.5  1.177e+06
     228.6  1.116e+06
     232.6  1.041e+06
     236.7  8.522e+05
     240.7  9.143e+05
     244.8   1.04e+06
     248.8   8.34e+05
     252.9  7.228e+05
     256.9  6.872e+05
     260.9  6.485e+05
       265  6.133e+05
       269  4.843e+05
     273.1  4.204e+05
     277.1  3.193e+05
     281.2    3.3e+05
     285.2  2.458e+05
     289.3  2.199e+05
     293.3  2.281e+05
     297.4  2.053e+05
     301.4  1.531e+05
     305.4   1.81e+05
     309.5  1.433e+05
     313.5  1.084e+05
     317.6  7.821e+04
     321.6  8.331e+04
     325.7  5.505e+04
     329.7  2.973e+04
     333.8  4.117e+04
     337.8  2.525e+04
     341.9  3.096e+04
     345.9  2.463e+04
     349.9  1.163e+04
