     2.023  9.939e+09
     6.068  5.131e+10
     10.11  8.758e+10
     14.16  1.188e+11
     18.21  1.484e+11
     22.25  1.784e+11
      26.3  2.099e+11
     30.34  2.429e+11
     34.39  2.754e+11
     38.43  3.027e+11
     42.48  3.295e+11
     46.52  3.542e+11
     50.57  3.768e+11
     54.62   3.99e+11
     58.66  4.187e+11
     62.71  4.408e+11
     66.75  4.601e+11
      70.8  4.775e+11
     74.84  4.942e+11
     78.89  5.113e+11
     82.94  5.273e+11
     86.98   5.43e+11
     91.03  5.591e+11
     95.07  5.721e+11
     99.12  5.847e+11
     103.2  5.978e+11
     107.2  6.084e+11
     111.3  6.192e+11
     115.3  6.301e+11
     119.3  6.415e+11
     123.4  6.545e+11
     127.4  6.652e+11
     131.5  6.758e+11
     135.5  6.858e+11
     139.6  6.959e+11
     143.6  7.057e+11
     147.7  7.152e+11
     151.7  7.241e+11
     155.8  7.336e+11
     159.8  7.436e+11
     163.8  7.541e+11
     167.9  7.637e+11
     171.9  7.713e+11
       176  7.801e+11
       180  7.884e+11
     184.1  7.977e+11
     188.1  8.073e+11
     192.2  8.165e+11
     196.2  8.245e+11
     200.3  8.312e+11
     204.3  8.381e+11
     208.4  8.451e+11
     212.4  8.552e+11
     216.4  8.639e+11
     220.5  8.722e+11
     224.5  8.789e+11
     228.6  8.854e+11
     232.6  8.916e+11
     236.7  8.967e+11
     240.7  9.023e+11
     244.8  9.087e+11
     248.8   9.14e+11
     252.9  9.187e+11
     256.9  9.232e+11
     260.9  9.275e+11
       265  9.316e+11
       269  9.349e+11
     273.1  9.378e+11
     277.1  9.401e+11
     281.2  9.424e+11
     285.2  9.442e+11
     289.3  9.458e+11
     293.3  9.475e+11
     297.4  9.491e+11
     301.4  9.502e+11
     305.4  9.517e+11
     309.5  9.528e+11
     313.5  9.536e+11
     317.6  9.543e+11
     321.6   9.55e+11
     325.7  9.554e+11
     329.7  9.557e+11
     333.8   9.56e+11
     337.8  9.562e+11
     341.9  9.565e+11
     345.9  9.567e+11
     349.9  9.568e+11
