     2.023  5.332e-18
     6.068  3.092e-18
     10.11  1.571e-18
     14.16  1.111e-18
     18.21  9.136e-19
     22.25  8.563e-19
      26.3  7.692e-19
     30.34  6.921e-19
     34.39  5.313e-19
     38.43  4.697e-19
     42.48  4.189e-19
     46.52  3.844e-19
     50.57  2.737e-19
     54.62  2.634e-19
     58.66  4.549e-19
     62.71  3.211e-19
     66.75  1.666e-19
      70.8  1.382e-19
     74.84  1.485e-19
     78.89  1.446e-19
     82.94  1.187e-19
     86.98  1.127e-19
     91.03  1.017e-19
     95.07  8.287e-20
     99.12  7.203e-20
     103.2  6.996e-20
     107.2  6.821e-20
     111.3  6.181e-20
     115.3  6.081e-20
     119.3  6.424e-20
     123.4  5.555e-20
     127.4  5.924e-20
     131.5  5.059e-20
     135.5  4.726e-20
     139.6  4.578e-20
     143.6  5.751e-20
     147.7   4.64e-20
     151.7  3.478e-20
     155.8  3.903e-20
     159.8  3.716e-20
     163.8  3.916e-20
     167.9  3.318e-20
     171.9  3.033e-20
       176  2.749e-20
       180  2.793e-20
     184.1  2.876e-20
     188.1  2.965e-20
     192.2  2.832e-20
     196.2   2.36e-20
     200.3  2.238e-20
     204.3  2.005e-20
     208.4  2.139e-20
     212.4  2.661e-20
     216.4  2.189e-20
     220.5   1.86e-20
     224.5  1.498e-20
     228.6  1.715e-20
     232.6  1.203e-20
     236.7  1.215e-20
     240.7  1.456e-20
     244.8  1.414e-20
     248.8   1.14e-20
     252.9   1.28e-20
     256.9  1.311e-20
     260.9  1.596e-20
       265  1.483e-20
       269  1.494e-20
     273.1  1.205e-20
     277.1  1.286e-20
     281.2   9.69e-21
     285.2   1.12e-20
     289.3   9.46e-21
     293.3    1.1e-20
     297.4  1.089e-20
     301.4  8.473e-21
     305.4  9.363e-21
     309.5  8.286e-21
     313.5  9.853e-21
     317.6  7.852e-21
     321.6  9.492e-21
     325.7  3.899e-21
     329.7  6.425e-21
     333.8  6.143e-21
     337.8  6.723e-21
     341.9  5.562e-21
     345.9  1.121e-20
     349.9  4.808e-21
