         6  2.679e+08
        10   5.99e+07
        14  3.412e+07
        18  2.889e+07
        22  2.508e+07
        26  1.859e+07
        30   1.71e+07
        34  1.605e+07
        38  1.302e+07
        42  9.559e+06
        46  8.892e+06
        50  6.688e+06
        54  6.658e+06
        58  5.971e+06
        62  5.481e+06
        66  4.256e+06
        70  3.887e+06
        74  3.622e+06
        78  3.222e+06
        82   2.89e+06
        86  2.651e+06
        90   2.77e+06
        94   1.98e+06
        98  2.062e+06
       102  1.618e+06
       106  2.282e+06
       110  1.775e+06
       114  1.363e+06
       118  1.311e+06
       122  1.148e+06
       126  1.221e+06
       130  1.549e+06
       134  1.541e+06
       138  2.467e+06
       142  2.216e+06
       146  1.761e+06
       150  1.228e+06
       154  1.203e+06
       158   1.11e+06
       162  1.064e+06
       166  1.303e+06
       170  1.339e+06
       174  1.325e+06
       178  1.281e+06
       182  9.502e+05
       186  1.106e+06
       190  9.484e+05
       194  9.625e+05
       198  8.737e+05
       202  8.801e+05
       206  6.577e+05
       210  6.842e+05
       214  6.239e+05
       218  6.045e+05
       222  4.683e+05
       226  4.625e+05
       230   3.58e+05
       234  3.075e+05
       238  2.514e+05
       242  2.859e+05
       246  2.454e+05
       250   1.92e+05
       254   1.65e+05
       258  1.452e+05
       262  1.672e+05
       266   2.13e+05
       270  1.831e+05
       274  1.171e+05
       278  1.156e+05
       282  1.044e+05
       286  1.161e+05
       290  5.007e+04
       294  1.516e+04
       298  1.093e+04
       302  1.569e+04
       306  2.525e+04
       310  2.065e+04
       314  1.525e+04
       318       4430
       322          0
       326          0
       330          0
       334       4441
       338       4873
       342          0
       346          0
       350          0
