         2  3.609e+10
         6  7.649e+10
        10  9.155e+10
        14  1.036e+11
        18  1.166e+11
        22  1.305e+11
        26  1.426e+11
        30  1.555e+11
        34  1.693e+11
        38  1.817e+11
        42  1.918e+11
        46  2.021e+11
        50  2.105e+11
        54  2.195e+11
        58  2.282e+11
        62  2.367e+11
        66  2.438e+11
        70  2.506e+11
        74  2.574e+11
        78  2.637e+11
        82  2.697e+11
        86  2.754e+11
        90  2.817e+11
        94  2.863e+11
        98  2.914e+11
       102  2.956e+11
       106  3.016e+11
       110  3.065e+11
       114  3.105e+11
       118  3.143e+11
       122  3.179e+11
       126  3.217e+11
       130  3.268e+11
       134   3.32e+11
       138  3.405e+11
       142  3.484e+11
       146  3.549e+11
       150  3.595e+11
       154  3.642e+11
       158  3.686e+11
       162  3.729e+11
       166  3.784e+11
       170  3.841e+11
       174  3.899e+11
       178  3.956e+11
       182      4e+11
       186  4.051e+11
       190  4.097e+11
       194  4.144e+11
       198  4.187e+11
       202  4.232e+11
       206  4.266e+11
       210  4.302e+11
       214  4.335e+11
       218  4.369e+11
       222  4.395e+11
       226  4.421e+11
       230  4.442e+11
       234   4.46e+11
       238  4.475e+11
       242  4.492e+11
       246  4.507e+11
       250  4.519e+11
       254   4.53e+11
       258  4.539e+11
       262   4.55e+11
       266  4.565e+11
       270  4.577e+11
       274  4.585e+11
       278  4.593e+11
       282  4.601e+11
       286  4.609e+11
       290  4.613e+11
       294  4.614e+11
       298  4.614e+11
       302  4.616e+11
       306  4.618e+11
       310  4.619e+11
       314   4.62e+11
       318  4.621e+11
       322  4.621e+11
       326  4.621e+11
       330  4.621e+11
       334  4.621e+11
       338  4.622e+11
       342  4.622e+11
       346  4.622e+11
       350  4.622e+11
