         2   8.13e-17
         6  1.514e-17
        10  6.274e-18
        14  5.407e-18
        18  4.596e-18
        22   3.93e-18
        26  3.689e-18
        30   3.79e-18
        34  3.312e-18
        38  2.092e-18
        42  1.848e-18
        46  1.328e-18
        50  1.094e-18
        54  9.557e-19
        58  9.473e-19
        62  8.052e-19
        66  6.279e-19
        70  7.363e-19
        74  6.539e-19
        78  6.834e-19
        82  6.963e-19
        86  6.588e-19
        90  3.279e-19
        94  2.758e-19
        98  2.256e-19
       102  2.464e-19
       106  2.955e-19
       110  2.969e-19
       114  1.577e-19
       118  1.369e-19
       122  1.376e-19
       126  1.685e-19
       130  1.801e-19
       134  2.061e-19
       138  2.628e-19
       142  2.018e-19
       146  1.464e-19
       150  1.251e-19
       154  1.194e-19
       158  1.338e-19
       162  1.442e-19
       166   1.56e-19
       170  1.643e-19
       174  1.928e-19
       178  2.146e-19
       182  2.135e-19
       186  2.182e-19
       190  1.368e-19
       194  1.671e-19
       198  1.257e-19
       202   7.81e-20
       206   7.96e-20
       210   1.11e-19
       214  1.296e-19
       218  1.031e-19
       222  7.414e-20
       226  5.254e-20
       230  4.642e-20
       234  3.887e-20
       238  4.488e-20
       242  3.638e-20
       246  2.716e-20
       250  2.713e-20
       254  2.194e-20
       258  3.727e-20
       262  3.949e-20
       266   3.35e-20
       270  4.287e-20
       274  2.666e-20
       278  3.386e-20
       282  4.565e-20
       286  2.945e-20
       290  9.829e-21
       294  5.296e-21
       298  8.916e-21
       302  1.318e-20
       306  1.114e-20
       310   9.86e-21
       314  1.341e-20
       318  1.649e-21
       322      1e-23
       326      1e-23
       330  1.821e-21
       334  1.227e-20
       338  1.628e-22
       342      1e-23
       346      1e-23
       350      1e-23
