         2      18.24
         6      20.07
        10      21.02
        14      21.18
        18      21.36
        22      21.53
        26       21.6
        30      21.57
        34      21.72
        38      22.21
        42      22.35
        46      22.71
        50      22.92
        54      23.07
        58      23.07
        62      23.25
        66      23.52
        70      23.35
        74      23.48
        78      23.43
        82      23.41
        86      23.47
        90      24.23
        94      24.41
        98      24.63
       102      24.54
       106      24.34
       110      24.33
       114      25.02
       118      25.18
       122      25.17
       126      24.95
       130      24.88
       134      24.73
       138      24.47
       142      24.75
       146       25.1
       150      25.27
       154      25.32
       158       25.2
       162      25.12
       166      25.03
       170      24.98
       174       24.8
       178      24.69
       182      24.69
       186      24.67
       190      25.18
       194      24.96
       198      25.27
       202      25.78
       206      25.76
       210       25.4
       214      25.23
       218      25.48
       222      25.84
       226      26.21
       230      26.35
       234      26.54
       238      26.39
       242      26.61
       246      26.93
       250      26.93
       254      27.16
       258      26.59
       262      26.52
       266       26.7
       270      26.44
       274      26.95
       278      26.69
       282      26.37
       286      26.84
       290      28.03
       294      28.71
       298      28.14
       302      27.72
       306       27.9
       310      28.03
       314       27.7
       318      29.97
       322      35.52
       326      35.52
       330      29.87
       334      27.79
       338      32.49
       342      35.52
       346      35.52
       350      35.52
