     6.002  4.294e+08
        10  3.392e+08
        14  2.504e+08
        18  1.836e+08
     22.01  1.465e+08
     26.01  1.108e+08
     30.01  9.198e+07
     34.01  7.816e+07
     38.01  6.591e+07
     42.01  5.683e+07
     46.01  4.811e+07
     50.01  4.095e+07
     54.01  3.609e+07
     58.02  3.274e+07
     62.02  2.906e+07
     66.02  2.649e+07
     70.02  2.403e+07
     74.02  2.047e+07
     78.02  1.907e+07
     82.02  1.731e+07
     86.02  1.627e+07
     90.02  1.455e+07
     94.03  1.436e+07
     98.03  1.355e+07
       102  1.298e+07
       106  1.203e+07
       110  1.111e+07
       114  1.056e+07
       118  9.895e+06
       122  9.716e+06
       126  9.166e+06
       130  8.768e+06
       134  8.134e+06
       138  7.483e+06
       142  6.923e+06
       146  6.367e+06
       150  6.006e+06
       154  5.414e+06
       158    5.1e+06
       162  5.106e+06
       166  4.679e+06
       170  4.456e+06
       174  4.353e+06
       178  4.199e+06
     182.1  4.133e+06
     186.1  3.856e+06
     190.1  3.508e+06
     194.1  3.435e+06
     198.1    3.2e+06
     202.1  3.016e+06
     206.1  3.049e+06
     210.1  2.957e+06
     214.1  2.691e+06
     218.1  2.672e+06
     222.1  2.677e+06
     226.1   2.47e+06
     230.1  2.405e+06
     234.1  2.107e+06
     238.1  2.088e+06
     242.1  2.034e+06
     246.1  1.961e+06
     250.1  1.722e+06
     254.1  1.538e+06
     258.1  1.459e+06
     262.1  1.356e+06
     266.1  1.176e+06
     270.1  8.585e+05
     274.1  7.663e+05
     278.1  7.939e+05
     282.1  7.543e+05
     286.1  4.765e+05
     290.1  4.143e+05
     294.1  4.312e+05
     298.1  3.224e+05
     302.1   2.39e+05
     306.1  2.898e+05
     310.1  2.288e+05
     314.1  1.681e+05
     318.1  1.238e+05
     322.1  1.248e+05
     326.1  7.548e+04
     330.1  9.606e+04
     334.1  7.189e+04
     338.1  4.479e+04
     342.1   3.34e+04
     346.1  3.969e+04
     350.1  1.508e+04
