     2.001  9.412e-18
     6.002  6.608e-18
        10  4.863e-18
        14  3.684e-18
        18  3.094e-18
     22.01  2.385e-18
     26.01   1.87e-18
     30.01  1.761e-18
     34.01  1.649e-18
     38.01  1.287e-18
     42.01  1.065e-18
     46.01  8.212e-19
     50.01  7.576e-19
     54.01  6.706e-19
     58.02  5.297e-19
     62.02  4.722e-19
     66.02   5.28e-19
     70.02  3.634e-19
     74.02  3.264e-19
     78.02   3.01e-19
     82.02  2.929e-19
     86.02  2.642e-19
     90.02  2.451e-19
     94.03    2.2e-19
     98.03   2.15e-19
       102  2.111e-19
       106  1.976e-19
       110  1.789e-19
       114   1.72e-19
       118  1.739e-19
       122  1.868e-19
       126  1.575e-19
       130  1.396e-19
       134   1.28e-19
       138  1.181e-19
       142  1.066e-19
       146  9.926e-20
       150  9.345e-20
       154  8.393e-20
       158  8.665e-20
       162  7.979e-20
       166   7.24e-20
       170  6.916e-20
       174  7.491e-20
       178  6.533e-20
     182.1  6.333e-20
     186.1  5.975e-20
     190.1  5.684e-20
     194.1  5.246e-20
     198.1  5.141e-20
     202.1  5.042e-20
     206.1  5.033e-20
     210.1   5.62e-20
     214.1  6.618e-20
     218.1  4.165e-20
     222.1  4.195e-20
     226.1  3.671e-20
     230.1  3.535e-20
     234.1  3.104e-20
     238.1  3.071e-20
     242.1  3.046e-20
     246.1  2.769e-20
     250.1  2.859e-20
     254.1  3.056e-20
     258.1  2.997e-20
     262.1  3.172e-20
     266.1  2.807e-20
     270.1  2.347e-20
     274.1  2.415e-20
     278.1  2.574e-20
     282.1  2.114e-20
     286.1   1.98e-20
     290.1  1.897e-20
     294.1  1.933e-20
     298.1  1.617e-20
     302.1  1.959e-20
     306.1  1.783e-20
     310.1  1.497e-20
     314.1  1.629e-20
     318.1  1.297e-20
     322.1  1.186e-20
     326.1  1.308e-20
     330.1  1.602e-20
     334.1  9.366e-21
     338.1  1.221e-20
     342.1  1.788e-20
     346.1  1.377e-20
     350.1   9.59e-21
