     2.001  1.601e+10
     6.002   8.08e+10
        10  1.661e+11
        14  2.542e+11
        18  3.373e+11
     22.01  4.184e+11
     26.01  4.908e+11
     30.01  5.602e+11
     34.01   6.27e+11
     38.01    6.9e+11
     42.01    7.5e+11
     46.01  8.057e+11
     50.01  8.572e+11
     54.01  9.062e+11
     58.02  9.539e+11
     62.02  9.992e+11
     66.02  1.043e+12
     70.02  1.086e+12
     74.02  1.124e+12
     78.02  1.161e+12
     82.02  1.197e+12
     86.02  1.232e+12
     90.02  1.265e+12
     94.03  1.299e+12
     98.03  1.332e+12
       102  1.365e+12
       106  1.397e+12
       110  1.428e+12
       114  1.458e+12
       118  1.488e+12
       122  1.518e+12
       126  1.547e+12
       130  1.575e+12
       134  1.603e+12
       138  1.629e+12
       142  1.653e+12
       146  1.677e+12
       150    1.7e+12
       154   1.72e+12
       158  1.741e+12
       162  1.762e+12
       166  1.781e+12
       170    1.8e+12
       174  1.819e+12
       178  1.838e+12
     182.1  1.857e+12
     186.1  1.875e+12
     190.1  1.892e+12
     194.1  1.908e+12
     198.1  1.924e+12
     202.1   1.94e+12
     206.1  1.955e+12
     210.1  1.971e+12
     214.1  1.986e+12
     218.1      2e+12
     222.1  2.015e+12
     226.1  2.029e+12
     230.1  2.043e+12
     234.1  2.056e+12
     238.1  2.068e+12
     242.1   2.08e+12
     246.1  2.093e+12
     250.1  2.103e+12
     254.1  2.113e+12
     258.1  2.123e+12
     262.1  2.132e+12
     266.1  2.139e+12
     270.1  2.145e+12
     274.1  2.151e+12
     278.1  2.156e+12
     282.1  2.161e+12
     286.1  2.165e+12
     290.1  2.168e+12
     294.1  2.171e+12
     298.1  2.173e+12
     302.1  2.175e+12
     306.1  2.178e+12
     310.1  2.179e+12
     314.1  2.181e+12
     318.1  2.182e+12
     322.1  2.183e+12
     326.1  2.183e+12
     330.1  2.184e+12
     334.1  2.185e+12
     338.1  2.185e+12
     342.1  2.185e+12
     346.1  2.186e+12
     350.1  2.186e+12
