         6  1.487e+08
        10  3.937e+07
        14  2.668e+07
        18  1.883e+07
        22   1.96e+07
        26  1.787e+07
        30  1.902e+07
        34  1.709e+07
        38  1.284e+07
        42  1.054e+07
        46  1.026e+07
        50  8.501e+06
        54  7.267e+06
        58  7.792e+06
        62  7.261e+06
        66  7.955e+06
        70  9.513e+06
        74  9.986e+06
        78    1.1e+07
        82  9.065e+06
        86  7.586e+06
        90  7.052e+06
        94   6.05e+06
        98  5.659e+06
       102   4.63e+06
       106  3.784e+06
       110  3.032e+06
       114   2.54e+06
       118  1.973e+06
       122  1.905e+06
       126  1.528e+06
       130  1.431e+06
       134  1.726e+06
       138  1.673e+06
       142  1.345e+06
       146  1.318e+06
       150  8.522e+05
       154  9.035e+05
       158  9.344e+05
       162  1.352e+06
       166  1.293e+06
       170  1.553e+06
       174   1.55e+06
       178   1.87e+06
       182  1.367e+06
       186  8.298e+05
       190  6.581e+05
       194  7.241e+05
       198  5.071e+05
       202  5.463e+05
       206  5.817e+05
       210  5.503e+05
       214  5.969e+05
       218  5.801e+05
       222  5.127e+05
       226  4.733e+05
       230  4.093e+05
       234   4.52e+05
       238  4.812e+05
       242  4.697e+05
       246  3.818e+05
       250   2.53e+05
       254  2.214e+05
       258  1.565e+05
       262   7.43e+04
       266  8.695e+04
       270  6.367e+04
       274  5.336e+04
       278  2.966e+04
       282   3.38e+04
       286    3.5e+04
       290  3.932e+04
       294  1.048e+04
       298  1.324e+04
       302       6151
       306       4853
       310          0
       314       4518
       318          0
       322          0
       326          0
       330          0
       334          0
       338          0
       342          0
       346          0
       350          0
