         2  3.575e+10
         6  5.818e+10
        10  6.807e+10
        14  7.746e+10
        18  8.598e+10
        22  9.681e+10
        26  1.085e+11
        30  1.228e+11
        34  1.374e+11
        38  1.497e+11
        42  1.608e+11
        46  1.727e+11
        50  1.834e+11
        54  1.932e+11
        58  2.046e+11
        62  2.159e+11
        66  2.291e+11
        70  2.458e+11
        74  2.644e+11
        78   2.86e+11
        82  3.047e+11
        86  3.211e+11
        90   3.37e+11
        94  3.513e+11
        98  3.653e+11
       102  3.771e+11
       106  3.872e+11
       110  3.956e+11
       114  4.029e+11
       118  4.087e+11
       122  4.146e+11
       126  4.194e+11
       130  4.241e+11
       134  4.299e+11
       138  4.357e+11
       142  4.405e+11
       146  4.453e+11
       150  4.485e+11
       154   4.52e+11
       158  4.558e+11
       162  4.613e+11
       166  4.667e+11
       170  4.733e+11
       174  4.801e+11
       178  4.884e+11
       182  4.947e+11
       186  4.986e+11
       190  5.017e+11
       194  5.052e+11
       198  5.078e+11
       202  5.105e+11
       206  5.136e+11
       210  5.165e+11
       214  5.197e+11
       218  5.228e+11
       222  5.257e+11
       226  5.284e+11
       230  5.308e+11
       234  5.334e+11
       238  5.363e+11
       242  5.392e+11
       246  5.415e+11
       250  5.431e+11
       254  5.445e+11
       258  5.455e+11
       262   5.46e+11
       266  5.466e+11
       270   5.47e+11
       274  5.474e+11
       278  5.476e+11
       282  5.479e+11
       286  5.481e+11
       290  5.484e+11
       294  5.485e+11
       298  5.486e+11
       302  5.486e+11
       306  5.487e+11
       310  5.487e+11
       314  5.487e+11
       318  5.487e+11
       322  5.487e+11
       326  5.487e+11
       330  5.487e+11
       334  5.487e+11
       338  5.487e+11
       342  5.487e+11
       346  5.487e+11
       350  5.487e+11
