         2  5.254e-17
         6  1.154e-17
        10  4.773e-18
        14  4.725e-18
        18   3.96e-18
        22  3.578e-18
        26  2.927e-18
        30  3.139e-18
        34  3.197e-18
        38  1.675e-18
        42  1.763e-18
        46  1.531e-18
        50  1.262e-18
        54  1.093e-18
        58  1.302e-18
        62  1.282e-18
        66  1.637e-18
        70  1.483e-18
        74   1.57e-18
        78  1.479e-18
        82  1.101e-18
        86  1.054e-18
        90  7.388e-19
        94  6.254e-19
        98  6.038e-19
       102  4.451e-19
       106  3.838e-19
       110  3.174e-19
       114  2.362e-19
       118  2.575e-19
       122  2.332e-19
       126  2.132e-19
       130  2.305e-19
       134  2.675e-19
       138  3.079e-19
       142  2.562e-19
       146  1.807e-19
       150  1.293e-19
       154  1.031e-19
       158  1.226e-19
       162  1.529e-19
       166  1.455e-19
       170  2.183e-19
       174  1.578e-19
       178  2.068e-19
       182  1.071e-19
       186   1.13e-19
       190  1.467e-19
       194  2.437e-19
       198  1.005e-19
       202  6.769e-20
       206  7.638e-20
       210  8.203e-20
       214  6.507e-20
       218  6.739e-20
       222  6.073e-20
       226  5.851e-20
       230  7.205e-20
       234  8.461e-20
       238  1.236e-19
       242  6.218e-20
       246  3.016e-20
       250      3e-20
       254  2.273e-20
       258  1.788e-20
       262  1.621e-20
       266  1.459e-20
       270  2.361e-20
       274  2.404e-20
       278  7.035e-21
       282  1.462e-20
       286  8.156e-20
       290  2.269e-20
       294  4.968e-20
       298  3.066e-20
       302  7.442e-21
       306  2.301e-21
       310  1.408e-21
       314  9.148e-23
       318      1e-23
       322      1e-23
       326      1e-23
       330      1e-23
       334      1e-23
       338      1e-23
       342      1e-23
       346      1e-23
       350      1e-23
