         2      18.71
         6      20.36
        10      21.32
        14      21.33
        18      21.52
        22      21.63
        26      21.85
        30      21.77
        34      21.75
        38      22.46
        42       22.4
        46      22.55
        50      22.76
        54      22.92
        58      22.73
        62      22.75
        66      22.48
        70      22.59
        74      22.53
        78      22.59
        82      22.91
        86      22.96
        90      23.34
        94      23.53
        98      23.56
       102      23.89
       106      24.06
       110      24.26
       114      24.58
       118      24.49
       122       24.6
       126      24.69
       130      24.61
       134      24.45
       138       24.3
       142      24.49
       146      24.87
       150      25.24
       154      25.48
       158      25.29
       162      25.06
       166      25.11
       170      24.67
       174      25.02
       178      24.73
       182      25.44
       186      25.38
       190       25.1
       194      24.55
       198      25.51
       202      25.94
       206      25.81
       210      25.73
       214      25.98
       218      25.94
       222      26.06
       226       26.1
       230      25.87
       234       25.7
       238      25.29
       242      26.03
       246      26.82
       250      26.82
       254      27.12
       258      27.39
       262      27.49
       266      27.61
       270      27.08
       274      27.06
       278       28.4
       282       27.6
       286      25.74
       290      27.13
       294      26.28
       298       26.8
       302      28.34
       306      29.61
       310      30.14
       314      33.11
       318      35.52
       322      35.52
       326      35.52
       330      35.52
       334      35.52
       338      35.52
       342      35.52
       346      35.52
       350      35.52
