     6.007  4.466e+08
     10.01  1.292e+08
     14.02   6.15e+07
     18.02  4.057e+07
     22.02  2.559e+07
     26.03  1.546e+07
     30.03  1.285e+07
     34.04  8.158e+06
     38.04  4.853e+06
     42.05  2.974e+06
     46.05  2.362e+06
     50.06  2.299e+06
     54.06  1.987e+06
     58.07  1.577e+06
     62.07  1.698e+06
     66.07  1.472e+06
     70.08  1.315e+06
     74.08  1.577e+06
     78.09  1.452e+06
     82.09  1.102e+06
      86.1  6.714e+05
      90.1  5.112e+05
     94.11  3.997e+05
     98.11  3.405e+05
     102.1  4.869e+05
     106.1  3.583e+05
     110.1  2.431e+05
     114.1  2.358e+05
     118.1  3.682e+05
     122.1  3.535e+05
     126.1  2.732e+05
     130.1  1.275e+05
     134.2  8.062e+04
     138.2  7.911e+04
     142.2  7.692e+04
     146.2   9.57e+04
     150.2  2.067e+04
     154.2  3.948e+04
     158.2  3.805e+04
     162.2  3.742e+04
     166.2  8.395e+04
     170.2       9151
     174.2    6.2e+04
     178.2  2.679e+04
     182.2  1.721e+04
     186.2  4.389e+04
     190.2  2.418e+04
     194.2  1.039e+05
     198.2  1.554e+05
     202.2  1.958e+05
     206.2  2.958e+04
     210.2  5.772e+04
     214.2  3.523e+04
     218.2       7387
     222.3       6642
     226.3  2.691e+04
     230.3  2.064e+04
     234.3  1.314e+04
     238.3  1.315e+04
     242.3  1.237e+04
     246.3       6088
     250.3       6033
     254.3          0
     258.3          0
     262.3          0
     266.3          0
     270.3          0
     274.3          0
     278.3          0
     282.3          0
     286.3          0
     290.3          0
     294.3          0
     298.3          0
     302.3          0
     306.3          0
     310.3          0
     314.4          0
     318.4          0
     322.4          0
     326.4          0
     330.4          0
     334.4          0
     338.4          0
     342.4          0
     346.4          0
