     2.002  7.953e+10
     6.007   1.47e+11
     10.01  1.796e+11
     14.02  2.013e+11
     18.02  2.196e+11
     22.02  2.338e+11
     26.03   2.44e+11
     30.03  2.537e+11
     34.04  2.606e+11
     38.04  2.653e+11
     42.05  2.684e+11
     46.05  2.712e+11
     50.06  2.741e+11
     54.06  2.768e+11
     58.07  2.791e+11
     62.07  2.817e+11
     66.07  2.842e+11
     70.08  2.865e+11
     74.08  2.894e+11
     78.09  2.923e+11
     82.09  2.946e+11
      86.1   2.96e+11
      90.1  2.972e+11
     94.11  2.981e+11
     98.11   2.99e+11
     102.1  3.002e+11
     106.1  3.012e+11
     110.1  3.018e+11
     114.1  3.025e+11
     118.1  3.036e+11
     122.1  3.047e+11
     126.1  3.056e+11
     130.1   3.06e+11
     134.2  3.063e+11
     138.2  3.065e+11
     142.2  3.068e+11
     146.2  3.072e+11
     150.2  3.072e+11
     154.2  3.074e+11
     158.2  3.075e+11
     162.2  3.077e+11
     166.2  3.081e+11
     170.2  3.081e+11
     174.2  3.084e+11
     178.2  3.085e+11
     182.2  3.086e+11
     186.2  3.088e+11
     190.2  3.089e+11
     194.2  3.094e+11
     198.2  3.102e+11
     202.2  3.112e+11
     206.2  3.113e+11
     210.2  3.116e+11
     214.2  3.118e+11
     218.2  3.119e+11
     222.3  3.119e+11
     226.3   3.12e+11
     230.3  3.122e+11
     234.3  3.122e+11
     238.3  3.123e+11
     242.3  3.124e+11
     246.3  3.124e+11
     250.3  3.125e+11
     254.3  3.125e+11
     258.3  3.125e+11
     262.3  3.125e+11
     266.3  3.125e+11
     270.3  3.125e+11
     274.3  3.125e+11
     278.3  3.125e+11
     282.3  3.125e+11
     286.3  3.125e+11
     290.3  3.125e+11
     294.3  3.125e+11
     298.3  3.125e+11
     302.3  3.125e+11
     306.3  3.125e+11
     310.3  3.125e+11
     314.4  3.125e+11
     318.4  3.125e+11
     322.4  3.125e+11
     326.4  3.125e+11
     330.4  3.125e+11
     334.4  3.125e+11
     338.4  3.125e+11
     342.4  3.125e+11
     346.4  3.125e+11
