     2.002  1.885e-16
     6.007  3.175e-17
     10.01  1.173e-17
     14.02  7.448e-18
     18.02  5.777e-18
     22.02  2.725e-18
     26.03  2.407e-18
     30.03   2.76e-18
     34.04  1.667e-18
     38.04  7.284e-19
     42.05  4.895e-19
     46.05  4.334e-19
     50.06  4.198e-19
     54.06  2.817e-19
     58.07  3.578e-19
     62.07  3.658e-19
     66.07  3.195e-19
     70.08  3.519e-19
     74.08  4.086e-19
     78.09   3.78e-19
     82.09  2.067e-19
      86.1  1.136e-19
      90.1  8.223e-20
     94.11  6.989e-20
     98.11  7.049e-20
     102.1  8.629e-20
     106.1  5.541e-20
     110.1  3.663e-20
     114.1  5.364e-20
     118.1  8.987e-20
     122.1  5.468e-20
     126.1  3.591e-20
     130.1  9.431e-21
     134.2   1.61e-20
     138.2   1.44e-20
     142.2  1.704e-20
     146.2  6.882e-21
     150.2  6.888e-21
     154.2  3.542e-21
     158.2  4.259e-21
     162.2  1.002e-20
     166.2  8.076e-21
     170.2  5.423e-21
     174.2  6.635e-21
     178.2  4.299e-21
     182.2  8.482e-21
     186.2  3.141e-21
     190.2  8.903e-21
     194.2  2.159e-20
     198.2   2.52e-20
     202.2  1.674e-20
     206.2  8.645e-21
     210.2  6.327e-21
     214.2  7.169e-22
     218.2  1.412e-21
     222.3  2.543e-21
     226.3  3.858e-21
     230.3  2.083e-21
     234.3  1.832e-21
     238.3  2.576e-21
     242.3  9.754e-22
     246.3  1.675e-21
     250.3      1e-23
     254.3      1e-23
     258.3      1e-23
     262.3      1e-23
     266.3      1e-23
     270.3      1e-23
     274.3      1e-23
     278.3      1e-23
     282.3      1e-23
     286.3      1e-23
     290.3      1e-23
     294.3      1e-23
     298.3      1e-23
     302.3      1e-23
     306.3      1e-23
     310.3      1e-23
     314.4      1e-23
     318.4      1e-23
     322.4      1e-23
     326.4      1e-23
     330.4      1e-23
     334.4      1e-23
     338.4      1e-23
     342.4      1e-23
     346.4      1e-23
