     2.002      17.33
     6.007      19.26
     10.01      20.34
     14.02      20.84
     18.02      21.11
     22.02      21.93
     26.03      22.06
     30.03      21.91
     34.04      22.46
     38.04      23.36
     42.05      23.79
     46.05      23.92
     50.06      23.96
     54.06      24.39
     58.07      24.13
     62.07      24.11
     66.07      24.25
     70.08      24.15
     74.08      23.99
     78.09      24.07
     82.09      24.73
      86.1      25.38
      90.1      25.73
     94.11      25.91
     98.11       25.9
     102.1      25.68
     106.1      26.16
     110.1      26.61
     114.1      26.19
     118.1      25.63
     122.1      26.17
     126.1      26.63
     130.1      28.08
     134.2       27.5
     138.2      27.62
     142.2      27.44
     146.2      28.42
     150.2      28.42
     154.2      29.14
     158.2      28.94
     162.2      28.01
     166.2      28.25
     170.2      28.68
     174.2      28.46
     178.2      28.93
     182.2      28.19
     186.2      29.27
     190.2      28.14
     194.2      27.18
     198.2      27.01
     202.2      27.46
     206.2      28.17
     210.2      28.51
     214.2      30.88
     218.2      30.14
     222.3       29.5
     226.3      29.05
     230.3      29.72
     234.3      29.86
     238.3      29.49
     242.3      30.54
     246.3      29.96
     250.3      35.52
     254.3      35.52
     258.3      35.52
     262.3      35.52
     266.3      35.52
     270.3      35.52
     274.3      35.52
     278.3      35.52
     282.3      35.52
     286.3      35.52
     290.3      35.52
     294.3      35.52
     298.3      35.52
     302.3      35.52
     306.3      35.52
     310.3      35.52
     314.4      35.52
     318.4      35.52
     322.4      35.52
     326.4      35.52
     330.4      35.52
     334.4      35.52
     338.4      35.52
     342.4      35.52
     346.4      35.52
