     2.001  3.104e+10
     6.002  1.194e+11
        10  2.522e+11
        14   3.94e+11
        18  5.321e+11
     22.01  6.678e+11
     26.01  7.955e+11
     30.01  9.236e+11
     34.01  1.041e+12
     38.01  1.155e+12
     42.01   1.26e+12
     46.01  1.359e+12
     50.01  1.453e+12
     54.01  1.543e+12
     58.02  1.631e+12
     62.02  1.714e+12
     66.02  1.793e+12
     70.02  1.869e+12
     74.02  1.944e+12
     78.02  2.017e+12
     82.02   2.09e+12
     86.02  2.163e+12
     90.02  2.234e+12
     94.03  2.302e+12
     98.03  2.367e+12
       102  2.429e+12
       106  2.488e+12
       110   2.55e+12
       114  2.613e+12
       118  2.682e+12
       122  2.755e+12
       126  2.828e+12
       130  2.906e+12
       134  2.986e+12
       138  3.068e+12
       142  3.137e+12
       146  3.206e+12
       150  3.269e+12
       154  3.331e+12
       158   3.39e+12
       162  3.448e+12
       166  3.501e+12
       170  3.549e+12
       174  3.596e+12
       178  3.639e+12
     182.1  3.684e+12
     186.1  3.727e+12
     190.1  3.769e+12
     194.1  3.811e+12
     198.1  3.855e+12
     202.1  3.897e+12
     206.1  3.937e+12
     210.1  3.972e+12
     214.1  4.006e+12
     218.1  4.041e+12
     222.1  4.075e+12
     226.1   4.11e+12
     230.1  4.143e+12
     234.1  4.175e+12
     238.1  4.208e+12
     242.1  4.244e+12
     246.1  4.281e+12
     250.1  4.316e+12
     254.1  4.342e+12
     258.1  4.363e+12
     262.1  4.384e+12
     266.1  4.405e+12
     270.1  4.423e+12
     274.1  4.436e+12
     278.1   4.45e+12
     282.1  4.463e+12
     286.1  4.471e+12
     290.1  4.479e+12
     294.1  4.487e+12
     298.1  4.495e+12
     302.1  4.502e+12
     306.1  4.507e+12
     310.1  4.513e+12
     314.1  4.517e+12
     318.1  4.521e+12
     322.1  4.524e+12
     326.1  4.526e+12
     330.1  4.528e+12
     334.1   4.53e+12
     338.1  4.531e+12
     342.1  4.532e+12
     346.1  4.533e+12
     350.1  4.534e+12
