     6.002  9.326e+08
        10  6.069e+08
     14.01  4.226e+08
     18.01  2.953e+08
     22.01   2.14e+08
     26.01  1.636e+08
     30.01  1.268e+08
     34.01  1.127e+08
     38.02  9.705e+07
     42.02  7.435e+07
     46.02  6.124e+07
     50.02  4.889e+07
     54.02  4.269e+07
     58.02  3.799e+07
     62.02  3.597e+07
     66.03  3.364e+07
     70.03  3.298e+07
     74.03  3.056e+07
     78.03  2.976e+07
     82.03  2.546e+07
     86.03  2.238e+07
     90.04  2.207e+07
     94.04  1.933e+07
     98.04  1.726e+07
       102  1.659e+07
       106  1.342e+07
       110  1.279e+07
       114  1.201e+07
       118  1.133e+07
       122  9.662e+06
       126  8.956e+06
     130.1  7.565e+06
     134.1   6.84e+06
     138.1   7.11e+06
     142.1  6.714e+06
     146.1  6.543e+06
     150.1  5.312e+06
     154.1  4.545e+06
     158.1  4.383e+06
     162.1  3.462e+06
     166.1  3.162e+06
     170.1  3.306e+06
     174.1  2.975e+06
     178.1  2.718e+06
     182.1  2.836e+06
     186.1  2.411e+06
     190.1  2.414e+06
     194.1  2.094e+06
     198.1   2.06e+06
     202.1  2.012e+06
     206.1   2.19e+06
     210.1  1.808e+06
     214.1  1.587e+06
     218.1  1.612e+06
     222.1  1.282e+06
     226.1  1.475e+06
     230.1  1.274e+06
     234.1  1.175e+06
     238.1  1.108e+06
     242.1  1.004e+06
     246.1  9.849e+05
     250.1  8.724e+05
     254.1  6.894e+05
     258.1  8.054e+05
     262.1  7.968e+05
     266.1  5.661e+05
     270.1  4.243e+05
     274.1  3.729e+05
     278.1   3.35e+05
     282.1  2.917e+05
     286.1   2.79e+05
     290.1  2.757e+05
     294.1  1.368e+05
     298.1  1.628e+05
     302.1  1.492e+05
     306.1  1.259e+05
     310.1  1.391e+05
     314.1  1.191e+05
     318.1  7.759e+04
     322.1  6.245e+04
     326.1  3.807e+04
     330.1  4.836e+04
     334.1  1.697e+04
     338.1  1.807e+04
     342.1       4065
     346.1       4329
     350.1       4699
