     2.001  4.293e+10
     6.002  1.837e+11
        10  3.363e+11
     14.01  4.851e+11
     18.01  6.188e+11
     22.01  7.372e+11
     26.01  8.442e+11
     30.01  9.399e+11
     34.01  1.036e+12
     38.02  1.129e+12
     42.02  1.208e+12
     46.02  1.278e+12
     50.02   1.34e+12
     54.02  1.398e+12
     58.02  1.453e+12
     62.02  1.509e+12
     66.03  1.565e+12
     70.03  1.623e+12
     74.03   1.68e+12
     78.03  1.739e+12
     82.03  1.791e+12
     86.03   1.84e+12
     90.04  1.889e+12
     94.04  1.935e+12
     98.04  1.978e+12
       102   2.02e+12
       106  2.056e+12
       110  2.091e+12
       114  2.126e+12
       118   2.16e+12
       122  2.189e+12
       126  2.218e+12
     130.1  2.242e+12
     134.1  2.265e+12
     138.1   2.29e+12
     142.1  2.314e+12
     146.1  2.338e+12
     150.1  2.358e+12
     154.1  2.376e+12
     158.1  2.393e+12
     162.1  2.407e+12
     166.1   2.42e+12
     170.1  2.435e+12
     174.1  2.448e+12
     178.1   2.46e+12
     182.1  2.473e+12
     186.1  2.484e+12
     190.1  2.496e+12
     194.1  2.506e+12
     198.1  2.516e+12
     202.1  2.526e+12
     206.1  2.538e+12
     210.1  2.547e+12
     214.1  2.556e+12
     218.1  2.565e+12
     222.1  2.572e+12
     226.1   2.58e+12
     230.1  2.587e+12
     234.1  2.594e+12
     238.1  2.601e+12
     242.1  2.607e+12
     246.1  2.613e+12
     250.1  2.619e+12
     254.1  2.623e+12
     258.1  2.628e+12
     262.1  2.634e+12
     266.1  2.637e+12
     270.1   2.64e+12
     274.1  2.643e+12
     278.1  2.645e+12
     282.1  2.647e+12
     286.1  2.649e+12
     290.1  2.651e+12
     294.1  2.652e+12
     298.1  2.653e+12
     302.1  2.655e+12
     306.1  2.656e+12
     310.1  2.657e+12
     314.1  2.658e+12
     318.1  2.658e+12
     322.1  2.659e+12
     326.1  2.659e+12
     330.1  2.659e+12
     334.1   2.66e+12
     338.1   2.66e+12
     342.1   2.66e+12
     346.1   2.66e+12
     350.1   2.66e+12
