     2.001  8.846e-17
     6.002  2.741e-17
        10  1.827e-17
     14.01  1.274e-17
     18.01  1.018e-17
     22.01   8.39e-18
     26.01  6.412e-18
     30.01  5.911e-18
     34.01  6.042e-18
     38.02  6.661e-18
     42.02  3.949e-18
     46.02  2.806e-18
     50.02   2.37e-18
     54.02   1.96e-18
     58.02  1.765e-18
     62.02    1.7e-18
     66.03  1.747e-18
     70.03  1.481e-18
     74.03   1.37e-18
     78.03  1.244e-18
     82.03  1.206e-18
     86.03   9.57e-19
     90.04  8.693e-19
     94.04  8.883e-19
     98.04  6.984e-19
       102  6.319e-19
       106   5.68e-19
       110  5.251e-19
       114  4.766e-19
       118  4.237e-19
       122   3.99e-19
       126  3.889e-19
     130.1  4.446e-19
     134.1  2.711e-19
     138.1  2.618e-19
     142.1  2.632e-19
     146.1  2.215e-19
     150.1   2.06e-19
     154.1  1.811e-19
     158.1  1.629e-19
     162.1  1.508e-19
     166.1  1.412e-19
     170.1  1.374e-19
     174.1  1.286e-19
     178.1  1.307e-19
     182.1  1.112e-19
     186.1    1.1e-19
     190.1  1.071e-19
     194.1   9.15e-20
     198.1  8.428e-20
     202.1  9.101e-20
     206.1  8.714e-20
     210.1   8.27e-20
     214.1  8.104e-20
     218.1  7.536e-20
     222.1  7.032e-20
     226.1  7.207e-20
     230.1  6.343e-20
     234.1  5.822e-20
     238.1  5.489e-20
     242.1  4.832e-20
     246.1  4.715e-20
     250.1   3.95e-20
     254.1  4.692e-20
     258.1  4.667e-20
     262.1  4.983e-20
     266.1  3.685e-20
     270.1  2.956e-20
     274.1   3.16e-20
     278.1  3.389e-20
     282.1  3.865e-20
     286.1  3.615e-20
     290.1  2.458e-20
     294.1  1.687e-20
     298.1  2.266e-20
     302.1  2.532e-20
     306.1  2.957e-20
     310.1  2.905e-20
     314.1  2.319e-20
     318.1  2.087e-20
     322.1  2.024e-20
     326.1  1.668e-20
     330.1  9.686e-21
     334.1  1.389e-20
     338.1  9.147e-21
     342.1  5.178e-21
     346.1   2.26e-20
     350.1  2.604e-20
