     2.001      18.15
     6.002      19.42
        10      19.86
     14.01      20.25
     18.01       20.5
     22.01      20.71
     26.01         21
     30.01      21.09
     34.01      21.06
     38.02      20.96
     42.02      21.52
     46.02       21.9
     50.02      22.08
     54.02      22.29
     58.02       22.4
     62.02      22.44
     66.03      22.41
     70.03      22.59
     74.03      22.67
     78.03      22.78
     82.03      22.81
     86.03      23.06
     90.04      23.17
     94.04      23.14
     98.04      23.41
       102      23.51
       106      23.63
       110      23.72
       114      23.82
       118      23.95
       122      24.01
       126      24.04
     130.1       23.9
     134.1      24.43
     138.1      24.47
     142.1      24.47
     146.1      24.65
     150.1      24.73
     154.1      24.87
     158.1      24.99
     162.1      25.07
     166.1      25.14
     170.1      25.17
     174.1      25.24
     178.1      25.23
     182.1       25.4
     186.1      25.41
     190.1      25.44
     194.1      25.61
     198.1       25.7
     202.1      25.62
     206.1      25.67
     210.1      25.72
     214.1      25.74
     218.1      25.82
     222.1       25.9
     226.1      25.87
     230.1      26.01
     234.1       26.1
     238.1      26.17
     242.1      26.31
     246.1      26.33
     250.1      26.52
     254.1      26.34
     258.1      26.34
     262.1      26.27
     266.1       26.6
     270.1      26.84
     274.1      26.77
     278.1      26.69
     282.1      26.55
     286.1      26.62
     290.1      27.04
     294.1      27.45
     298.1      27.13
     302.1      27.01
     306.1      26.84
     310.1      26.86
     314.1       27.1
     318.1      27.22
     322.1      27.25
     326.1      27.46
     330.1      28.05
     334.1      27.66
     338.1      28.11
     342.1      28.73
     346.1      27.13
     350.1      26.98
