     6.002  3.648e+08
        10  2.739e+08
        14  2.213e+08
        18   1.88e+08
     22.01  1.562e+08
     26.01  1.431e+08
     30.01  1.287e+08
     34.01  1.113e+08
     38.01  1.005e+08
     42.01  8.733e+07
     46.01  7.818e+07
     50.01  6.665e+07
     54.01  5.938e+07
     58.02  5.437e+07
     62.02  4.594e+07
     66.02  4.247e+07
     70.02  3.794e+07
     74.02  3.532e+07
     78.02  3.225e+07
     82.02  3.012e+07
     86.02  2.867e+07
     90.02  2.911e+07
     94.03  2.689e+07
     98.03  2.539e+07
       102  2.232e+07
       106   2.11e+07
       110  1.904e+07
       114  1.802e+07
       118  1.669e+07
       122  1.538e+07
       126  1.728e+07
       130  1.569e+07
       134  1.428e+07
       138  1.416e+07
       142   1.38e+07
       146  1.359e+07
       150  1.255e+07
       154  1.146e+07
       158  1.093e+07
       162  1.029e+07
       166  8.663e+06
       170  8.706e+06
       174  8.805e+06
       178  8.136e+06
     182.1  7.674e+06
     186.1  7.579e+06
     190.1  7.161e+06
     194.1  6.967e+06
     198.1  6.702e+06
     202.1  6.689e+06
     206.1  6.603e+06
     210.1  6.502e+06
     214.1  7.019e+06
     218.1  6.617e+06
     222.1  6.115e+06
     226.1  5.996e+06
     230.1  6.067e+06
     234.1  5.922e+06
     238.1  5.412e+06
     242.1  4.922e+06
     246.1  4.966e+06
     250.1  4.777e+06
     254.1  4.095e+06
     258.1  3.276e+06
     262.1  3.096e+06
     266.1  2.516e+06
     270.1  1.602e+06
     274.1  1.901e+06
     278.1  1.636e+06
     282.1  1.466e+06
     286.1  1.984e+06
     290.1  1.592e+06
     294.1  1.191e+06
     298.1  1.074e+06
     302.1  8.854e+05
     306.1  6.932e+05
     310.1  5.745e+05
     314.1  4.742e+05
     318.1  2.918e+05
     322.1  3.413e+05
     326.1  2.779e+05
     330.1  2.536e+05
     334.1  2.236e+05
     338.1   1.41e+05
     342.1  1.212e+05
     346.1  6.184e+04
     350.1  3.434e+04
