     2.001  1.963e+10
     6.002  7.467e+10
        10  1.436e+11
        14  2.215e+11
        18  3.066e+11
     22.01   3.93e+11
     26.01  4.865e+11
     30.01  5.836e+11
     34.01  6.788e+11
     38.01  7.749e+11
     42.01  8.671e+11
     46.01  9.575e+11
     50.01  1.041e+12
     54.01  1.122e+12
     58.02  1.201e+12
     62.02  1.273e+12
     66.02  1.343e+12
     70.02   1.41e+12
     74.02  1.476e+12
     78.02  1.539e+12
     82.02  1.601e+12
     86.02  1.663e+12
     90.02  1.729e+12
     94.03  1.793e+12
     98.03  1.855e+12
       102  1.912e+12
       106  1.969e+12
       110  2.021e+12
       114  2.073e+12
       118  2.123e+12
       122   2.17e+12
       126  2.225e+12
       130  2.276e+12
       134  2.324e+12
       138  2.373e+12
       142  2.422e+12
       146  2.472e+12
       150   2.52e+12
       154  2.564e+12
       158  2.607e+12
       162  2.649e+12
       166  2.686e+12
       170  2.723e+12
       174  2.761e+12
       178  2.798e+12
     182.1  2.833e+12
     186.1  2.868e+12
     190.1  2.902e+12
     194.1  2.936e+12
     198.1   2.97e+12
     202.1  3.004e+12
     206.1  3.038e+12
     210.1  3.072e+12
     214.1   3.11e+12
     218.1  3.146e+12
     222.1  3.181e+12
     226.1  3.215e+12
     230.1   3.25e+12
     234.1  3.285e+12
     238.1  3.317e+12
     242.1  3.347e+12
     246.1  3.378e+12
     250.1  3.408e+12
     254.1  3.434e+12
     258.1  3.455e+12
     262.1  3.475e+12
     266.1  3.492e+12
     270.1  3.503e+12
     274.1  3.516e+12
     278.1  3.528e+12
     282.1  3.538e+12
     286.1  3.552e+12
     290.1  3.564e+12
     294.1  3.573e+12
     298.1  3.581e+12
     302.1  3.588e+12
     306.1  3.593e+12
     310.1  3.597e+12
     314.1  3.601e+12
     318.1  3.603e+12
     322.1  3.606e+12
     326.1  3.608e+12
     330.1  3.611e+12
     334.1  3.612e+12
     338.1  3.614e+12
     342.1  3.615e+12
     346.1  3.615e+12
     350.1  3.616e+12
