     2.001  1.438e-16
     6.002    5.7e-18
        10  4.665e-18
        14  4.348e-18
        18  3.129e-18
     22.01  2.822e-18
     26.01  2.603e-18
     30.01  2.282e-18
     34.01  2.145e-18
     38.01  1.931e-18
     42.01  1.704e-18
     46.01  1.539e-18
     50.01  1.419e-18
     54.01  1.137e-18
     58.02  9.942e-19
     62.02  8.876e-19
     66.02  7.857e-19
     70.02  7.058e-19
     74.02  6.675e-19
     78.02  6.124e-19
     82.02  5.255e-19
     86.02  5.542e-19
     90.02  5.398e-19
     94.03  4.381e-19
     98.03  4.147e-19
       102   3.79e-19
       106  3.411e-19
       110  3.323e-19
       114  3.116e-19
       118  2.633e-19
       122  2.712e-19
       126  2.658e-19
       130  2.315e-19
       134  2.315e-19
       138  2.268e-19
       142  2.518e-19
       146  2.304e-19
       150  2.172e-19
       154  2.167e-19
       158  2.026e-19
       162  1.669e-19
       166  1.503e-19
       170    1.6e-19
       174  1.426e-19
       178  1.398e-19
     182.1  1.433e-19
     186.1  1.422e-19
     190.1   1.39e-19
     194.1  1.363e-19
     198.1  1.216e-19
     202.1  1.344e-19
     206.1   1.92e-19
     210.1  1.985e-19
     214.1  1.782e-19
     218.1  1.028e-19
     222.1  1.016e-19
     226.1  9.821e-20
     230.1  1.109e-19
     234.1  9.804e-20
     238.1  8.734e-20
     242.1  9.697e-20
     246.1  9.166e-20
     250.1  8.845e-20
     254.1  1.046e-19
     258.1  9.352e-20
     262.1  7.771e-20
     266.1   6.32e-20
     270.1  6.751e-20
     274.1  8.471e-20
     278.1  7.036e-20
     282.1   9.22e-20
     286.1  9.201e-20
     290.1  6.625e-20
     294.1  6.052e-20
     298.1  6.549e-20
     302.1  6.654e-20
     306.1  4.766e-20
     310.1  4.886e-20
     314.1  4.596e-20
     318.1  3.455e-20
     322.1  5.047e-20
     326.1  5.013e-20
     330.1  3.889e-20
     334.1  4.128e-20
     338.1  2.779e-20
     342.1  3.869e-20
     346.1  3.022e-20
     350.1  1.794e-20
