     2.001      17.62
     6.002      21.13
        10      21.34
        14      21.42
        18      21.78
     22.01      21.89
     26.01      21.98
     30.01      22.12
     34.01      22.19
     38.01       22.3
     42.01      22.44
     46.01      22.55
     50.01      22.64
     54.01      22.88
     58.02      23.02
     62.02      23.15
     66.02      23.28
     70.02      23.39
     74.02      23.45
     78.02      23.55
     82.02      23.71
     86.02      23.66
     90.02      23.69
     94.03      23.91
     98.03      23.97
       102      24.07
       106      24.18
       110      24.21
       114      24.28
       118      24.47
       122      24.43
       126      24.45
       130       24.6
       134       24.6
       138      24.63
       142      24.51
       146      24.61
       150      24.67
       154      24.68
       158      24.75
       162      24.96
       166      25.07
       170      25.01
       174      25.13
       178      25.15
     182.1      25.13
     186.1      25.13
     190.1      25.16
     194.1      25.18
     198.1       25.3
     202.1       25.2
     206.1      24.81
     210.1      24.77
     214.1      24.89
     218.1      25.49
     222.1       25.5
     226.1      25.54
     230.1       25.4
     234.1      25.54
     238.1      25.66
     242.1      25.55
     246.1      25.61
     250.1      25.65
     254.1      25.47
     258.1      25.59
     262.1      25.79
     266.1      26.01
     270.1      25.94
     274.1       25.7
     278.1       25.9
     282.1       25.6
     286.1      25.61
     290.1      25.96
     294.1      26.06
     298.1      25.98
     302.1      25.96
     306.1      26.32
     310.1      26.29
     314.1      26.36
     318.1      26.67
     322.1      26.26
     326.1      26.27
     330.1      26.54
     334.1      26.48
     338.1      26.91
     342.1      26.55
     346.1      26.82
     350.1      27.38
