     6.002  4.192e+08
        10  3.079e+08
        14  2.145e+08
        18  1.719e+08
     22.01  1.465e+08
     26.01  1.172e+08
     30.01  9.617e+07
     34.01  7.901e+07
     38.01  6.676e+07
     42.01  5.898e+07
     46.01  5.275e+07
     50.01  4.384e+07
     54.01  4.083e+07
     58.02   3.71e+07
     62.02  3.288e+07
     66.02  3.226e+07
     70.02  3.005e+07
     74.02  2.677e+07
     78.02  2.635e+07
     82.02  2.335e+07
     86.02  2.156e+07
     90.02  2.091e+07
     94.03  1.849e+07
     98.03  1.924e+07
       102  1.855e+07
       106  1.728e+07
       110  1.728e+07
       114  1.662e+07
       118  1.525e+07
       122  1.303e+07
       126  1.264e+07
       130  1.268e+07
       134  1.242e+07
       138  1.197e+07
       142  1.153e+07
       146  1.128e+07
       150  1.099e+07
       154  9.742e+06
       158  9.658e+06
       162  8.692e+06
       166  8.101e+06
       170  7.692e+06
       174  7.007e+06
       178  6.261e+06
     182.1  6.744e+06
     186.1   5.95e+06
     190.1  5.186e+06
     194.1  5.073e+06
     198.1  4.836e+06
     202.1  4.202e+06
     206.1  3.918e+06
     210.1  3.749e+06
     214.1  3.754e+06
     218.1   3.52e+06
     222.1  3.715e+06
     226.1  3.586e+06
     230.1  3.207e+06
     234.1  3.284e+06
     238.1  3.196e+06
     242.1  3.174e+06
     246.1  3.192e+06
     250.1  2.703e+06
     254.1  2.338e+06
     258.1  1.691e+06
     262.1  1.551e+06
     266.1  1.116e+06
     270.1  1.164e+06
     274.1  9.122e+05
     278.1  7.478e+05
     282.1   8.08e+05
     286.1  5.729e+05
     290.1  4.681e+05
     294.1   3.99e+05
     298.1  3.662e+05
     302.1   4.05e+05
     306.1   3.89e+05
     310.1   2.04e+05
     314.1  2.511e+05
     318.1  1.744e+05
     322.1  1.581e+05
     326.1   1.33e+05
     330.1  8.843e+04
     334.1   9.14e+04
     338.1  5.277e+04
     342.1  6.499e+04
     346.1  5.526e+04
     350.1       8006
