     2.001  2.076e+10
     6.002  8.401e+10
        10  1.614e+11
        14   2.37e+11
        18  3.148e+11
     22.01  3.958e+11
     26.01  4.725e+11
     30.01   5.45e+11
     34.01  6.126e+11
     38.01  6.763e+11
     42.01  7.386e+11
     46.01  7.997e+11
     50.01  8.548e+11
     54.01  9.102e+11
     58.02  9.643e+11
     62.02  1.016e+12
     66.02  1.069e+12
     70.02  1.122e+12
     74.02  1.172e+12
     78.02  1.224e+12
     82.02  1.272e+12
     86.02  1.318e+12
     90.02  1.366e+12
     94.03  1.409e+12
     98.03  1.457e+12
       102  1.504e+12
       106   1.55e+12
       110  1.598e+12
       114  1.646e+12
       118  1.691e+12
       122  1.731e+12
       126  1.771e+12
       130  1.813e+12
       134  1.854e+12
       138  1.896e+12
       142  1.937e+12
       146  1.979e+12
       150   2.02e+12
       154  2.058e+12
       158  2.096e+12
       162  2.131e+12
       166  2.165e+12
       170  2.198e+12
       174  2.229e+12
       178  2.257e+12
     182.1  2.288e+12
     186.1  2.316e+12
     190.1   2.34e+12
     194.1  2.365e+12
     198.1  2.389e+12
     202.1  2.411e+12
     206.1  2.431e+12
     210.1  2.451e+12
     214.1  2.471e+12
     218.1   2.49e+12
     222.1  2.511e+12
     226.1  2.531e+12
     230.1   2.55e+12
     234.1  2.569e+12
     238.1  2.588e+12
     242.1  2.608e+12
     246.1  2.627e+12
     250.1  2.644e+12
     254.1  2.659e+12
     258.1   2.67e+12
     262.1   2.68e+12
     266.1  2.688e+12
     270.1  2.696e+12
     274.1  2.702e+12
     278.1  2.707e+12
     282.1  2.713e+12
     286.1  2.717e+12
     290.1  2.721e+12
     294.1  2.723e+12
     298.1  2.726e+12
     302.1  2.729e+12
     306.1  2.732e+12
     310.1  2.734e+12
     314.1  2.736e+12
     318.1  2.737e+12
     322.1  2.739e+12
     326.1   2.74e+12
     330.1   2.74e+12
     334.1  2.741e+12
     338.1  2.742e+12
     342.1  2.742e+12
     346.1  2.743e+12
     350.1  2.743e+12
