     2.001   9.24e-18
     6.002   5.57e-18
        10  3.963e-18
        14  3.044e-18
        18  2.954e-18
     22.01  2.172e-18
     26.01   1.83e-18
     30.01  1.407e-18
     34.01  1.158e-18
     38.01  9.863e-19
     42.01  9.314e-19
     46.01  8.154e-19
     50.01  7.958e-19
     54.01  7.062e-19
     58.02  6.193e-19
     62.02  6.133e-19
     66.02  5.489e-19
     70.02  5.055e-19
     74.02  4.973e-19
     78.02  5.037e-19
     82.02  4.482e-19
     86.02  3.796e-19
     90.02  3.708e-19
     94.03  3.731e-19
     98.03   3.94e-19
       102  3.989e-19
       106  3.332e-19
       110  3.652e-19
       114  2.973e-19
       118  2.843e-19
       122  2.929e-19
       126  2.455e-19
       130  2.546e-19
       134  2.352e-19
       138  2.685e-19
       142  2.738e-19
       146  2.686e-19
       150  3.313e-19
       154  3.678e-19
       158  3.067e-19
       162   2.08e-19
       166  2.009e-19
       170  1.512e-19
       174  1.383e-19
       178  1.514e-19
     182.1   1.36e-19
     186.1  1.229e-19
     190.1  1.032e-19
     194.1  9.504e-20
     198.1  9.643e-20
     202.1  8.629e-20
     206.1  7.709e-20
     210.1  8.036e-20
     214.1    6.3e-20
     218.1   7.06e-20
     222.1  7.878e-20
     226.1  6.548e-20
     230.1  5.969e-20
     234.1   7.62e-20
     238.1  7.804e-20
     242.1  1.012e-19
     246.1  8.674e-20
     250.1  5.591e-20
     254.1  5.985e-20
     258.1  5.978e-20
     262.1  5.153e-20
     266.1  4.962e-20
     270.1  5.058e-20
     274.1  3.945e-20
     278.1  3.941e-20
     282.1  4.391e-20
     286.1  3.207e-20
     290.1  2.385e-20
     294.1   2.49e-20
     298.1  2.564e-20
     302.1  3.244e-20
     306.1  2.537e-20
     310.1  2.438e-20
     314.1  2.167e-20
     318.1  2.214e-20
     322.1  1.845e-20
     326.1  1.284e-20
     330.1  1.428e-20
     334.1  1.584e-20
     338.1  1.634e-20
     342.1  2.754e-20
     346.1  1.913e-20
     350.1  5.185e-21
