     2.001       20.6
     6.002      21.15
        10      21.52
        14      21.81
        18      21.84
     22.01      22.17
     26.01      22.36
     30.01      22.65
     34.01      22.86
     38.01      23.03
     42.01      23.09
     46.01      23.24
     50.01      23.26
     54.01      23.39
     58.02      23.54
     62.02      23.55
     66.02      23.67
     70.02      23.76
     74.02      23.77
     78.02      23.76
     82.02      23.89
     86.02      24.07
     90.02      24.09
     94.03      24.09
     98.03      24.03
       102      24.01
       106      24.21
       110      24.11
       114      24.33
       118      24.38
       122      24.35
       126      24.54
       130       24.5
       134      24.59
       138      24.44
       142      24.42
       146      24.44
       150      24.22
       154       24.1
       158       24.3
       162      24.72
       166      24.76
       170      25.07
       174      25.16
       178      25.07
     182.1      25.18
     186.1      25.29
     190.1      25.48
     194.1      25.57
     198.1      25.56
     202.1      25.68
     206.1       25.8
     210.1      25.75
     214.1      26.02
     218.1      25.89
     222.1      25.78
     226.1      25.98
     230.1      26.08
     234.1      25.81
     238.1      25.79
     242.1       25.5
     246.1      25.67
     250.1      26.15
     254.1      26.07
     258.1      26.07
     262.1      26.24
     266.1      26.28
     270.1      26.26
     274.1      26.53
     278.1      26.53
     282.1      26.41
     286.1      26.75
     290.1      27.07
     294.1      27.03
     298.1      26.99
     302.1      26.74
     306.1      27.01
     310.1      27.05
     314.1      27.18
     318.1      27.15
     322.1      27.35
     326.1      27.74
     330.1      27.63
     334.1      27.52
     338.1      27.48
     342.1      26.92
     346.1      27.31
     350.1      28.73
