     2.001  2.718e+10
     6.002  8.267e+10
        10  1.724e+11
        14  2.753e+11
        18    3.8e+11
     22.01  4.857e+11
     26.01  5.891e+11
     30.01  6.871e+11
     34.01  7.833e+11
     38.01  8.776e+11
     42.01  9.698e+11
     46.01  1.057e+12
     50.01  1.142e+12
     54.01  1.224e+12
     58.02  1.301e+12
     62.02  1.378e+12
     66.02  1.452e+12
     70.02  1.523e+12
     74.02  1.597e+12
     78.02  1.668e+12
     82.02  1.736e+12
     86.02  1.806e+12
     90.02  1.874e+12
     94.03  1.942e+12
     98.03  2.011e+12
       102  2.083e+12
       106   2.15e+12
       110  2.216e+12
       114  2.281e+12
       118  2.347e+12
       122   2.41e+12
       126  2.472e+12
       130  2.532e+12
       134  2.592e+12
       138   2.65e+12
       142  2.709e+12
       146  2.776e+12
       150   2.84e+12
       154  2.905e+12
       158  2.967e+12
       162  3.022e+12
       166  3.077e+12
       170  3.128e+12
       174  3.176e+12
       178  3.223e+12
     182.1  3.271e+12
     186.1   3.32e+12
     190.1  3.367e+12
     194.1  3.411e+12
     198.1  3.454e+12
     202.1  3.495e+12
     206.1  3.535e+12
     210.1  3.578e+12
     214.1  3.619e+12
     218.1  3.661e+12
     222.1    3.7e+12
     226.1  3.741e+12
     230.1   3.78e+12
     234.1  3.819e+12
     238.1  3.857e+12
     242.1  3.898e+12
     246.1  3.938e+12
     250.1  3.974e+12
     254.1  4.005e+12
     258.1  4.033e+12
     262.1  4.057e+12
     266.1  4.079e+12
     270.1  4.098e+12
     274.1  4.115e+12
     278.1  4.131e+12
     282.1  4.149e+12
     286.1  4.166e+12
     290.1  4.177e+12
     294.1  4.186e+12
     298.1  4.196e+12
     302.1  4.204e+12
     306.1  4.212e+12
     310.1  4.218e+12
     314.1  4.224e+12
     318.1  4.229e+12
     322.1  4.232e+12
     326.1  4.236e+12
     330.1  4.239e+12
     334.1  4.242e+12
     338.1  4.244e+12
     342.1  4.245e+12
     346.1  4.246e+12
     350.1  4.247e+12
