     2.001  6.429e-18
     6.002  6.228e-18
        10  4.896e-18
        14  3.951e-18
        18  3.353e-18
     22.01  2.907e-18
     26.01  2.419e-18
     30.01  2.128e-18
     34.01  1.835e-18
     38.01  1.794e-18
     42.01  1.753e-18
     46.01  1.413e-18
     50.01  1.229e-18
     54.01  1.133e-18
     58.02  9.309e-19
     62.02   8.44e-19
     66.02  8.722e-19
     70.02   7.93e-19
     74.02  7.431e-19
     78.02  7.504e-19
     82.02   6.95e-19
     86.02  7.034e-19
     90.02  7.023e-19
     94.03  7.577e-19
     98.03  6.687e-19
       102  6.332e-19
       106  5.862e-19
       110  5.806e-19
       114  5.518e-19
       118  4.676e-19
       122  4.117e-19
       126   4.12e-19
       130  4.445e-19
       134  4.359e-19
       138  3.939e-19
       142  4.393e-19
       146  3.304e-19
       150  2.966e-19
       154  3.129e-19
       158  2.858e-19
       162  2.686e-19
       166  2.607e-19
       170  2.434e-19
       174  2.371e-19
       178  2.206e-19
     182.1  2.158e-19
     186.1  2.152e-19
     190.1  3.183e-19
     194.1   2.54e-19
     198.1  1.833e-19
     202.1   1.48e-19
     206.1  1.423e-19
     210.1  1.481e-19
     214.1  1.583e-19
     218.1  1.546e-19
     222.1  1.356e-19
     226.1  1.406e-19
     230.1  1.436e-19
     234.1  1.237e-19
     238.1  1.166e-19
     242.1  1.149e-19
     246.1  1.052e-19
     250.1  9.022e-20
     254.1  9.599e-20
     258.1  9.131e-20
     262.1  9.584e-20
     266.1  9.495e-20
     270.1  9.241e-20
     274.1  8.584e-20
     278.1  1.002e-19
     282.1  9.998e-20
     286.1  9.555e-20
     290.1  7.918e-20
     294.1  8.034e-20
     298.1  7.917e-20
     302.1  7.367e-20
     306.1  7.042e-20
     310.1  6.714e-20
     314.1  6.408e-20
     318.1  5.362e-20
     322.1   6.12e-20
     326.1  5.053e-20
     330.1  5.925e-20
     334.1  7.141e-20
     338.1  5.882e-20
     342.1  5.744e-20
     346.1  4.936e-20
     350.1  3.224e-20
