     6.068  5.702e+08
     10.11  3.434e+08
     14.16  2.707e+08
     18.21  1.788e+08
     22.25  1.048e+08
      26.3  7.962e+07
     30.34  6.455e+07
     34.39  5.057e+07
     38.43  4.561e+07
     42.48  4.028e+07
     46.52  3.574e+07
     50.57  2.605e+07
     54.62  2.362e+07
     58.66    2.2e+07
     62.71  1.814e+07
     66.75  1.639e+07
      70.8   1.47e+07
     74.84  1.152e+07
     78.89  9.728e+06
     82.94  1.173e+07
     86.98  8.499e+06
     91.03   7.69e+06
     95.07  5.417e+06
     99.12  8.576e+06
     103.2  6.391e+06
     107.2   5.08e+06
     111.3  3.908e+06
     115.3  3.173e+06
     119.3  4.023e+06
     123.4  3.829e+06
     127.4  3.138e+06
     131.5  3.516e+06
     135.5  2.927e+06
     139.6  2.368e+06
     143.6  2.177e+06
     147.7  1.987e+06
     151.7  2.778e+06
     155.8  2.112e+06
     159.8   1.59e+06
     163.8  1.915e+06
     167.9  1.648e+06
     171.9  2.037e+06
       176  1.929e+06
       180  1.592e+06
     184.1  1.977e+06
     188.1  1.707e+06
     192.2  1.487e+06
     196.2  1.283e+06
     200.3   1.67e+06
     204.3  1.586e+06
     208.4   1.13e+06
     212.4   9.89e+05
     216.4  7.719e+05
     220.5  7.925e+05
     224.5  7.096e+05
     228.6  8.056e+05
     232.6  6.777e+05
     236.7  5.436e+05
     240.7   6.06e+05
     244.8  8.394e+05
     248.8  5.587e+05
     252.9  4.728e+05
     256.9  3.648e+05
     260.9   2.72e+05
       265  1.686e+05
       269  1.281e+05
     273.1  7.913e+04
     277.1   5.46e+04
     281.2  4.551e+04
     285.2    6.1e+04
     289.3  5.863e+04
     293.3  5.111e+04
     297.4   5.35e+04
     301.4  5.925e+04
     305.4  9.569e+04
     309.5  4.551e+04
     313.5  5.974e+04
     317.6  4.113e+04
     321.6  1.899e+04
     325.7  1.918e+04
     329.7  1.298e+04
     333.8  1.046e+04
     337.8       8602
     341.9       4310
     345.9          0
     349.9          0
