     2.023  6.324e+10
     6.068  1.512e+11
     10.11  2.395e+11
     14.16  3.369e+11
     18.21  4.196e+11
     22.25  4.789e+11
      26.3  5.321e+11
     30.34  5.819e+11
     34.39  6.261e+11
     38.43  6.707e+11
     42.48  7.142e+11
     46.52  7.564e+11
     50.57  7.899e+11
     54.62  8.227e+11
     58.66  8.555e+11
     62.71  8.844e+11
     66.75  9.122e+11
      70.8  9.387e+11
     74.84  9.606e+11
     78.89  9.801e+11
     82.94  1.005e+12
     86.98  1.024e+12
     91.03  1.041e+12
     95.07  1.055e+12
     99.12  1.076e+12
     103.2  1.093e+12
     107.2  1.107e+12
     111.3  1.118e+12
     115.3  1.127e+12
     119.3  1.139e+12
     123.4  1.151e+12
     127.4  1.161e+12
     131.5  1.173e+12
     135.5  1.183e+12
     139.6  1.192e+12
     143.6    1.2e+12
     147.7  1.207e+12
     151.7  1.218e+12
     155.8  1.226e+12
     159.8  1.233e+12
     163.8  1.241e+12
     167.9  1.248e+12
     171.9  1.257e+12
       176  1.265e+12
       180  1.272e+12
     184.1  1.282e+12
     188.1   1.29e+12
     192.2  1.297e+12
     196.2  1.304e+12
     200.3  1.312e+12
     204.3   1.32e+12
     208.4  1.326e+12
     212.4  1.332e+12
     216.4  1.336e+12
     220.5   1.34e+12
     224.5  1.344e+12
     228.6  1.349e+12
     232.6  1.353e+12
     236.7  1.356e+12
     240.7   1.36e+12
     244.8  1.365e+12
     248.8  1.369e+12
     252.9  1.372e+12
     256.9  1.374e+12
     260.9  1.376e+12
       265  1.377e+12
       269  1.378e+12
     273.1  1.379e+12
     277.1  1.379e+12
     281.2  1.379e+12
     285.2   1.38e+12
     289.3   1.38e+12
     293.3  1.381e+12
     297.4  1.381e+12
     301.4  1.381e+12
     305.4  1.382e+12
     309.5  1.382e+12
     313.5  1.383e+12
     317.6  1.383e+12
     321.6  1.383e+12
     325.7  1.384e+12
     329.7  1.384e+12
     333.8  1.384e+12
     337.8  1.384e+12
     341.9  1.384e+12
     345.9  1.384e+12
     349.9  1.384e+12
