     2.023  1.152e-16
     6.068  3.242e-17
     10.11  2.216e-17
     14.16  1.842e-17
     18.21  1.084e-17
     22.25  7.194e-18
      26.3  5.776e-18
     30.34  5.251e-18
     34.39  5.286e-18
     38.43  4.603e-18
     42.48  4.526e-18
     46.52  4.107e-18
     50.57  3.018e-18
     54.62  3.206e-18
     58.66  2.958e-18
     62.71  1.946e-18
     66.75  2.188e-18
      70.8  1.712e-18
     74.84  1.201e-18
     78.89  1.449e-18
     82.94  1.406e-18
     86.98  9.559e-19
     91.03  6.642e-19
     95.07   6.25e-19
     99.12  8.155e-19
     103.2  7.999e-19
     107.2   7.62e-19
     111.3  4.269e-19
     115.3  3.825e-19
     119.3   4.16e-19
     123.4  3.543e-19
     127.4  4.972e-19
     131.5  3.493e-19
     135.5   2.69e-19
     139.6  2.032e-19
     143.6  2.196e-19
     147.7  2.243e-19
     151.7  2.268e-19
     155.8  1.893e-19
     159.8   1.75e-19
     163.8  1.826e-19
     167.9  1.568e-19
     171.9  2.137e-19
       176  1.528e-19
       180  1.824e-19
     184.1  2.113e-19
     188.1  1.709e-19
     192.2  1.423e-19
     196.2  1.271e-19
     200.3  1.413e-19
     204.3  1.061e-19
     208.4  9.003e-20
     212.4  8.659e-20
     216.4   7.57e-20
     220.5  7.979e-20
     224.5   7.51e-20
     228.6  1.009e-19
     232.6  1.144e-19
     236.7  6.983e-20
     240.7  6.817e-20
     244.8  6.589e-20
     248.8  5.638e-20
     252.9  1.339e-19
     256.9  1.076e-19
     260.9   1.22e-19
       265  7.502e-20
       269  1.902e-19
     273.1  1.535e-20
     277.1  7.891e-21
     281.2  8.839e-21
     285.2  1.515e-20
     289.3  9.267e-21
     293.3  1.234e-20
     297.4  2.131e-20
     301.4  2.431e-20
     305.4  2.581e-20
     309.5  2.566e-19
     313.5  2.816e-19
     317.6  1.636e-19
     321.6  1.605e-19
     325.7  3.667e-20
     329.7   7.55e-21
     333.8  3.322e-21
     337.8  1.286e-20
     341.9  3.142e-22
     345.9      1e-23
     349.9      1e-23
