     2.023      17.86
     6.068      19.24
     10.11      19.65
     14.16      19.85
     18.21      20.43
     22.25      20.87
      26.3      21.11
     30.34      21.22
     34.39      21.21
     38.43      21.36
     42.48      21.38
     46.52      21.48
     50.57      21.82
     54.62      21.75
     58.66      21.84
     62.71      22.29
     66.75      22.17
      70.8      22.43
     74.84      22.82
     78.89      22.61
     82.94      22.65
     86.98      23.07
     91.03      23.46
     95.07      23.53
     99.12      23.24
     103.2      23.26
     107.2      23.31
     111.3      23.94
     115.3      24.06
     119.3      23.97
     123.4      24.14
     127.4      23.77
     131.5      24.16
     135.5      24.44
     139.6      24.75
     143.6      24.66
     147.7      24.64
     151.7      24.63
     155.8      24.82
     159.8      24.91
     163.8      24.86
     167.9      25.03
     171.9      24.69
       176      25.06
       180      24.86
     184.1       24.7
     188.1      24.93
     192.2      25.13
     196.2      25.26
     200.3      25.14
     204.3      25.45
     208.4      25.63
     212.4      25.67
     216.4      25.82
     220.5      25.76
     224.5      25.83
     228.6      25.51
     232.6      25.37
     236.7      25.91
     240.7      25.93
     244.8      25.97
     248.8      26.14
     252.9       25.2
     256.9      25.44
     260.9       25.3
       265      25.83
       269      24.82
     273.1      27.55
     277.1      28.27
     281.2      28.15
     285.2      27.57
     289.3       28.1
     293.3      27.79
     297.4      27.19
     301.4      27.05
     305.4      26.99
     309.5      24.49
     313.5      24.39
     317.6      24.98
     321.6         25
     325.7      26.61
     329.7      28.32
     333.8      29.21
     337.8      27.74
     341.9      31.77
     345.9      35.52
     349.9      35.52
