     2.001  2.312e+10
     6.002  9.119e+10
        10  1.752e+11
        14  2.703e+11
        18  3.746e+11
     22.01  4.754e+11
     26.01  5.737e+11
     30.01  6.759e+11
     34.01  7.789e+11
     38.01  8.831e+11
     42.01  9.797e+11
     46.01  1.069e+12
     50.01  1.151e+12
     54.01  1.227e+12
     58.02  1.302e+12
     62.02  1.376e+12
     66.02  1.449e+12
     70.02  1.519e+12
     74.02  1.582e+12
     78.02  1.642e+12
     82.02  1.696e+12
     86.02  1.748e+12
     90.02  1.797e+12
     94.03  1.846e+12
     98.03  1.894e+12
       102  1.937e+12
       106  1.981e+12
       110  2.023e+12
       114  2.063e+12
       118  2.103e+12
       122  2.142e+12
       126  2.181e+12
       130  2.217e+12
       134   2.25e+12
       138  2.283e+12
       142  2.314e+12
       146  2.345e+12
       150  2.376e+12
       154  2.404e+12
       158  2.432e+12
       162  2.459e+12
       166  2.484e+12
       170  2.509e+12
       174  2.532e+12
       178  2.556e+12
     182.1  2.578e+12
     186.1  2.602e+12
     190.1  2.628e+12
     194.1  2.649e+12
     198.1   2.67e+12
     202.1  2.691e+12
     206.1  2.714e+12
     210.1  2.738e+12
     214.1  2.761e+12
     218.1  2.781e+12
     222.1    2.8e+12
     226.1  2.818e+12
     230.1  2.838e+12
     234.1  2.858e+12
     238.1  2.877e+12
     242.1  2.897e+12
     246.1  2.914e+12
     250.1   2.93e+12
     254.1  2.941e+12
     258.1   2.95e+12
     262.1  2.958e+12
     266.1  2.966e+12
     270.1  2.972e+12
     274.1  2.977e+12
     278.1  2.982e+12
     282.1  2.985e+12
     286.1  2.988e+12
     290.1  2.991e+12
     294.1  2.994e+12
     298.1  2.996e+12
     302.1  2.998e+12
     306.1  3.001e+12
     310.1  3.002e+12
     314.1  3.004e+12
     318.1  3.005e+12
     322.1  3.006e+12
     326.1  3.007e+12
     330.1  3.007e+12
     334.1  3.008e+12
     338.1  3.008e+12
     342.1  3.008e+12
     346.1  3.008e+12
     350.1  3.009e+12
