     2.001      19.17
     6.002      20.99
        10      21.17
        14       21.3
        18       21.5
     22.01      21.71
     26.01      21.89
     30.01      22.03
     34.01      21.84
     38.01      22.18
     42.01      22.48
     46.01      22.71
     50.01      22.75
     54.01      22.95
     58.02      23.07
     62.02       23.2
     66.02      23.23
     70.02      23.33
     74.02       23.6
     78.02      23.76
     82.02      23.86
     86.02      23.91
     90.02      23.95
     94.03      24.09
     98.03      24.26
       102      24.36
       106      24.39
       110      24.54
       114      24.59
       118      24.62
       122      24.69
       126      24.71
       130      24.73
       134      24.93
       138       25.1
       142      25.07
       146       25.1
       150      25.18
       154      25.19
       158       25.3
       162      25.32
       166      25.41
       170      25.42
       174      25.52
       178      25.69
     182.1      25.61
     186.1      25.51
     190.1      25.61
     194.1      25.76
     198.1      25.72
     202.1      25.74
     206.1      25.73
     210.1      25.63
     214.1      25.75
     218.1      25.98
     222.1      26.06
     226.1      25.93
     230.1      25.96
     234.1      25.89
     238.1      25.93
     242.1      25.36
     246.1      25.61
     250.1      26.35
     254.1      26.64
     258.1      26.81
     262.1      26.81
     266.1      26.81
     270.1      26.86
     274.1       26.7
     278.1      26.92
     282.1      27.09
     286.1      27.26
     290.1      26.75
     294.1       27.4
     298.1      27.16
     302.1      27.39
     306.1      27.25
     310.1      27.56
     314.1      27.66
     318.1      27.75
     322.1      27.94
     326.1      27.91
     330.1      27.59
     334.1      28.15
     338.1      27.83
     342.1      28.34
     346.1      27.74
     350.1      27.33
