     2.022      18.32
     6.067      21.31
     10.11       21.7
     14.16       22.1
      18.2      22.37
     22.25      22.95
     26.29       23.2
     30.34      23.33
     34.38      23.47
     38.42      23.95
     42.47      24.42
     46.51      24.37
     50.56       24.5
      54.6      25.16
     58.65      25.59
     62.69      25.07
     66.74      25.89
     70.78      26.58
     74.83      26.46
     78.87      26.66
     82.92      26.41
     86.96      26.68
     91.01       26.8
     95.05      26.72
      99.1      26.85
     103.1      27.54
     107.2      27.71
     111.2      27.87
     115.3      27.88
     119.3      28.85
     123.4      28.67
     127.4      29.37
     131.5      29.87
     135.5      30.45
     139.5      29.86
     143.6      30.48
     147.6      29.46
     151.7      29.55
     155.7      29.43
     159.8      30.18
     163.8      30.32
     167.9      31.41
     171.9       30.6
     175.9      29.99
       180      32.53
       184      30.68
     188.1      32.79
     192.1      35.23
     196.2      30.07
     200.2      30.15
     204.3      31.88
     208.3       34.9
     212.3      31.21
     216.4      35.52
     220.4      35.52
     224.5      35.52
     228.5      35.52
     232.6      35.52
     236.6      35.52
     240.7      35.52
     244.7      35.52
     248.7      35.52
     252.8      35.52
     256.8      35.52
     260.9      35.52
     264.9      35.52
       269      35.52
       273      35.52
     277.1      35.52
     281.1      35.52
     285.2      35.52
     289.2      35.52
