     6.067  1.033e+08
     10.11   3.12e+07
     14.16  2.044e+07
      18.2  1.321e+07
     22.25  8.338e+06
     26.29  7.387e+06
     30.34  7.203e+06
     34.38  3.895e+06
     38.42  3.643e+06
     42.47  3.073e+06
     46.51  1.922e+06
     50.56  1.285e+06
      54.6  9.991e+05
     58.65  6.135e+05
     62.69  6.185e+05
     66.74  5.616e+05
     70.78  3.734e+05
     74.83  3.078e+05
     78.87   3.71e+05
     82.92  3.847e+05
     86.96  4.339e+05
     91.01  2.366e+05
     95.05  2.792e+05
      99.1  2.096e+05
     103.1   1.84e+05
     107.2  1.089e+05
     111.2  7.879e+04
     115.3  8.064e+04
     119.3  5.086e+04
     123.4  4.148e+04
     127.4  4.879e+04
     131.5   1.44e+04
     135.5  2.665e+04
     139.5  1.656e+04
     143.6  1.602e+04
     147.6  1.329e+04
     151.7  2.822e+04
     155.7    3.1e+04
     159.8  2.908e+04
     163.8  1.347e+04
     167.9  1.036e+04
     171.9  1.142e+04
     175.9       7869
       180       7969
       184          0
     188.1       7357
     192.1          0
     196.2       2495
     200.2  1.184e+04
     204.3       4495
     208.3          0
     212.3       2089
     216.4       2068
     220.4          0
     224.5          0
     228.5          0
     232.6          0
     236.6          0
     240.7          0
     244.7          0
     248.7          0
     252.8          0
     256.8          0
     260.9          0
     264.9          0
       269          0
       273          0
     277.1          0
     281.1          0
     285.2          0
     289.2          0
