     2.022  7.562e-17
     6.067  4.798e-18
     10.11   3.35e-18
     14.16  2.315e-18
      18.2   1.82e-18
     22.25  1.066e-18
     26.29  8.444e-19
     30.34  7.461e-19
     34.38  6.591e-19
     38.42  4.224e-19
     42.47   2.75e-19
     46.51  2.866e-19
     50.56  2.543e-19
      54.6  1.393e-19
     58.65  9.315e-20
     62.69  1.502e-19
     66.74  7.103e-20
     70.78  3.739e-20
     74.83  4.179e-20
     78.87  3.484e-20
     82.92   4.37e-20
     86.96   3.42e-20
     91.01  3.057e-20
     95.05  3.311e-20
      99.1  2.915e-20
     103.1  1.556e-20
     107.2  1.323e-20
     111.2  1.145e-20
     115.3  1.134e-20
     119.3   4.66e-21
     123.4   5.47e-21
     127.4  2.876e-21
     131.5  1.815e-21
     135.5  1.063e-21
     139.5  1.833e-21
     143.6  1.031e-21
     147.6  2.649e-21
     151.7  2.441e-21
     155.7  2.721e-21
     159.8  1.366e-21
     163.8  1.197e-21
     167.9  4.403e-22
     171.9  9.299e-22
     175.9  1.627e-21
       180  1.566e-22
       184   8.58e-22
     188.1  1.229e-22
     192.1  1.304e-23
     196.2   1.51e-21
     200.2  1.398e-21
     204.3  2.859e-22
     208.3  1.757e-23
     212.3  5.258e-22
     216.4      1e-23
     220.4      1e-23
     224.5      1e-23
     228.5      1e-23
     232.6      1e-23
     236.6      1e-23
     240.7      1e-23
     244.7      1e-23
     248.7      1e-23
     252.8      1e-23
     256.8      1e-23
     260.9      1e-23
     264.9      1e-23
       269      1e-23
       273      1e-23
     277.1      1e-23
     281.1      1e-23
     285.2      1e-23
     289.2      1e-23
