     2.022  3.667e+10
     6.067  5.259e+10
     10.11  6.061e+10
     14.16  6.796e+10
      18.2  7.407e+10
     22.25  7.879e+10
     26.29  8.372e+10
     30.34  8.928e+10
     34.38  9.268e+10
     38.42  9.624e+10
     42.47  9.955e+10
     46.51  1.018e+11
     50.56  1.035e+11
      54.6  1.049e+11
     58.65  1.058e+11
     62.69  1.068e+11
     66.74  1.077e+11
     70.78  1.084e+11
     74.83   1.09e+11
     78.87  1.097e+11
     82.92  1.105e+11
     86.96  1.115e+11
     91.01   1.12e+11
     95.05  1.127e+11
      99.1  1.132e+11
     103.1  1.137e+11
     107.2   1.14e+11
     111.2  1.142e+11
     115.3  1.145e+11
     119.3  1.146e+11
     123.4  1.148e+11
     127.4  1.149e+11
     131.5   1.15e+11
     135.5  1.151e+11
     139.5  1.151e+11
     143.6  1.152e+11
     147.6  1.152e+11
     151.7  1.153e+11
     155.7  1.155e+11
     159.8  1.156e+11
     163.8  1.156e+11
     167.9  1.157e+11
     171.9  1.157e+11
     175.9  1.158e+11
       180  1.158e+11
       184  1.158e+11
     188.1  1.158e+11
     192.1  1.158e+11
     196.2  1.158e+11
     200.2  1.159e+11
     204.3  1.159e+11
     208.3  1.159e+11
     212.3  1.159e+11
     216.4  1.159e+11
     220.4  1.159e+11
     224.5  1.159e+11
     228.5  1.159e+11
     232.6  1.159e+11
     236.6  1.159e+11
     240.7  1.159e+11
     244.7  1.159e+11
     248.7  1.159e+11
     252.8  1.159e+11
     256.8  1.159e+11
     260.9  1.159e+11
     264.9  1.159e+11
       269  1.159e+11
       273  1.159e+11
     277.1  1.159e+11
     281.1  1.159e+11
     285.2  1.159e+11
     289.2  1.159e+11
