     6.065  3.272e+08
     10.11  1.421e+08
     14.15  9.097e+07
     18.19  6.316e+07
     22.24  5.056e+07
     26.28  3.783e+07
     30.32  2.979e+07
     34.37  2.593e+07
     38.41  2.217e+07
     42.45  1.571e+07
     46.49  1.538e+07
     50.54  1.296e+07
     54.58    9.3e+06
     58.62  8.976e+06
     62.67  7.625e+06
     66.71  6.147e+06
     70.75  6.526e+06
      74.8  4.749e+06
     78.84  4.111e+06
     82.88  4.024e+06
     86.93  3.113e+06
     90.97   3.16e+06
     95.01  2.783e+06
     99.05  3.276e+06
     103.1  3.392e+06
     107.1  3.062e+06
     111.2  2.582e+06
     115.2  2.128e+06
     119.3  1.791e+06
     123.3  1.539e+06
     127.4  1.668e+06
     131.4  1.012e+06
     135.4  1.163e+06
     139.5  1.254e+06
     143.5   1.37e+06
     147.6  1.426e+06
     151.6   1.11e+06
     155.7  7.734e+05
     159.7    9.9e+05
     163.7  7.181e+05
     167.8  5.449e+05
     171.8  5.566e+05
     175.9  4.613e+05
     179.9   6.01e+05
       184  4.296e+05
       188  6.018e+05
       192  5.415e+05
     196.1  5.226e+05
     200.1  5.403e+05
     204.2  5.497e+05
     208.2  4.345e+05
     212.3  5.883e+05
     216.3   3.91e+05
     220.3  3.572e+05
     224.4   2.47e+05
     228.4  2.325e+05
     232.5   2.59e+05
     236.5   1.83e+05
     240.6  1.844e+05
     244.6  1.281e+05
     248.6  1.032e+05
     252.7  6.218e+04
     256.7  7.656e+04
     260.8  7.187e+04
     264.8    4.2e+04
     268.9   5.99e+04
     272.9   4.21e+04
     276.9  2.065e+04
       281  3.607e+04
       285  4.281e+04
     289.1  4.637e+04
     293.1  3.175e+04
     297.2  2.949e+04
     301.2  2.358e+04
     305.2       4566
     309.3       4384
     313.3       4443
     317.4  1.932e+04
     321.4       4383
     325.5       4291
     329.5          0
     333.6          0
     337.6          0
     341.6       3946
     345.7          0
     349.7          0
