     2.022  1.997e+10
     6.065  7.037e+10
     10.11  1.068e+11
     14.15  1.396e+11
     18.19  1.687e+11
     22.24  1.973e+11
     26.28  2.226e+11
     30.32  2.455e+11
     34.37  2.681e+11
     38.41  2.898e+11
     42.45  3.067e+11
     46.49  3.249e+11
     50.54  3.415e+11
     54.58  3.544e+11
     58.62  3.678e+11
     62.67  3.799e+11
     66.71  3.903e+11
     70.75  4.021e+11
      74.8  4.111e+11
     78.84  4.193e+11
     82.88  4.278e+11
     86.93  4.347e+11
     90.97   4.42e+11
     95.01  4.487e+11
     99.05  4.569e+11
     103.1  4.658e+11
     107.1  4.742e+11
     111.2  4.815e+11
     115.2  4.877e+11
     119.3  4.931e+11
     123.3  4.979e+11
     127.4  5.033e+11
     131.4  5.067e+11
     135.4  5.107e+11
     139.5  5.151e+11
     143.5  5.201e+11
     147.6  5.255e+11
     151.6  5.298e+11
     155.7  5.328e+11
     159.7  5.368e+11
     163.7  5.398e+11
     167.8  5.422e+11
     171.8  5.446e+11
     175.9  5.466e+11
     179.9  5.494e+11
       184  5.514e+11
       188  5.543e+11
       192  5.569e+11
     196.1  5.595e+11
     200.1  5.623e+11
     204.2  5.651e+11
     208.2  5.674e+11
     212.3  5.706e+11
     216.3  5.727e+11
     220.3  5.747e+11
     224.4  5.761e+11
     228.4  5.775e+11
     232.5   5.79e+11
     236.5  5.801e+11
     240.6  5.812e+11
     244.6   5.82e+11
     248.6  5.827e+11
     252.7  5.831e+11
     256.7  5.836e+11
     260.8  5.841e+11
     264.8  5.843e+11
     268.9  5.848e+11
     272.9   5.85e+11
     276.9  5.852e+11
       281  5.855e+11
       285  5.858e+11
     289.1  5.861e+11
     293.1  5.863e+11
     297.2  5.866e+11
     301.2  5.867e+11
     305.2  5.868e+11
     309.3  5.868e+11
     313.3  5.868e+11
     317.4   5.87e+11
     321.4   5.87e+11
     325.5  5.871e+11
     329.5  5.871e+11
     333.6  5.871e+11
     337.6  5.871e+11
     341.6  5.871e+11
     345.7  5.871e+11
     349.7  5.871e+11
