     2.022  2.302e-17
     6.065  6.987e-18
     10.11   3.75e-18
     14.15  2.531e-18
     18.19  2.071e-18
     22.24  1.738e-18
     26.28  1.333e-18
     30.32  1.066e-18
     34.37  1.014e-18
     38.41  8.697e-19
     42.45  6.451e-19
     46.49   7.16e-19
     50.54  7.712e-19
     54.58  7.055e-19
     58.62  5.089e-19
     62.67  3.776e-19
     66.71  3.554e-19
     70.75  2.891e-19
      74.8  2.464e-19
     78.84  2.672e-19
     82.88  2.388e-19
     86.93  1.899e-19
     90.97  2.235e-19
     95.01  2.029e-19
     99.05  1.992e-19
     103.1  2.046e-19
     107.1  1.456e-19
     111.2  1.443e-19
     115.2  1.199e-19
     119.3  9.309e-20
     123.3  8.616e-20
     127.4  7.192e-20
     131.4  5.672e-20
     135.4  6.573e-20
     139.5  6.552e-20
     143.5  6.917e-20
     147.6  5.978e-20
     151.6  5.089e-20
     155.7   4.34e-20
     159.7  4.545e-20
     163.7  3.628e-20
     167.8  3.062e-20
     171.8   3.42e-20
     175.9  3.866e-20
     179.9  3.253e-20
       184  6.067e-20
       188  8.036e-20
       192  1.244e-19
     196.1  8.337e-20
     200.1  4.668e-20
     204.2  2.492e-20
     208.2  2.146e-20
     212.3  2.579e-20
     216.3  1.778e-20
     220.3  1.167e-20
     224.4  1.484e-20
     228.4  1.307e-20
     232.5  1.796e-20
     236.5  1.002e-20
     240.6  8.362e-21
     244.6  6.603e-21
     248.6  5.378e-21
     252.7  3.345e-21
     256.7  6.922e-21
     260.8  4.802e-21
     264.8  3.235e-21
     268.9  7.534e-21
     272.9  4.574e-21
     276.9  2.672e-21
       281  4.812e-21
       285  8.426e-21
     289.1  7.979e-21
     293.1  3.117e-21
     297.2  6.394e-21
     301.2  2.979e-21
     305.2  1.566e-21
     309.3   3.03e-22
     313.3  2.848e-21
     317.4  3.494e-21
     321.4  9.403e-22
     325.5  1.282e-21
     329.5  9.971e-24
     333.6      1e-23
     337.6  2.261e-22
     341.6  3.587e-21
     345.7  1.078e-23
     349.7      1e-23
