     2.022      19.61
     6.065      20.91
     10.11      21.58
     14.15      22.01
     18.19      22.23
     22.24      22.42
     26.28       22.7
     30.32      22.95
     34.37         23
     38.41      23.17
     42.45      23.49
     46.49      23.38
     50.54       23.3
     54.58      23.39
     58.62      23.75
     62.67      24.07
     66.71      24.14
     70.75      24.36
      74.8      24.54
     78.84      24.45
     82.88      24.57
     86.93      24.82
     90.97      24.64
     95.01      24.75
     99.05      24.77
     103.1      24.74
     107.1      25.11
     111.2      25.12
     115.2      25.32
     119.3      25.59
     123.3      25.68
     127.4      25.87
     131.4      26.13
     135.4      25.97
     139.5      25.98
     143.5      25.92
     147.6      26.07
     151.6      26.25
     155.7      26.42
     159.7      26.37
     163.7      26.62
     167.8       26.8
     171.8      26.68
     175.9      26.55
     179.9      26.74
       184      26.06
       188      25.75
       192      25.28
     196.1      25.71
     200.1      26.34
     204.2      27.02
     208.2      27.19
     212.3      26.99
     216.3      27.39
     220.3      27.85
     224.4      27.59
     228.4      27.73
     232.5      27.38
     236.5      28.01
     240.6      28.21
     244.6      28.47
     248.6      28.69
     252.7      29.21
     256.7      28.42
     260.8      28.81
     264.8      29.24
     268.9      28.32
     272.9      28.87
     276.9      29.45
       281      28.81
       285       28.2
     289.1      28.26
     293.1      29.28
     297.2       28.5
     301.2      29.33
     305.2      30.03
     309.3      31.81
     313.3      29.38
     317.4      29.16
     321.4      30.58
     325.5      30.25
     329.5      35.52
     333.6      35.52
     337.6      32.13
     341.6      29.13
     345.7      35.43
     349.7      35.52
