     6.065  3.133e+08
     10.11  1.268e+08
     14.15  8.334e+07
      18.2  6.517e+07
     22.24  5.278e+07
     26.28  3.755e+07
     30.33  2.919e+07
     34.37  2.369e+07
     38.41   1.75e+07
     42.46  1.232e+07
      46.5  8.761e+06
     50.54  8.411e+06
     54.59  6.303e+06
     58.63  5.845e+06
     62.67  4.556e+06
     66.72  3.882e+06
     70.76  3.747e+06
      74.8   3.36e+06
     78.85  3.789e+06
     82.89  2.828e+06
     86.93  2.493e+06
     90.98  2.566e+06
     95.02  2.257e+06
     99.06  1.647e+06
     103.1  1.552e+06
     107.1  1.129e+06
     111.2  1.132e+06
     115.2  6.621e+05
     119.3  7.236e+05
     123.3  8.064e+05
     127.4  7.174e+05
     131.4  7.329e+05
     135.5  5.936e+05
     139.5  5.631e+05
     143.5  6.403e+05
     147.6  5.179e+05
     151.6   9.35e+05
     155.7  4.734e+05
     159.7   3.34e+05
     163.8  3.512e+05
     167.8  2.411e+05
     171.8  3.134e+05
     175.9  2.705e+05
     179.9  2.549e+05
       184  1.902e+05
       188  1.601e+05
     192.1  1.192e+05
     196.1  1.385e+05
     200.1  8.909e+04
     204.2  5.588e+04
     208.2  8.386e+04
     212.3  7.184e+04
     216.3  1.028e+05
     220.4  4.587e+04
     224.4  1.308e+05
     228.5  5.407e+04
     232.5  3.678e+04
     236.5  1.738e+04
     240.6  7.074e+04
     244.6  4.169e+04
     248.7  4.746e+04
     252.7  4.705e+04
     256.8  3.521e+04
     260.8   3.45e+04
     264.8  6.144e+04
     268.9  2.446e+04
     272.9  2.654e+04
       277  2.834e+04
       281  3.897e+04
     285.1       5634
     289.1  2.123e+04
     293.1  1.972e+04
     297.2  2.203e+04
     301.2          0
     305.3  1.563e+04
     309.3  1.861e+04
     313.4          0
     317.4       8997
     321.4          0
     325.5          0
     329.5       4859
     333.6          0
     337.6       8353
     341.7       4120
     345.7          0
     349.8          0
