     2.022  2.689e+10
     6.065  7.517e+10
     10.11  1.077e+11
     14.15  1.377e+11
      18.2  1.678e+11
     22.24  1.977e+11
     26.28  2.227e+11
     30.33  2.452e+11
     34.37  2.659e+11
     38.41   2.83e+11
     42.46  2.963e+11
      46.5  3.066e+11
     50.54  3.174e+11
     54.59  3.262e+11
     58.63  3.349e+11
     62.67  3.421e+11
     66.72  3.487e+11
     70.76  3.554e+11
      74.8  3.618e+11
     78.85  3.694e+11
     82.89  3.754e+11
     86.93  3.809e+11
     90.98  3.868e+11
     95.02  3.922e+11
     99.06  3.964e+11
     103.1  4.005e+11
     107.1  4.035e+11
     111.2  4.067e+11
     115.2  4.087e+11
     119.3  4.109e+11
     123.3  4.134e+11
     127.4  4.157e+11
     131.4  4.182e+11
     135.5  4.202e+11
     139.5  4.222e+11
     143.5  4.245e+11
     147.6  4.265e+11
     151.6  4.301e+11
     155.7  4.319e+11
     159.7  4.333e+11
     163.8  4.348e+11
     167.8  4.358e+11
     171.8  4.372e+11
     175.9  4.384e+11
     179.9  4.395e+11
       184  4.404e+11
       188  4.412e+11
     192.1  4.418e+11
     196.1  4.425e+11
     200.1  4.429e+11
     204.2  4.432e+11
     208.2  4.436e+11
     212.3   4.44e+11
     216.3  4.446e+11
     220.4  4.449e+11
     224.4  4.456e+11
     228.5  4.459e+11
     232.5  4.461e+11
     236.5  4.462e+11
     240.6  4.467e+11
     244.6  4.469e+11
     248.7  4.472e+11
     252.7  4.475e+11
     256.8  4.478e+11
     260.8   4.48e+11
     264.8  4.484e+11
     268.9  4.486e+11
     272.9  4.487e+11
       277  4.489e+11
       281  4.492e+11
     285.1  4.493e+11
     289.1  4.494e+11
     293.1  4.496e+11
     297.2  4.497e+11
     301.2  4.497e+11
     305.3  4.499e+11
     309.3    4.5e+11
     313.4    4.5e+11
     317.4  4.501e+11
     321.4  4.501e+11
     325.5  4.501e+11
     329.5  4.501e+11
     333.6  4.501e+11
     337.6  4.502e+11
     341.7  4.502e+11
     345.7  4.502e+11
     349.8  4.502e+11
