     2.022  5.075e-17
     6.065   7.51e-18
     10.11  4.171e-18
     14.15  3.758e-18
      18.2   5.08e-18
     22.24  3.481e-18
     26.28  2.406e-18
     30.33  2.434e-18
     34.37  1.852e-18
     38.41  1.089e-18
     42.46  7.122e-19
      46.5  6.064e-19
     50.54  5.263e-19
     54.59   3.81e-19
     58.63  3.221e-19
     62.67  2.929e-19
     66.72  2.286e-19
     70.76  3.113e-19
      74.8  2.581e-19
     78.85  1.972e-19
     82.89  1.655e-19
     86.93  1.756e-19
     90.98  1.663e-19
     95.02  1.093e-19
     99.06  9.061e-20
     103.1  7.684e-20
     107.1  5.933e-20
     111.2   6.26e-20
     115.2  3.758e-20
     119.3  7.161e-20
     123.3  4.938e-20
     127.4   5.23e-20
     131.4  4.609e-20
     135.5  3.436e-20
     139.5  3.828e-20
     143.5  3.882e-20
     147.6  3.588e-20
     151.6  4.529e-20
     155.7  2.334e-20
     159.7  1.916e-20
     163.8  1.609e-20
     167.8  1.249e-20
     171.8  1.678e-20
     175.9   1.61e-20
     179.9  1.211e-20
       184  1.093e-20
       188  5.622e-21
     192.1  8.092e-21
     196.1  5.723e-21
     200.1  4.735e-21
     204.2  4.439e-21
     208.2  4.987e-21
     212.3  4.744e-21
     216.3  3.897e-21
     220.4  4.506e-21
     224.4  4.723e-21
     228.5  3.201e-21
     232.5   1.14e-21
     236.5  2.299e-21
     240.6  3.826e-21
     244.6  3.359e-21
     248.7  2.188e-21
     252.7  3.249e-21
     256.8   3.56e-21
     260.8  3.455e-21
     264.8  7.939e-21
     268.9  2.311e-21
     272.9  5.204e-21
       277  6.884e-21
       281  3.324e-21
     285.1  3.855e-21
     289.1  2.781e-21
     293.1  4.846e-21
     297.2  2.207e-21
     301.2  3.654e-21
     305.3  4.281e-21
     309.3  3.946e-21
     313.4  1.556e-21
     317.4  9.349e-22
     321.4      1e-23
     325.5  9.024e-22
     329.5  9.262e-22
     333.6  2.502e-21
     337.6  7.205e-21
     341.7  2.529e-21
     345.7  1.059e-23
     349.8      1e-23
