     2.022      18.75
     6.065      20.83
     10.11      21.47
     14.15      21.58
      18.2      21.25
     22.24      21.66
     26.28      22.06
     30.33      22.05
     34.37      22.35
     38.41      22.92
     42.46      23.38
      46.5      23.56
     50.54      23.71
     54.59      24.06
     58.63      24.25
     62.67      24.35
     66.72      24.62
     70.76      24.28
      74.8      24.49
     78.85      24.78
     82.89      24.97
     86.93       24.9
     90.98      24.96
     95.02      25.42
     99.06      25.62
     103.1       25.8
     107.1      26.08
     111.2      26.02
     115.2      26.58
     119.3      25.88
     123.3      26.28
     127.4      26.22
     131.4      26.36
     135.5      26.68
     139.5      26.56
     143.5      26.54
     147.6      26.63
     151.6      26.38
     155.7       27.1
     159.7      27.31
     163.8       27.5
     167.8      27.77
     171.8      27.45
     175.9       27.5
     179.9      27.81
       184      27.92
       188      28.64
     192.1      28.25
     196.1      28.62
     200.1      28.83
     204.2       28.9
     208.2      28.77
     212.3      28.83
     216.3      29.04
     220.4      28.88
     224.4      28.83
     228.5      29.25
     232.5      30.37
     236.5      29.61
     240.6      29.06
     244.6       29.2
     248.7      29.67
     252.7      29.24
     256.8      29.14
     260.8      29.17
     264.8      28.27
     268.9      29.61
     272.9      28.73
       277      28.42
       281      29.21
     285.1      29.05
     289.1      29.41
     293.1       28.8
     297.2      29.66
     301.2      29.11
     305.3      28.94
     309.3      29.03
     313.4      30.04
     317.4      30.59
     321.4      35.52
     325.5      30.63
     329.5       30.6
     333.6      29.52
     337.6      28.37
     341.7      29.51
     345.7      35.45
     349.8      35.52
