     6.002  3.313e+08
        10  2.062e+08
        14  1.454e+08
        18   1.18e+08
     22.01  9.746e+07
     26.01  8.031e+07
     30.01   7.57e+07
     34.01  6.011e+07
     38.01  5.851e+07
     42.01  5.011e+07
     46.01  3.924e+07
     50.01  3.842e+07
     54.01  3.433e+07
     58.02   3.14e+07
     62.02  2.778e+07
     66.02  2.656e+07
     70.02  2.597e+07
     74.02  2.246e+07
     78.02  2.165e+07
     82.02  2.168e+07
     86.02  2.222e+07
     90.02  2.259e+07
     94.03  1.996e+07
     98.03  1.706e+07
       102  1.511e+07
       106  1.331e+07
       110  1.251e+07
       114   1.11e+07
       118  1.018e+07
       122  9.468e+06
       126  9.198e+06
       130  8.333e+06
       134   8.14e+06
       138  8.155e+06
       142  7.863e+06
       146  7.195e+06
       150  6.661e+06
       154  6.337e+06
       158  5.936e+06
       162  5.339e+06
       166  5.339e+06
       170  4.713e+06
       174   4.59e+06
       178  4.111e+06
     182.1  4.113e+06
     186.1  4.182e+06
     190.1  4.105e+06
     194.1  3.498e+06
     198.1  3.409e+06
     202.1  3.462e+06
     206.1  3.563e+06
     210.1  3.068e+06
     214.1  3.106e+06
     218.1  2.891e+06
     222.1  2.851e+06
     226.1  2.527e+06
     230.1  2.103e+06
     234.1  2.164e+06
     238.1  2.123e+06
     242.1  2.051e+06
     246.1  2.088e+06
     250.1  1.969e+06
     254.1  1.803e+06
     258.1  1.666e+06
     262.1  1.371e+06
     266.1  1.289e+06
     270.1  1.024e+06
     274.1  9.869e+05
     278.1  1.087e+06
     282.1  8.884e+05
     286.1  6.196e+05
     290.1  4.173e+05
     294.1  4.387e+05
     298.1   3.68e+05
     302.1  3.344e+05
     306.1  2.961e+05
     310.1   2.26e+05
     314.1  2.229e+05
     318.1  1.534e+05
     322.1  1.525e+05
     326.1  6.153e+04
     330.1  9.907e+04
     334.1  6.477e+04
     338.1  7.597e+04
     342.1  2.798e+04
     346.1  2.884e+04
     350.1   2.48e+04
