     2.001  1.548e+10
     6.002  6.547e+10
        10  1.173e+11
        14  1.685e+11
        18  2.219e+11
     22.01  2.758e+11
     26.01  3.283e+11
     30.01  3.855e+11
     34.01  4.368e+11
     38.01  4.928e+11
     42.01  5.457e+11
     46.01  5.911e+11
     50.01  6.394e+11
     54.01   6.86e+11
     58.02  7.318e+11
     62.02  7.751e+11
     66.02  8.192e+11
     70.02  8.649e+11
     74.02  9.067e+11
     78.02  9.491e+11
     82.02  9.939e+11
     86.02  1.042e+12
     90.02  1.093e+12
     94.03   1.14e+12
     98.03  1.182e+12
       102  1.221e+12
       106  1.256e+12
       110  1.291e+12
       114  1.323e+12
       118  1.353e+12
       122  1.382e+12
       126  1.411e+12
       130  1.439e+12
       134  1.466e+12
       138  1.494e+12
       142  1.522e+12
       146  1.549e+12
       150  1.574e+12
       154  1.598e+12
       158  1.622e+12
       162  1.644e+12
       166  1.666e+12
       170  1.686e+12
       174  1.706e+12
       178  1.725e+12
     182.1  1.744e+12
     186.1  1.763e+12
     190.1  1.783e+12
     194.1    1.8e+12
     198.1  1.817e+12
     202.1  1.834e+12
     206.1  1.853e+12
     210.1  1.869e+12
     214.1  1.886e+12
     218.1  1.902e+12
     222.1  1.917e+12
     226.1  1.932e+12
     230.1  1.944e+12
     234.1  1.957e+12
     238.1  1.969e+12
     242.1  1.982e+12
     246.1  1.995e+12
     250.1  2.007e+12
     254.1  2.019e+12
     258.1   2.03e+12
     262.1  2.039e+12
     266.1  2.047e+12
     270.1  2.054e+12
     274.1  2.061e+12
     278.1  2.069e+12
     282.1  2.075e+12
     286.1  2.079e+12
     290.1  2.082e+12
     294.1  2.086e+12
     298.1  2.088e+12
     302.1  2.091e+12
     306.1  2.093e+12
     310.1  2.095e+12
     314.1  2.097e+12
     318.1  2.098e+12
     322.1  2.099e+12
     326.1    2.1e+12
     330.1    2.1e+12
     334.1  2.101e+12
     338.1  2.102e+12
     342.1  2.102e+12
     346.1  2.102e+12
     350.1  2.102e+12
