     2.001  1.957e-16
     6.002  4.927e-18
        10   3.33e-18
        14  2.439e-18
        18  2.031e-18
     22.01  1.944e-18
     26.01  2.494e-18
     30.01  2.028e-18
     34.01  1.054e-18
     38.01  9.908e-19
     42.01  8.032e-19
     46.01  7.687e-19
     50.01  6.721e-19
     54.01  6.355e-19
     58.02  5.244e-19
     62.02  4.721e-19
     66.02  4.574e-19
     70.02  3.992e-19
     74.02  3.828e-19
     78.02  3.484e-19
     82.02  4.163e-19
     86.02  4.287e-19
     90.02  3.325e-19
     94.03  3.142e-19
     98.03  2.943e-19
       102  2.556e-19
       106  2.826e-19
       110  2.158e-19
       114  1.913e-19
       118  1.761e-19
       122  1.526e-19
       126  1.403e-19
       130  1.434e-19
       134  1.332e-19
       138  1.279e-19
       142  1.183e-19
       146  1.072e-19
       150  1.029e-19
       154  1.098e-19
       158  9.983e-20
       162  9.374e-20
       166  8.787e-20
       170  9.353e-20
       174  7.562e-20
       178  8.475e-20
     182.1  1.414e-19
     186.1  1.191e-19
     190.1  6.469e-20
     194.1  5.231e-20
     198.1  5.769e-20
     202.1  5.896e-20
     206.1  5.573e-20
     210.1  4.824e-20
     214.1  4.716e-20
     218.1  4.245e-20
     222.1  4.204e-20
     226.1  3.418e-20
     230.1  3.181e-20
     234.1  3.301e-20
     238.1  2.936e-20
     242.1  3.171e-20
     246.1  3.067e-20
     250.1  2.937e-20
     254.1   3.06e-20
     258.1  3.286e-20
     262.1  3.136e-20
     266.1  2.853e-20
     270.1   3.01e-20
     274.1  3.906e-20
     278.1  4.562e-20
     282.1  3.347e-20
     286.1  3.296e-20
     290.1  2.812e-20
     294.1  4.245e-20
     298.1  6.546e-20
     302.1  5.868e-20
     306.1  2.544e-20
     310.1  3.492e-20
     314.1  6.649e-20
     318.1  4.516e-20
     322.1  1.855e-20
     326.1  1.588e-20
     330.1  1.047e-20
     334.1  1.889e-20
     338.1  1.285e-20
     342.1  7.757e-21
     346.1  3.097e-20
     350.1  2.723e-20
