     2.001      17.29
     6.002      21.28
        10      21.71
        14      22.05
        18      22.25
     22.01      22.29
     26.01      22.02
     30.01      22.25
     34.01      22.96
     38.01      23.03
     42.01      23.25
     46.01       23.3
     50.01      23.45
     54.01      23.51
     58.02      23.72
     62.02      23.83
     66.02      23.87
     70.02      24.01
     74.02      24.06
     78.02      24.16
     82.02      23.97
     86.02      23.94
     90.02      24.21
     94.03      24.27
     98.03      24.34
       102       24.5
       106      24.39
       110      24.68
       114      24.81
       118       24.9
       122      25.06
       126      25.15
       130      25.12
       134      25.21
       138      25.25
       142      25.33
       146      25.44
       150      25.49
       154      25.41
       158      25.52
       162      25.59
       166      25.66
       170      25.59
       174      25.82
       178       25.7
     182.1      25.14
     186.1      25.33
     190.1      25.99
     194.1      26.22
     198.1      26.11
     202.1      26.09
     206.1      26.15
     210.1      26.31
     214.1      26.33
     218.1      26.45
     222.1      26.46
     226.1      26.68
     230.1      26.76
     234.1      26.72
     238.1      26.85
     242.1      26.76
     246.1       26.8
     250.1      26.85
     254.1       26.8
     258.1      26.72
     262.1      26.78
     266.1      26.88
     270.1      26.82
     274.1      26.54
     278.1      26.37
     282.1       26.7
     286.1      26.72
     290.1      26.89
     294.1      26.45
     298.1      25.98
     302.1      26.09
     306.1         27
     310.1      26.66
     314.1      25.96
     318.1      26.38
     322.1      27.35
     326.1      27.51
     330.1      27.97
     334.1      27.33
     338.1      27.74
     342.1      28.29
     346.1      26.79
     350.1      26.93
