     6.002  4.169e+08
        10  3.863e+08
        14  3.359e+08
        18  2.904e+08
     22.01  2.446e+08
     26.01  2.063e+08
     30.01  1.797e+08
     34.01  1.542e+08
     38.01   1.36e+08
     42.01   1.14e+08
     46.01  1.058e+08
     50.01  8.605e+07
     54.01  8.116e+07
     58.02  7.475e+07
     62.02  7.151e+07
     66.02  6.511e+07
     70.02    5.7e+07
     74.02  5.318e+07
     78.02  5.059e+07
     82.02  4.626e+07
     86.02  4.377e+07
     90.02  4.143e+07
     94.03  3.865e+07
     98.03  3.762e+07
       102   3.45e+07
       106  3.343e+07
       110  3.306e+07
       114  3.013e+07
       118  2.938e+07
       122  2.994e+07
       126  2.744e+07
       130  2.295e+07
       134  2.115e+07
       138   2.08e+07
       142  1.976e+07
       146  1.903e+07
       150  1.734e+07
       154  1.704e+07
       158   1.59e+07
       162  1.533e+07
       166  1.393e+07
       170   1.54e+07
       174  1.399e+07
       178  1.264e+07
     182.1  1.177e+07
     186.1  1.165e+07
     190.1  1.101e+07
     194.1  1.118e+07
     198.1  1.153e+07
     202.1  1.084e+07
     206.1  1.068e+07
     210.1  1.007e+07
     214.1  8.975e+06
     218.1  9.204e+06
     222.1  8.508e+06
     226.1  8.606e+06
     230.1  8.452e+06
     234.1   7.72e+06
     238.1  7.548e+06
     242.1  8.362e+06
     246.1  7.821e+06
     250.1  7.026e+06
     254.1   5.29e+06
     258.1  4.095e+06
     262.1   3.53e+06
     266.1  3.139e+06
     270.1  2.782e+06
     274.1  2.323e+06
     278.1  2.027e+06
     282.1  1.823e+06
     286.1  1.621e+06
     290.1  1.546e+06
     294.1  1.237e+06
     298.1  1.105e+06
     302.1  1.212e+06
     306.1  7.852e+05
     310.1  6.481e+05
     314.1  5.698e+05
     318.1  4.415e+05
     322.1  4.072e+05
     326.1  2.911e+05
     330.1  2.737e+05
     334.1  1.664e+05
     338.1  1.443e+05
     342.1  1.234e+05
     346.1  8.085e+04
     350.1  6.312e+04
