     2.001  3.277e+10
     6.002  9.568e+10
        10  1.928e+11
        14  3.111e+11
        18  4.425e+11
     22.01  5.778e+11
     26.01  7.127e+11
     30.01  8.483e+11
     34.01  9.801e+11
     38.01   1.11e+12
     42.01   1.23e+12
     46.01  1.353e+12
     50.01  1.461e+12
     54.01  1.571e+12
     58.02   1.68e+12
     62.02  1.792e+12
     66.02    1.9e+12
     70.02      2e+12
     74.02  2.099e+12
     78.02  2.198e+12
     82.02  2.294e+12
     86.02  2.388e+12
     90.02  2.482e+12
     94.03  2.573e+12
     98.03  2.666e+12
       102  2.755e+12
       106  2.844e+12
       110  2.935e+12
       114  3.022e+12
       118  3.109e+12
       122  3.201e+12
       126  3.288e+12
       130  3.363e+12
       134  3.434e+12
       138  3.506e+12
       142  3.577e+12
       146  3.646e+12
       150  3.712e+12
       154  3.778e+12
       158  3.841e+12
       162  3.903e+12
       166  3.962e+12
       170  4.027e+12
       174  4.089e+12
       178  4.145e+12
     182.1  4.199e+12
     186.1  4.254e+12
     190.1  4.306e+12
     194.1  4.361e+12
     198.1  4.418e+12
     202.1  4.473e+12
     206.1  4.529e+12
     210.1  4.582e+12
     214.1   4.63e+12
     218.1   4.68e+12
     222.1  4.728e+12
     226.1  4.777e+12
     230.1  4.826e+12
     234.1  4.871e+12
     238.1  4.916e+12
     242.1  4.967e+12
     246.1  5.016e+12
     250.1   5.06e+12
     254.1  5.094e+12
     258.1   5.12e+12
     262.1  5.143e+12
     266.1  5.164e+12
     270.1  5.183e+12
     274.1  5.199e+12
     278.1  5.213e+12
     282.1  5.226e+12
     286.1  5.238e+12
     290.1  5.249e+12
     294.1  5.258e+12
     298.1  5.267e+12
     302.1  5.276e+12
     306.1  5.282e+12
     310.1  5.287e+12
     314.1  5.292e+12
     318.1  5.295e+12
     322.1  5.298e+12
     326.1  5.301e+12
     330.1  5.303e+12
     334.1  5.304e+12
     338.1  5.306e+12
     342.1  5.307e+12
     346.1  5.307e+12
     350.1  5.308e+12
