     2.001  2.309e-16
     6.002  7.547e-18
        10  6.397e-18
        14  6.136e-18
        18   6.96e-18
     22.01  6.283e-18
     26.01  4.312e-18
     30.01  3.908e-18
     34.01  3.844e-18
     38.01  3.145e-18
     42.01  2.637e-18
     46.01  2.243e-18
     50.01  1.757e-18
     54.01   1.66e-18
     58.02  1.942e-18
     62.02  1.748e-18
     66.02  1.286e-18
     70.02  1.176e-18
     74.02  1.362e-18
     78.02  9.593e-19
     82.02  7.816e-19
     86.02  7.595e-19
     90.02  7.347e-19
     94.03  7.802e-19
     98.03  7.478e-19
       102  6.398e-19
       106   5.89e-19
       110   5.77e-19
       114  5.125e-19
       118   5.58e-19
       122  5.697e-19
       126  4.586e-19
       130  4.084e-19
       134  3.608e-19
       138   4.66e-19
       142  3.635e-19
       146  3.131e-19
       150  3.277e-19
       154  3.389e-19
       158  3.937e-19
       162  2.862e-19
       166  2.742e-19
       170  2.528e-19
       174  2.321e-19
       178  2.238e-19
     182.1  2.309e-19
     186.1  2.182e-19
     190.1  2.139e-19
     194.1  2.077e-19
     198.1  2.057e-19
     202.1  1.929e-19
     206.1  1.885e-19
     210.1   2.49e-19
     214.1  1.861e-19
     218.1  1.543e-19
     222.1  1.564e-19
     226.1  1.611e-19
     230.1  1.455e-19
     234.1  1.337e-19
     238.1  1.417e-19
     242.1  1.398e-19
     246.1  1.304e-19
     250.1  1.216e-19
     254.1  1.165e-19
     258.1  1.211e-19
     262.1  1.156e-19
     266.1  1.159e-19
     270.1  1.126e-19
     274.1  1.896e-19
     278.1  1.184e-19
     282.1  1.627e-19
     286.1  1.237e-19
     290.1  9.604e-20
     294.1  8.685e-20
     298.1  8.246e-20
     302.1  8.204e-20
     306.1  7.231e-20
     310.1  5.901e-20
     314.1  5.914e-20
     318.1  5.379e-20
     322.1  6.607e-20
     326.1   5.73e-20
     330.1  3.821e-20
     334.1  3.585e-20
     338.1  4.775e-20
     342.1  4.399e-20
     346.1  3.796e-20
     350.1  4.136e-20
