     6.002   5.74e+08
        10  4.155e+08
        14  3.072e+08
        18  2.358e+08
     22.01  1.841e+08
     26.01   1.45e+08
     30.01  1.157e+08
     34.01  1.047e+08
     38.01  8.729e+07
     42.01  7.514e+07
     46.01  6.464e+07
     50.01  5.545e+07
     54.01  4.956e+07
     58.02  4.283e+07
     62.02  3.766e+07
     66.02  3.446e+07
     70.02  2.973e+07
     74.02  2.792e+07
     78.02  2.683e+07
     82.02  2.558e+07
     86.02  2.251e+07
     90.02  2.137e+07
     94.03  1.812e+07
     98.03  1.507e+07
       102  1.499e+07
       106  1.256e+07
       110  1.225e+07
       114   1.03e+07
       118  9.702e+06
       122  8.215e+06
       126  8.215e+06
       130  7.424e+06
       134  6.929e+06
       138  5.985e+06
       142  6.365e+06
       146  6.079e+06
       150  5.974e+06
       154  5.754e+06
       158  5.098e+06
       162   5.17e+06
       166  4.918e+06
       170  4.631e+06
       174   4.48e+06
       178   4.31e+06
     182.1  3.824e+06
     186.1   3.96e+06
     190.1  3.871e+06
     194.1    3.5e+06
     198.1  3.067e+06
     202.1  2.933e+06
     206.1  2.557e+06
     210.1  2.557e+06
     214.1  2.565e+06
     218.1  2.154e+06
     222.1  2.177e+06
     226.1  2.422e+06
     230.1   1.96e+06
     234.1  1.926e+06
     238.1  2.066e+06
     242.1  1.892e+06
     246.1  1.475e+06
     250.1  1.713e+06
     254.1  1.265e+06
     258.1  1.105e+06
     262.1  9.666e+05
     266.1  6.856e+05
     270.1  7.169e+05
     274.1  5.447e+05
     278.1  6.354e+05
     282.1  4.449e+05
     286.1  3.945e+05
     290.1  3.744e+05
     294.1  3.027e+05
     298.1  3.512e+05
     302.1  3.218e+05
     306.1  3.725e+05
     310.1  2.811e+05
     314.1  1.765e+05
     318.1  1.608e+05
     322.1  8.298e+04
     326.1  6.727e+04
     330.1  6.956e+04
     334.1  6.081e+04
     338.1  6.274e+04
     342.1  4.257e+04
     346.1       8449
     350.1       3845
