     2.001  2.317e+10
     6.002  1.098e+11
        10  2.143e+11
        14  3.224e+11
        18  4.292e+11
     22.01   5.31e+11
     26.01  6.258e+11
     30.01   7.13e+11
     34.01  8.026e+11
     38.01   8.86e+11
     42.01  9.654e+11
     46.01   1.04e+12
     50.01   1.11e+12
     54.01  1.177e+12
     58.02   1.24e+12
     62.02  1.298e+12
     66.02  1.356e+12
     70.02  1.408e+12
     74.02   1.46e+12
     78.02  1.512e+12
     82.02  1.565e+12
     86.02  1.614e+12
     90.02  1.662e+12
     94.03  1.705e+12
     98.03  1.742e+12
       102  1.781e+12
       106  1.814e+12
       110  1.848e+12
       114  1.878e+12
       118  1.906e+12
       122  1.932e+12
       126  1.958e+12
       130  1.982e+12
       134  2.005e+12
       138  2.026e+12
       142  2.049e+12
       146  2.071e+12
       150  2.094e+12
       154  2.116e+12
       158  2.136e+12
       162  2.157e+12
       166  2.178e+12
       170  2.197e+12
       174  2.217e+12
       178  2.236e+12
     182.1  2.254e+12
     186.1  2.272e+12
     190.1  2.291e+12
     194.1  2.308e+12
     198.1  2.323e+12
     202.1  2.338e+12
     206.1  2.351e+12
     210.1  2.365e+12
     214.1  2.379e+12
     218.1   2.39e+12
     222.1  2.403e+12
     226.1  2.416e+12
     230.1  2.428e+12
     234.1  2.439e+12
     238.1  2.451e+12
     242.1  2.463e+12
     246.1  2.472e+12
     250.1  2.483e+12
     254.1  2.491e+12
     258.1  2.498e+12
     262.1  2.504e+12
     266.1  2.509e+12
     270.1  2.514e+12
     274.1  2.518e+12
     278.1  2.522e+12
     282.1  2.525e+12
     286.1  2.528e+12
     290.1  2.531e+12
     294.1  2.533e+12
     298.1  2.536e+12
     302.1  2.538e+12
     306.1  2.541e+12
     310.1  2.543e+12
     314.1  2.545e+12
     318.1  2.546e+12
     322.1  2.547e+12
     326.1  2.547e+12
     330.1  2.548e+12
     334.1  2.548e+12
     338.1  2.549e+12
     342.1  2.549e+12
     346.1  2.549e+12
     350.1  2.549e+12
