     2.001  2.778e-17
     6.002   7.66e-18
        10   5.39e-18
        14  3.922e-18
        18  3.203e-18
     22.01  2.498e-18
     26.01  1.882e-18
     30.01  1.682e-18
     34.01  1.471e-18
     38.01  1.173e-18
     42.01  1.044e-18
     46.01  8.841e-19
     50.01  7.568e-19
     54.01  6.786e-19
     58.02  5.861e-19
     62.02  5.157e-19
     66.02  4.422e-19
     70.02  4.244e-19
     74.02  3.739e-19
     78.02  3.567e-19
     82.02  3.472e-19
     86.02  3.146e-19
     90.02   2.81e-19
     94.03  2.349e-19
     98.03  2.224e-19
       102  2.052e-19
       106  1.762e-19
       110  1.672e-19
       114  1.494e-19
       118  1.422e-19
       122  1.211e-19
       126  1.489e-19
       130  2.033e-19
       134  1.044e-19
       138  8.844e-20
       142  9.373e-20
       146  9.025e-20
       150  9.051e-20
       154  8.472e-20
       158  8.088e-20
       162  7.106e-20
       166  6.856e-20
       170  6.567e-20
       174  6.558e-20
       178  6.605e-20
     182.1  5.761e-20
     186.1  5.378e-20
     190.1   5.27e-20
     194.1  5.346e-20
     198.1   4.31e-20
     202.1  3.917e-20
     206.1  3.554e-20
     210.1  4.192e-20
     214.1  5.175e-20
     218.1  4.668e-20
     222.1  3.326e-20
     226.1  3.865e-20
     230.1  2.706e-20
     234.1   2.64e-20
     238.1  2.819e-20
     242.1   2.28e-20
     246.1  2.104e-20
     250.1   2.34e-20
     254.1  2.144e-20
     258.1  2.131e-20
     262.1  2.073e-20
     266.1  1.877e-20
     270.1  1.762e-20
     274.1  1.654e-20
     278.1  1.742e-20
     282.1  1.144e-20
     286.1  1.578e-20
     290.1  1.585e-20
     294.1  1.568e-20
     298.1  1.633e-20
     302.1  1.799e-20
     306.1  1.922e-20
     310.1  1.465e-20
     314.1  1.723e-20
     318.1  1.175e-20
     322.1   2.88e-20
     326.1  8.411e-21
     330.1  1.056e-20
     334.1  1.255e-20
     338.1  1.385e-20
     342.1  8.702e-21
     346.1  4.899e-21
     350.1  2.491e-22
