     2.001      19.41
     6.002      20.81
        10      21.19
        14      21.53
        18      21.75
     22.01      22.02
     26.01      22.33
     30.01      22.45
     34.01       22.6
     38.01      22.84
     42.01      22.97
     46.01      23.15
     50.01      23.32
     54.01      23.44
     58.02       23.6
     62.02      23.74
     66.02       23.9
     70.02      23.95
     74.02      24.08
     78.02      24.14
     82.02      24.16
     86.02      24.27
     90.02      24.39
     94.03      24.59
     98.03      24.65
       102      24.74
       106       24.9
       110      24.96
       114      25.08
       118      25.13
       122      25.31
       126      25.08
       130      24.75
       134      25.47
       138      25.65
       142      25.59
       146      25.63
       150      25.62
       154       25.7
       158      25.75
       162      25.89
       166      25.93
       170      25.97
       174      25.97
       178      25.97
     182.1      26.11
     186.1      26.19
     190.1      26.21
     194.1       26.2
     198.1      26.43
     202.1      26.53
     206.1      26.64
     210.1      26.46
     214.1      26.23
     218.1      26.34
     222.1      26.71
     226.1      26.55
     230.1      26.94
     234.1      26.96
     238.1      26.89
     242.1      27.12
     246.1      27.21
     250.1      27.09
     254.1      27.19
     258.1      27.19
     262.1      27.22
     266.1      27.33
     270.1       27.4
     274.1      27.47
     278.1      27.41
     282.1      27.87
     286.1      27.52
     290.1      27.52
     294.1      27.53
     298.1      27.48
     302.1      27.38
     306.1      27.31
     310.1       27.6
     314.1      27.43
     318.1      27.84
     322.1      26.87
     326.1       28.2
     330.1      27.96
     334.1      27.77
     338.1      27.66
     342.1      28.17
     346.1      28.79
     350.1      32.02
