     6.051  1.678e+08
     10.08  5.156e+07
     14.12  2.195e+07
     18.15  1.096e+07
     22.19  4.073e+06
     26.22  4.088e+06
     30.25  3.278e+06
     34.29  3.556e+06
     38.32  2.646e+06
     42.36  2.029e+06
     46.39  1.622e+06
     50.42    6.5e+05
     54.46  4.076e+05
     58.49  3.606e+05
     62.52  3.453e+05
     66.56  7.195e+05
     70.59  4.459e+05
     74.63  1.932e+05
     78.66  1.228e+05
     82.69  2.016e+05
     86.73  1.057e+05
     90.76  6.521e+04
      94.8  1.665e+04
     98.83  1.769e+05
     102.9  4.469e+04
     106.9  8.425e+04
     110.9   1.21e+05
       115  1.167e+05
       119   1.13e+05
       123  1.703e+05
     127.1  9.912e+04
     131.1   3.42e+04
     135.1  4.416e+04
     139.2  4.244e+04
     143.2  4.153e+04
     147.2  3.045e+04
     151.3  4.855e+04
     155.3  4.739e+04
     159.3  1.886e+04
     163.4  2.726e+04
     167.4   2.76e+04
     171.4  3.452e+04
     175.5  5.063e+04
     179.5  9.202e+04
     183.5  1.054e+05
     187.6  1.637e+04
     191.6  3.896e+04
     195.6  3.734e+04
     199.7  2.386e+04
     203.7       7209
     207.7  2.139e+04
     211.8       6989
     215.8          0
     219.8          0
     223.9          0
     227.9          0
     231.9          0
       236          0
       240          0
       244          0
     248.1          0
     252.1          0
     256.1          0
     260.2          0
     264.2          0
     268.3          0
     272.3          0
