     2.017  4.143e+10
     6.051  6.716e+10
     10.08  8.034e+10
     14.12   8.82e+10
     18.15  9.324e+10
     22.19  9.553e+10
     26.22  9.825e+10
     30.25  1.008e+11
     34.29  1.039e+11
     38.32  1.064e+11
     42.36  1.086e+11
     46.39  1.105e+11
     50.42  1.113e+11
     54.46  1.119e+11
     58.49  1.124e+11
     62.52   1.13e+11
     66.56  1.142e+11
     70.59   1.15e+11
     74.63  1.154e+11
     78.66  1.156e+11
     82.69   1.16e+11
     86.73  1.163e+11
     90.76  1.164e+11
      94.8  1.164e+11
     98.83  1.169e+11
     102.9   1.17e+11
     106.9  1.172e+11
     110.9  1.176e+11
       115  1.179e+11
       119  1.183e+11
       123  1.188e+11
     127.1  1.191e+11
     131.1  1.192e+11
     135.1  1.194e+11
     139.2  1.195e+11
     143.2  1.197e+11
     147.2  1.198e+11
     151.3    1.2e+11
     155.3  1.202e+11
     159.3  1.202e+11
     163.4  1.203e+11
     167.4  1.205e+11
     171.4  1.206e+11
     175.5  1.208e+11
     179.5  1.213e+11
     183.5  1.218e+11
     187.6  1.218e+11
     191.6   1.22e+11
     195.6  1.222e+11
     199.7  1.223e+11
     203.7  1.224e+11
     207.7  1.225e+11
     211.8  1.225e+11
     215.8  1.225e+11
     219.8  1.225e+11
     223.9  1.225e+11
     227.9  1.225e+11
     231.9  1.225e+11
       236  1.225e+11
       240  1.225e+11
       244  1.225e+11
     248.1  1.225e+11
     252.1  1.225e+11
     256.1  1.225e+11
     260.2  1.225e+11
     264.2  1.225e+11
     268.3  1.225e+11
     272.3  1.225e+11
