     2.017  7.313e-17
     6.051  8.085e-18
     10.08  3.982e-18
     14.12   1.42e-18
     18.15  6.083e-19
     22.19  3.346e-19
     26.22  3.233e-19
     30.25  2.891e-19
     34.29  2.745e-19
     38.32  1.755e-19
     42.36  1.659e-19
     46.39  1.113e-19
     50.42  4.035e-20
     54.46  3.335e-20
     58.49  3.095e-20
     62.52  4.616e-20
     66.56  7.641e-20
     70.59  1.847e-20
     74.63  1.772e-20
     78.66  1.502e-20
     82.69  1.637e-20
     86.73  4.784e-21
     90.76  4.252e-21
      94.8  1.027e-20
     98.83  9.396e-21
     102.9  5.544e-21
     106.9  1.087e-20
     110.9  6.665e-21
       115  1.129e-20
       119  1.308e-20
       123  7.946e-21
     127.1  4.708e-21
     131.1  2.366e-21
     135.1  4.091e-21
     139.2  3.008e-21
     143.2  3.209e-21
     147.2  1.631e-21
     151.3  2.718e-21
     155.3  3.602e-21
     159.3  1.824e-21
     163.4  1.123e-21
     167.4  2.479e-21
     171.4  3.644e-21
     175.5  4.076e-21
     179.5  7.916e-21
     183.5  4.272e-21
     187.6  1.806e-21
     191.6  3.106e-21
     195.6  1.577e-21
     199.7  1.819e-21
     203.7  1.607e-21
     207.7  1.745e-21
     211.8  3.728e-23
     215.8      1e-23
     219.8      1e-23
     223.9      1e-23
     227.9      1e-23
     231.9      1e-23
       236      1e-23
       240      1e-23
       244      1e-23
     248.1      1e-23
     252.1      1e-23
     256.1      1e-23
     260.2      1e-23
     264.2      1e-23
     268.3      1e-23
     272.3      1e-23
