     2.017      18.36
     6.051      20.75
     10.08      21.52
     14.12      22.64
     18.15      23.56
     22.19       24.2
     26.22      24.24
     30.25      24.36
     34.29      24.42
     38.32      24.91
     42.36      24.97
     46.39       25.4
     50.42       26.5
     54.46      26.71
     58.49      26.79
     62.52      26.36
     66.56      25.81
     70.59      27.35
     74.63      27.39
     78.66      27.57
     82.69      27.48
     86.73      28.82
     90.76      28.94
      94.8      27.99
     98.83      28.08
     102.9      28.66
     106.9      27.93
     110.9      28.46
       115      27.88
       119      27.72
       123      28.27
     127.1      28.83
     131.1      29.58
     135.1      28.99
     139.2      29.32
     143.2      29.25
     147.2      29.98
     151.3      29.43
     155.3      29.12
     159.3      29.86
     163.4      30.39
     167.4      29.53
     171.4      29.11
     175.5      28.99
     179.5      28.27
     183.5      28.94
     187.6      29.87
     191.6      29.29
     195.6      30.02
     199.7      29.87
     203.7         30
     207.7      29.91
     211.8      34.09
     215.8      35.52
     219.8      35.52
     223.9      35.52
     227.9      35.52
     231.9      35.52
       236      35.52
       240      35.52
       244      35.52
     248.1      35.52
     252.1      35.52
     256.1      35.52
     260.2      35.52
     264.2      35.52
     268.3      35.52
     272.3      35.52
