     6.002  3.439e+08
        10  3.351e+08
        14  2.698e+08
        18  2.285e+08
     22.01  1.846e+08
     26.01   1.68e+08
     30.01  1.384e+08
     34.01  1.126e+08
     38.01  9.534e+07
     42.01  8.457e+07
     46.01  8.058e+07
     50.01  7.528e+07
     54.01  6.259e+07
     58.02  6.048e+07
     62.02  5.371e+07
     66.02  5.248e+07
     70.02  4.986e+07
     74.02  4.411e+07
     78.02  4.224e+07
     82.02  3.996e+07
     86.02  3.794e+07
     90.02  3.391e+07
     94.03  3.447e+07
     98.03  3.033e+07
       102  2.894e+07
       106  2.992e+07
       110  2.877e+07
       114  2.615e+07
       118  2.381e+07
       122  2.197e+07
       126   2.02e+07
       130  1.688e+07
       134  1.755e+07
       138  1.579e+07
       142  1.552e+07
       146  1.401e+07
       150  1.403e+07
       154  1.471e+07
       158  1.332e+07
       162  1.223e+07
       166  1.209e+07
       170   1.05e+07
       174  9.906e+06
       178  8.988e+06
     182.1  8.197e+06
     186.1   8.33e+06
     190.1  8.157e+06
     194.1  7.654e+06
     198.1  7.338e+06
     202.1  6.798e+06
     206.1  6.681e+06
     210.1  6.551e+06
     214.1  5.717e+06
     218.1  5.896e+06
     222.1  6.278e+06
     226.1  5.714e+06
     230.1   5.08e+06
     234.1  5.259e+06
     238.1  5.312e+06
     242.1  4.873e+06
     246.1  4.405e+06
     250.1  3.894e+06
     254.1   3.21e+06
     258.1  2.787e+06
     262.1  2.121e+06
     266.1   1.89e+06
     270.1    1.5e+06
     274.1  1.276e+06
     278.1   1.08e+06
     282.1  1.032e+06
     286.1  7.418e+05
     290.1  6.677e+05
     294.1   5.43e+05
     298.1  5.475e+05
     302.1  5.484e+05
     306.1  4.434e+05
     310.1   3.34e+05
     314.1  3.315e+05
     318.1  3.023e+05
     322.1  4.103e+05
     326.1   3.91e+05
     330.1  3.291e+05
     334.1  1.823e+05
     338.1  1.308e+05
     342.1  1.997e+05
     346.1  1.801e+05
     350.1    5.8e+04
