     2.001  2.209e+10
     6.002  7.397e+10
        10  1.582e+11
        14  2.532e+11
        18  3.567e+11
     22.01  4.588e+11
     26.01  5.687e+11
     30.01  6.731e+11
     34.01  7.694e+11
     38.01  8.605e+11
     42.01  9.498e+11
     46.01  1.043e+12
     50.01  1.138e+12
     54.01  1.223e+12
     58.02  1.311e+12
     62.02  1.395e+12
     66.02  1.482e+12
     70.02  1.569e+12
     74.02  1.652e+12
     78.02  1.734e+12
     82.02  1.817e+12
     86.02  1.899e+12
     90.02  1.976e+12
     94.03  2.057e+12
     98.03  2.132e+12
       102  2.206e+12
       106  2.286e+12
       110  2.365e+12
       114   2.44e+12
       118  2.511e+12
       122  2.578e+12
       126  2.642e+12
       130  2.698e+12
       134  2.757e+12
       138  2.812e+12
       142  2.867e+12
       146  2.918e+12
       150  2.971e+12
       154  3.028e+12
       158  3.081e+12
       162  3.131e+12
       166  3.182e+12
       170  3.226e+12
       174   3.27e+12
       178   3.31e+12
     182.1  3.347e+12
     186.1  3.386e+12
     190.1  3.425e+12
     194.1  3.463e+12
     198.1  3.499e+12
     202.1  3.534e+12
     206.1  3.568e+12
     210.1  3.603e+12
     214.1  3.634e+12
     218.1  3.666e+12
     222.1  3.701e+12
     226.1  3.734e+12
     230.1  3.763e+12
     234.1  3.794e+12
     238.1  3.826e+12
     242.1  3.855e+12
     246.1  3.883e+12
     250.1  3.907e+12
     254.1  3.928e+12
     258.1  3.946e+12
     262.1   3.96e+12
     266.1  3.972e+12
     270.1  3.983e+12
     274.1  3.991e+12
     278.1  3.999e+12
     282.1  4.006e+12
     286.1  4.012e+12
     290.1  4.016e+12
     294.1   4.02e+12
     298.1  4.025e+12
     302.1  4.029e+12
     306.1  4.032e+12
     310.1  4.035e+12
     314.1  4.037e+12
     318.1   4.04e+12
     322.1  4.043e+12
     326.1  4.046e+12
     330.1  4.049e+12
     334.1  4.051e+12
     338.1  4.052e+12
     342.1  4.053e+12
     346.1  4.055e+12
     350.1  4.055e+12
