     2.001  6.671e-18
     6.002  5.525e-18
        10  4.865e-18
        14  3.886e-18
        18   3.15e-18
     22.01  2.923e-18
     26.01  2.926e-18
     30.01   2.83e-18
     34.01  2.476e-18
     38.01  3.357e-18
     42.01  3.679e-18
     46.01   3.03e-18
     50.01  2.672e-18
     54.01  1.951e-18
     58.02  1.926e-18
     62.02  1.722e-18
     66.02  1.319e-18
     70.02  1.167e-18
     74.02  1.071e-18
     78.02    1.1e-18
     82.02  9.647e-19
     86.02  8.226e-19
     90.02  7.777e-19
     94.03  7.388e-19
     98.03  6.602e-19
       102  6.314e-19
       106  6.643e-19
       110   6.57e-19
       114  6.329e-19
       118  5.887e-19
       122  4.697e-19
       126  4.279e-19
       130   4.17e-19
       134  3.925e-19
       138  3.795e-19
       142  4.452e-19
       146  4.222e-19
       150   3.41e-19
       154  3.455e-19
       158  3.748e-19
       162  3.517e-19
       166  2.583e-19
       170   2.18e-19
       174  1.956e-19
       178  1.745e-19
     182.1  1.679e-19
     186.1  1.708e-19
     190.1  1.457e-19
     194.1  1.532e-19
     198.1   1.28e-19
     202.1  1.177e-19
     206.1  1.224e-19
     210.1  1.163e-19
     214.1  1.018e-19
     218.1   1.04e-19
     222.1  9.746e-20
     226.1  9.508e-20
     230.1  9.488e-20
     234.1  9.676e-20
     238.1  8.773e-20
     242.1  8.301e-20
     246.1  8.677e-20
     250.1  7.385e-20
     254.1   6.46e-20
     258.1   6.48e-20
     262.1  5.923e-20
     266.1   5.13e-20
     270.1  5.358e-20
     274.1  5.515e-20
     278.1  4.487e-20
     282.1  3.793e-20
     286.1  3.691e-20
     290.1  3.412e-20
     294.1  3.264e-20
     298.1  3.862e-20
     302.1  2.746e-20
     306.1   3.09e-20
     310.1  3.306e-20
     314.1  3.069e-20
     318.1  3.989e-20
     322.1  5.231e-20
     326.1  5.365e-20
     330.1   4.12e-20
     334.1  3.055e-20
     338.1   4.69e-20
     342.1  5.891e-20
     346.1  5.929e-20
     350.1  3.715e-20
