     2.001      20.96
     6.002      21.16
        10       21.3
        14      21.54
        18      21.77
     22.01      21.85
     26.01      21.85
     30.01      21.89
     34.01      22.03
     38.01       21.7
     42.01       21.6
     46.01      21.81
     50.01      21.95
     54.01      22.29
     58.02       22.3
     62.02      22.43
     66.02      22.72
     70.02      22.85
     74.02      22.94
     78.02      22.91
     82.02      23.06
     86.02      23.23
     90.02      23.29
     94.03      23.34
     98.03      23.47
       102      23.52
       106      23.46
       110      23.47
       114      23.51
       118      23.59
       122      23.84
       126      23.94
       130      23.97
       134      24.03
       138      24.07
       142      23.89
       146      23.95
       150      24.18
       154      24.17
       158      24.08
       162      24.15
       166      24.49
       170      24.67
       174      24.79
       178      24.91
     182.1      24.95
     186.1      24.93
     190.1      25.11
     194.1      25.05
     198.1      25.25
     202.1      25.34
     206.1       25.3
     210.1      25.35
     214.1       25.5
     218.1      25.47
     222.1      25.54
     226.1      25.57
     230.1      25.57
     234.1      25.55
     238.1      25.66
     242.1      25.72
     246.1      25.67
     250.1      25.85
     254.1      25.99
     258.1      25.99
     262.1      26.08
     266.1      26.24
     270.1      26.19
     274.1      26.16
     278.1      26.39
     282.1      26.57
     286.1       26.6
     290.1      26.68
     294.1      26.73
     298.1      26.55
     302.1      26.92
     306.1      26.79
     310.1      26.72
     314.1       26.8
     318.1      26.51
     322.1      26.22
     326.1      26.19
     330.1      26.48
     334.1       26.8
     338.1      26.34
     342.1      26.09
     346.1      26.08
     350.1      26.59
