     2.001      19.91
     6.002      20.82
        10      21.21
     14.01      21.43
     18.01      21.41
     22.01      21.76
     26.01      21.85
     30.01      22.15
     34.01      22.41
     38.02      22.57
     42.02      22.72
     46.02      22.83
     50.02      22.85
     54.02      22.97
     58.02      23.05
     62.02      23.09
     66.03      23.16
     70.03      23.39
     74.03      23.45
     78.03      23.48
     82.03      23.54
     86.03      23.59
     90.04      23.67
     94.04       23.6
     98.04      23.68
       102       23.8
       106      23.99
       110      23.97
       114      23.96
       118      24.04
       122      24.16
       126      24.14
     130.1      24.26
     134.1      24.32
     138.1      24.24
     142.1      24.08
     146.1      24.29
     150.1      24.14
     154.1      24.18
     158.1      24.33
     162.1      24.39
     166.1      24.44
     170.1      24.15
     174.1      24.13
     178.1       24.8
     182.1      24.76
     186.1      24.83
     190.1      24.91
     194.1      24.96
     198.1      24.81
     202.1      24.62
     206.1      24.77
     210.1      24.98
     214.1      24.92
     218.1      24.81
     222.1      24.89
     226.1       25.1
     230.1      25.09
     234.1      25.14
     238.1      25.06
     242.1      25.08
     246.1      24.91
     250.1      24.94
     254.1      24.72
     258.1      24.75
     262.1         24
     266.1      23.93
     270.1      24.29
     274.1      24.83
     278.1      25.14
     282.1      25.13
     286.1       25.4
     290.1      25.54
     294.1      25.42
     298.1      25.38
     302.1      25.37
     306.1      25.63
     310.1      25.73
     314.1       25.6
     318.1      25.79
     322.1      25.99
     326.1      25.85
     330.1      25.91
     334.1      25.81
     338.1      25.43
     342.1      25.28
     346.1      25.77
     350.1      25.58
