     6.002  2.596e+08
        10  1.663e+08
     14.01  1.264e+08
     18.01  9.887e+07
     22.01  8.115e+07
     26.01  6.348e+07
     30.01   5.21e+07
     34.01  3.845e+07
     38.02  3.275e+07
     42.02  2.915e+07
     46.02  2.503e+07
     50.02  2.125e+07
     54.02  2.047e+07
     58.02  1.802e+07
     62.02   1.75e+07
     66.03  1.646e+07
     70.03  1.506e+07
     74.03    1.4e+07
     78.03  1.383e+07
     82.03  1.364e+07
     86.03  1.241e+07
     90.04  1.197e+07
     94.04  1.039e+07
     98.04  9.325e+06
       102  8.812e+06
       106  7.945e+06
       110  7.476e+06
       114  7.576e+06
       118  6.811e+06
       122      6e+06
       126  5.912e+06
     130.1  5.424e+06
     134.1  5.395e+06
     138.1  5.582e+06
     142.1  5.405e+06
     146.1  4.966e+06
     150.1  4.433e+06
     154.1  4.697e+06
     158.1   4.81e+06
     162.1  4.233e+06
     166.1  3.905e+06
     170.1  3.861e+06
     174.1  3.597e+06
     178.1   3.24e+06
     182.1  2.972e+06
     186.1  2.537e+06
     190.1  2.569e+06
     194.1   2.47e+06
     198.1  2.212e+06
     202.1  2.455e+06
     206.1  2.404e+06
     210.1   2.34e+06
     214.1  2.117e+06
     218.1  2.351e+06
     222.1  2.515e+06
     226.1  2.466e+06
     230.1  2.423e+06
     234.1  2.352e+06
     238.1  2.309e+06
     242.1  2.302e+06
     246.1  2.112e+06
     250.1  1.957e+06
     254.1  1.732e+06
     258.1  1.548e+06
     262.1  1.547e+06
     266.1  1.492e+06
     270.1  1.277e+06
     274.1  1.092e+06
     278.1  8.067e+05
     282.1  7.367e+05
     286.1  5.551e+05
     290.1  5.291e+05
     294.1  4.414e+05
     298.1  4.066e+05
     302.1  5.129e+05
     306.1  3.084e+05
     310.1  2.637e+05
     314.1  2.465e+05
     318.1  2.666e+05
     322.1  2.096e+05
     326.1  1.408e+05
     330.1  1.271e+05
     334.1  8.354e+04
     338.1  1.342e+05
     342.1  8.856e+04
     346.1  9.614e+04
     350.1  2.349e+04
