     2.001  1.748e-17
     6.002  7.563e-18
        10  5.258e-18
     14.01  4.316e-18
     18.01   4.39e-18
     22.01  3.176e-18
     26.01  2.938e-18
     30.01  2.213e-18
     34.01  1.747e-18
     38.02   1.51e-18
     42.02  1.309e-18
     46.02  1.185e-18
     50.02   1.17e-18
     54.02  1.043e-18
     58.02  9.672e-19
     62.02   9.32e-19
     66.03  8.781e-19
     70.03  7.111e-19
     74.03    6.7e-19
     78.03  6.521e-19
     82.03  6.167e-19
     86.03  5.875e-19
     90.04  5.452e-19
     94.04  5.837e-19
     98.04  5.434e-19
       102   4.84e-19
       106  4.096e-19
       110  4.168e-19
       114  4.204e-19
       118  3.901e-19
       122  3.501e-19
       126  3.562e-19
     130.1  3.177e-19
     134.1  3.003e-19
     138.1  3.225e-19
     142.1  3.761e-19
     146.1  3.092e-19
     150.1  3.558e-19
     154.1  3.408e-19
     158.1   2.98e-19
     162.1  2.809e-19
     166.1  2.706e-19
     170.1  3.503e-19
     174.1  3.582e-19
     178.1  1.929e-19
     182.1  2.007e-19
     186.1  1.884e-19
     190.1  1.749e-19
     194.1  1.669e-19
     198.1   1.92e-19
     202.1  2.276e-19
     206.1  1.982e-19
     210.1  1.636e-19
     214.1  1.738e-19
     218.1  1.914e-19
     222.1  1.783e-19
     226.1  1.466e-19
     230.1  1.475e-19
     234.1  1.416e-19
     238.1  1.516e-19
     242.1  1.495e-19
     246.1  1.745e-19
     250.1  1.707e-19
     254.1  2.077e-19
     258.1  2.031e-19
     262.1  4.054e-19
     266.1  4.323e-19
     270.1  3.082e-19
     274.1  1.873e-19
     278.1  1.413e-19
     282.1  1.428e-19
     286.1  1.117e-19
     290.1  9.751e-20
     294.1  1.091e-19
     298.1  1.133e-19
     302.1  1.148e-19
     306.1   9.02e-20
     310.1  8.189e-20
     314.1  9.224e-20
     318.1  7.742e-20
     322.1  6.479e-20
     326.1  7.329e-20
     330.1  6.954e-20
     334.1  7.605e-20
     338.1  1.079e-19
     342.1   1.24e-19
     346.1  7.913e-20
     350.1  9.396e-20
