     2.001  1.455e+10
     6.002  5.372e+10
        10  9.554e+10
     14.01    1.4e+11
     18.01  1.848e+11
     22.01  2.297e+11
     26.01  2.712e+11
     30.01  3.105e+11
     34.01  3.434e+11
     38.02  3.747e+11
     42.02  4.055e+11
     46.02  4.345e+11
     50.02  4.612e+11
     54.02   4.89e+11
     58.02  5.153e+11
     62.02  5.426e+11
     66.03  5.699e+11
     70.03  5.964e+11
     74.03  6.225e+11
     78.03  6.496e+11
     82.03  6.777e+11
     86.03  7.046e+11
     90.04  7.317e+11
     94.04  7.562e+11
     98.04  7.792e+11
       102  8.018e+11
       106   8.23e+11
       110  8.437e+11
       114  8.654e+11
       118  8.856e+11
       122  9.041e+11
       126  9.228e+11
     130.1  9.405e+11
     134.1  9.587e+11
     138.1  9.781e+11
     142.1  9.974e+11
     146.1  1.016e+12
     150.1  1.032e+12
     154.1  1.051e+12
     158.1   1.07e+12
     162.1  1.087e+12
     166.1  1.103e+12
     170.1   1.12e+12
     174.1  1.135e+12
     178.1   1.15e+12
     182.1  1.164e+12
     186.1  1.175e+12
     190.1  1.188e+12
     194.1    1.2e+12
     198.1  1.211e+12
     202.1  1.223e+12
     206.1  1.236e+12
     210.1  1.248e+12
     214.1  1.259e+12
     218.1  1.272e+12
     222.1  1.286e+12
     226.1    1.3e+12
     230.1  1.314e+12
     234.1  1.328e+12
     238.1  1.342e+12
     242.1  1.356e+12
     246.1  1.369e+12
     250.1  1.381e+12
     254.1  1.393e+12
     258.1  1.403e+12
     262.1  1.413e+12
     266.1  1.423e+12
     270.1  1.431e+12
     274.1  1.439e+12
     278.1  1.445e+12
     282.1   1.45e+12
     286.1  1.454e+12
     290.1  1.458e+12
     294.1  1.461e+12
     298.1  1.464e+12
     302.1  1.468e+12
     306.1   1.47e+12
     310.1  1.472e+12
     314.1  1.474e+12
     318.1  1.476e+12
     322.1  1.478e+12
     326.1  1.479e+12
     330.1   1.48e+12
     334.1  1.481e+12
     338.1  1.482e+12
     342.1  1.483e+12
     346.1  1.484e+12
     350.1  1.484e+12
