     6.002  6.667e+08
        10  2.306e+08
        14   1.14e+08
     18.01  7.584e+07
     22.01  6.105e+07
     26.01  5.601e+07
     30.01  4.919e+07
     34.01  3.511e+07
     38.01  2.386e+07
     42.01  1.902e+07
     46.01  1.239e+07
     50.02  9.632e+06
     54.02  8.787e+06
     58.02  6.341e+06
     62.02  5.997e+06
     66.02  5.908e+06
     70.02  5.334e+06
     74.02  4.746e+06
     78.02  4.623e+06
     82.03  3.456e+06
     86.03  3.113e+06
     90.03  3.636e+06
     94.03  3.735e+06
     98.03  3.278e+06
       102  2.787e+06
       106  2.213e+06
       110  1.804e+06
       114   1.68e+06
       118  1.715e+06
       122  1.881e+06
       126  1.212e+06
       130  1.526e+06
       134  1.197e+06
       138  7.241e+05
       142  6.917e+05
       146  7.662e+05
       150  7.815e+05
       154  4.771e+05
       158  5.598e+05
     162.1  5.443e+05
     166.1  4.839e+05
     170.1  6.228e+05
     174.1  5.335e+05
     178.1  8.925e+05
     182.1  8.226e+05
     186.1  6.036e+05
     190.1  5.192e+05
     194.1  4.482e+05
     198.1  5.216e+05
     202.1  4.304e+05
     206.1  3.679e+05
     210.1  4.093e+05
     214.1  4.743e+05
     218.1  4.545e+05
     222.1  5.828e+05
     226.1  4.624e+05
     230.1  4.411e+05
     234.1  2.853e+05
     238.1  2.156e+05
     242.1  1.671e+05
     246.1    1.7e+05
     250.1  1.144e+05
     254.1  1.214e+05
     258.1  1.551e+05
     262.1   1.17e+05
     266.1  1.132e+05
     270.1  8.135e+04
     274.1  7.985e+04
     278.1   1.11e+05
     282.1  2.796e+04
     286.1  4.868e+04
     290.1  5.746e+04
     294.1  6.059e+04
     298.1  4.193e+04
     302.1   1.45e+04
     306.1  3.339e+04
     310.1  3.277e+04
     314.1  2.811e+04
     318.1  1.439e+04
     322.1       9344
     326.1       8755
     330.1       9479
     334.1       4441
     338.1       4154
     342.1       4108
     346.1          0
     350.1       8509
