     2.001  5.906e+10
     6.002  1.597e+11
        10  2.177e+11
        14  2.578e+11
     18.01  2.921e+11
     22.01  3.259e+11
     26.01  3.625e+11
     30.01  3.996e+11
     34.01  4.297e+11
     38.01  4.525e+11
     42.01  4.725e+11
     46.01  4.869e+11
     50.02   4.99e+11
     54.02  5.109e+11
     58.02  5.202e+11
     62.02  5.295e+11
     66.02  5.393e+11
     70.02  5.487e+11
     74.02  5.575e+11
     78.02  5.666e+11
     82.03  5.737e+11
     86.03  5.805e+11
     90.03  5.887e+11
     94.03  5.975e+11
     98.03  6.056e+11
       102  6.128e+11
       106  6.187e+11
       110  6.237e+11
       114  6.285e+11
       118  6.336e+11
       122  6.393e+11
       126  6.432e+11
       130  6.482e+11
       134  6.522e+11
       138  6.547e+11
       142  6.572e+11
       146    6.6e+11
       150  6.629e+11
       154  6.648e+11
       158   6.67e+11
     162.1  6.692e+11
     166.1  6.712e+11
     170.1  6.739e+11
     174.1  6.762e+11
     178.1  6.802e+11
     182.1   6.84e+11
     186.1  6.868e+11
     190.1  6.893e+11
     194.1  6.915e+11
     198.1  6.941e+11
     202.1  6.963e+11
     206.1  6.982e+11
     210.1  7.003e+11
     214.1  7.029e+11
     218.1  7.054e+11
     222.1  7.086e+11
     226.1  7.113e+11
     230.1  7.138e+11
     234.1  7.155e+11
     238.1  7.168e+11
     242.1  7.178e+11
     246.1  7.189e+11
     250.1  7.196e+11
     254.1  7.204e+11
     258.1  7.214e+11
     262.1  7.221e+11
     266.1  7.229e+11
     270.1  7.234e+11
     274.1   7.24e+11
     278.1  7.248e+11
     282.1   7.25e+11
     286.1  7.253e+11
     290.1  7.257e+11
     294.1  7.262e+11
     298.1  7.265e+11
     302.1  7.266e+11
     306.1  7.269e+11
     310.1  7.271e+11
     314.1  7.273e+11
     318.1  7.275e+11
     322.1  7.275e+11
     326.1  7.276e+11
     330.1  7.277e+11
     334.1  7.277e+11
     338.1  7.278e+11
     342.1  7.278e+11
     346.1  7.278e+11
     350.1  7.279e+11
