     2.001  1.223e-16
     6.002  3.219e-17
        10  1.516e-17
        14  1.148e-17
     18.01  7.905e-18
     22.01  6.166e-18
     26.01  6.347e-18
     30.01  4.336e-18
     34.01  3.099e-18
     38.01  2.594e-18
     42.01  1.584e-18
     46.01   1.09e-18
     50.02  1.059e-18
     54.02  1.022e-18
     58.02  1.013e-18
     62.02  9.357e-19
     66.02  6.392e-19
     70.02  5.836e-19
     74.02  5.442e-19
     78.02  4.737e-19
     82.03  3.487e-19
     86.03  4.087e-19
     90.03  3.714e-19
     94.03   3.09e-19
     98.03  3.158e-19
       102  3.275e-19
       106  2.879e-19
       110  3.532e-19
       114  2.892e-19
       118  2.645e-19
       122  1.702e-19
       126  1.476e-19
       130  1.502e-19
       134  9.067e-20
       138  9.412e-20
       142  6.763e-20
       146  7.482e-20
       150  7.156e-20
       154  5.117e-20
       158  4.692e-20
     162.1  4.803e-20
     166.1  5.835e-20
     170.1   4.67e-20
     174.1  6.447e-20
     178.1  8.243e-20
     182.1  5.282e-20
     186.1  6.368e-20
     190.1  4.485e-20
     194.1  4.585e-20
     198.1  5.052e-20
     202.1  3.932e-20
     206.1  3.129e-20
     210.1  4.858e-20
     214.1  4.852e-20
     218.1  3.987e-20
     222.1  4.801e-20
     226.1  4.323e-20
     230.1  3.433e-20
     234.1  2.362e-20
     238.1  2.176e-20
     242.1  1.564e-20
     246.1  1.276e-20
     250.1  1.213e-20
     254.1  1.735e-20
     258.1  2.437e-20
     262.1  1.633e-20
     266.1  2.057e-20
     270.1  1.336e-20
     274.1   1.52e-20
     278.1  1.389e-20
     282.1  5.109e-21
     286.1  1.459e-20
     290.1  1.603e-20
     294.1  1.729e-20
     298.1  5.884e-21
     302.1  9.159e-21
     306.1  6.418e-21
     310.1  9.975e-21
     314.1  7.865e-21
     318.1  5.187e-21
     322.1  4.499e-21
     326.1   5.42e-21
     330.1  4.799e-21
     334.1  4.344e-21
     338.1  4.885e-21
     342.1   7.95e-22
     346.1  1.954e-20
     350.1  4.455e-21
