     2.001       17.8
     6.002      19.25
        10      20.06
        14      20.37
     18.01      20.77
     22.01      21.04
     26.01      21.01
     30.01      21.42
     34.01      21.79
     38.01      21.98
     42.01      22.52
     46.01      22.92
     50.02      22.95
     54.02      22.99
     58.02         23
     62.02      23.09
     66.02       23.5
     70.02       23.6
     74.02      23.68
     78.02      23.83
     82.03      24.16
     86.03      23.99
     90.03      24.09
     94.03      24.29
     98.03      24.27
       102      24.23
       106      24.37
       110      24.15
       114      24.36
       118      24.46
       122      24.94
       126      25.09
       130      25.07
       134      25.62
       138      25.58
       142      25.94
       146      25.83
       150      25.88
       154      26.24
       158      26.34
     162.1      26.31
     166.1       26.1
     170.1      26.34
     174.1      25.99
     178.1      25.73
     182.1      26.21
     186.1      26.01
     190.1      26.39
     194.1      26.36
     198.1      26.26
     202.1      26.53
     206.1      26.78
     210.1       26.3
     214.1       26.3
     218.1      26.51
     222.1      26.31
     226.1      26.43
     230.1      26.68
     234.1      27.08
     238.1      27.17
     242.1      27.53
     246.1      27.75
     250.1      27.81
     254.1      27.42
     258.1      27.05
     262.1      27.48
     266.1      27.23
     270.1       27.7
     274.1      27.56
     278.1      27.66
     282.1      28.75
     286.1      27.61
     290.1       27.5
     294.1      27.42
     298.1      28.59
     302.1      28.11
     306.1       28.5
     310.1      28.02
     314.1      28.28
     318.1      28.73
     322.1      28.88
     326.1      28.68
     330.1      28.81
     334.1      28.92
     338.1      28.79
     342.1      30.77
     346.1      27.29
     350.1      28.89
