     2.001      20.53
     6.002      20.65
        10      20.86
        14       21.2
        18      21.24
     22.01      21.28
     26.01      21.59
     30.01      21.84
     34.01      21.96
     38.01      22.05
     42.01      22.23
     46.01      22.29
     50.01      22.42
     54.01      22.51
     58.02      22.67
     62.02       22.8
     66.02      22.88
     70.02      23.02
     74.02      23.06
     78.02      23.05
     82.02      23.33
     86.02      23.48
     90.02      23.45
     94.03      23.33
     98.03      23.52
       102       23.6
       106      23.64
       110      23.62
       114      23.75
       118      23.99
       122      23.66
       126      23.32
       130      23.59
       134      24.32
       138      24.36
       142      24.39
       146      24.58
       150      24.71
       154      24.79
       158      24.88
       162      24.98
       166      24.93
       170      25.15
       174      25.21
       178      25.26
     182.1      25.37
     186.1      25.44
     190.1      25.42
     194.1      25.37
     198.1      25.53
     202.1      25.58
     206.1      25.65
     210.1      25.56
     214.1      25.54
     218.1      25.59
     222.1      25.76
     226.1      25.75
     230.1      25.79
     234.1      25.79
     238.1      25.83
     242.1      25.94
     246.1      26.01
     250.1      26.11
     254.1      26.23
     258.1      26.19
     262.1      26.43
     266.1      26.53
     270.1      26.46
     274.1      26.56
     278.1      26.55
     282.1      26.74
     286.1      26.45
     290.1      26.16
     294.1      26.56
     298.1      26.81
     302.1      27.11
     306.1      26.87
     310.1      26.93
     314.1      27.04
     318.1      27.15
     322.1      27.15
     326.1      27.19
     330.1      27.09
     334.1      26.91
     338.1      27.01
     342.1      27.14
     346.1       27.2
     350.1      27.33
