     2.001  4.525e+10
     6.002  9.945e+10
        10  1.931e+11
        14   3.06e+11
        18  4.271e+11
     22.01  5.485e+11
     26.01  6.696e+11
     30.01  7.945e+11
     34.01  9.089e+11
     38.01  1.025e+12
     42.01  1.141e+12
     46.01  1.259e+12
     50.01  1.378e+12
     54.01  1.494e+12
     58.02  1.597e+12
     62.02  1.699e+12
     66.02    1.8e+12
     70.02  1.902e+12
     74.02  1.998e+12
     78.02  2.095e+12
     82.02   2.19e+12
     86.02  2.285e+12
     90.02  2.386e+12
     94.03  2.493e+12
     98.03  2.603e+12
       102  2.703e+12
       106  2.799e+12
       110  2.896e+12
       114  2.994e+12
       118  3.091e+12
       122  3.186e+12
       126  3.272e+12
       130  3.355e+12
       134  3.439e+12
       138  3.526e+12
       142  3.616e+12
       146  3.703e+12
       150  3.783e+12
       154  3.863e+12
       158  3.946e+12
       162  4.023e+12
       166  4.102e+12
       170  4.184e+12
       174  4.266e+12
       178  4.345e+12
     182.1  4.421e+12
     186.1  4.495e+12
     190.1  4.571e+12
     194.1  4.642e+12
     198.1  4.712e+12
     202.1  4.783e+12
     206.1  4.853e+12
     210.1  4.924e+12
     214.1  4.991e+12
     218.1  5.054e+12
     222.1  5.122e+12
     226.1  5.186e+12
     230.1  5.252e+12
     234.1  5.321e+12
     238.1  5.393e+12
     242.1  5.461e+12
     246.1  5.523e+12
     250.1  5.584e+12
     254.1  5.633e+12
     258.1  5.672e+12
     262.1  5.708e+12
     266.1  5.737e+12
     270.1  5.761e+12
     274.1  5.783e+12
     278.1  5.802e+12
     282.1  5.819e+12
     286.1  5.834e+12
     290.1  5.847e+12
     294.1  5.859e+12
     298.1  5.869e+12
     302.1  5.878e+12
     306.1  5.886e+12
     310.1  5.893e+12
     314.1  5.899e+12
     318.1  5.904e+12
     322.1  5.908e+12
     326.1  5.912e+12
     330.1  5.916e+12
     334.1  5.919e+12
     338.1  5.922e+12
     342.1  5.924e+12
     346.1  5.925e+12
     350.1  5.925e+12
