     2.001      20.82
     6.002      20.89
        10         21
        14      20.97
        18       21.2
     22.01      21.44
     26.01      21.46
     30.01      21.47
     34.01      21.77
     38.01      21.85
     42.01      21.85
     46.01      22.14
     50.01       22.3
     54.01       22.5
     58.02      22.68
     62.02      22.74
     66.02      22.69
     70.02      22.88
     74.02      22.93
     78.02      23.09
     82.02      23.14
     86.02      23.17
     90.02      23.16
     94.03      23.17
     98.03      23.28
       102       23.4
       106       23.5
       110      23.48
       114      23.49
       118      23.59
       122      23.69
       126      23.78
       130      23.88
       134      23.85
       138      23.79
       142      23.86
       146      23.99
       150      24.05
       154         24
       158      24.09
       162         24
       166      23.98
       170       24.1
       174      24.17
       178      24.26
     182.1      24.34
     186.1      24.37
     190.1      24.35
     194.1      24.34
     198.1      24.37
     202.1      24.48
     206.1      24.56
     210.1      24.48
     214.1      24.66
     218.1      24.65
     222.1      24.73
     226.1      24.73
     230.1       24.7
     234.1      24.62
     238.1      24.78
     242.1      24.79
     246.1      24.75
     250.1      24.64
     254.1      24.86
     258.1      24.98
     262.1      25.04
     266.1      25.11
     270.1      25.32
     274.1       25.1
     278.1      25.33
     282.1      25.31
     286.1      25.43
     290.1      25.48
     294.1      25.47
     298.1      25.56
     302.1      25.49
     306.1       25.7
     310.1       25.6
     314.1      25.64
     318.1      25.77
     322.1      25.84
     326.1      25.57
     330.1      25.67
     334.1      25.82
     338.1      25.57
     342.1      25.71
     346.1      25.97
     350.1       25.5
