     6.002  5.793e+08
        10  4.945e+08
        14  3.633e+08
        18  2.873e+08
     22.01   2.35e+08
     26.01  2.033e+08
     30.01  1.763e+08
     34.01  1.529e+08
     38.01  1.301e+08
     42.01  1.113e+08
     46.01  9.579e+07
     50.01  8.989e+07
     54.01  7.868e+07
     58.02  7.048e+07
     62.02  6.436e+07
     66.02  6.012e+07
     70.02  5.429e+07
     74.02  5.032e+07
     78.02  4.368e+07
     82.02  4.085e+07
     86.02  3.975e+07
     90.02  3.735e+07
     94.03  3.499e+07
     98.03  3.336e+07
       102  2.905e+07
       106   2.67e+07
       110  2.483e+07
       114  2.374e+07
       118  2.204e+07
       122  2.294e+07
       126  1.984e+07
       130   2.07e+07
       134    1.9e+07
       138  1.652e+07
       142  1.709e+07
       146  1.536e+07
       150  1.372e+07
       154   1.19e+07
       158  1.103e+07
       162  1.137e+07
       166  1.003e+07
       170  9.058e+06
       174  9.198e+06
       178  8.368e+06
     182.1   8.25e+06
     186.1  7.806e+06
     190.1  7.971e+06
     194.1  7.421e+06
     198.1  6.457e+06
     202.1  6.466e+06
     206.1  5.728e+06
     210.1  5.493e+06
     214.1  4.989e+06
     218.1  4.782e+06
     222.1  4.931e+06
     226.1  4.466e+06
     230.1  4.513e+06
     234.1  4.215e+06
     238.1  3.975e+06
     242.1   3.67e+06
     246.1  3.533e+06
     250.1  3.149e+06
     254.1  2.868e+06
     258.1  2.102e+06
     262.1  1.978e+06
     266.1   1.57e+06
     270.1  1.609e+06
     274.1  1.432e+06
     278.1   1.06e+06
     282.1  1.155e+06
     286.1  1.081e+06
     290.1  1.021e+06
     294.1  9.289e+05
     298.1  6.261e+05
     302.1  6.372e+05
     306.1  5.168e+05
     310.1  4.442e+05
     314.1  2.761e+05
     318.1  2.977e+05
     322.1  2.705e+05
     326.1  2.353e+05
     330.1  2.339e+05
     334.1  1.797e+05
     338.1  1.535e+05
     342.1  1.721e+05
     346.1  7.534e+04
     350.1  2.037e+04
