     2.001  2.815e+10
     6.002  1.156e+11
        10  2.399e+11
        14  3.678e+11
        18  4.979e+11
     22.01  6.279e+11
     26.01  7.608e+11
     30.01  8.938e+11
     34.01  1.025e+12
     38.01  1.149e+12
     42.01  1.266e+12
     46.01  1.377e+12
     50.01   1.49e+12
     54.01  1.597e+12
     58.02    1.7e+12
     62.02    1.8e+12
     66.02    1.9e+12
     70.02  1.996e+12
     74.02  2.089e+12
     78.02  2.175e+12
     82.02  2.259e+12
     86.02  2.345e+12
     90.02   2.43e+12
     94.03  2.512e+12
     98.03  2.595e+12
       102  2.669e+12
       106   2.74e+12
       110  2.809e+12
       114  2.877e+12
       118  2.942e+12
       122  3.013e+12
       126  3.076e+12
       130  3.143e+12
       134  3.207e+12
       138  3.265e+12
       142  3.326e+12
       146  3.382e+12
       150  3.434e+12
       154   3.48e+12
       158  3.524e+12
       162   3.57e+12
       166  3.612e+12
       170  3.651e+12
       174  3.691e+12
       178  3.728e+12
     182.1  3.766e+12
     186.1  3.803e+12
     190.1  3.841e+12
     194.1  3.877e+12
     198.1  3.909e+12
     202.1  3.942e+12
     206.1  3.971e+12
     210.1      4e+12
     214.1  4.027e+12
     218.1  4.054e+12
     222.1  4.081e+12
     226.1  4.106e+12
     230.1  4.133e+12
     234.1  4.157e+12
     238.1  4.181e+12
     242.1  4.203e+12
     246.1  4.225e+12
     250.1  4.245e+12
     254.1  4.263e+12
     258.1  4.277e+12
     262.1   4.29e+12
     266.1  4.301e+12
     270.1  4.312e+12
     274.1  4.321e+12
     278.1  4.329e+12
     282.1  4.337e+12
     286.1  4.345e+12
     290.1  4.352e+12
     294.1  4.359e+12
     298.1  4.364e+12
     302.1  4.369e+12
     306.1  4.373e+12
     310.1  4.376e+12
     314.1  4.378e+12
     318.1  4.381e+12
     322.1  4.383e+12
     326.1  4.385e+12
     330.1  4.387e+12
     334.1  4.388e+12
     338.1   4.39e+12
     342.1  4.391e+12
     346.1  4.392e+12
     350.1  4.392e+12
