     2.001  9.572e-15
     6.002  1.075e-17
        10  8.605e-18
        14  7.971e-18
        18  5.239e-18
     22.01  5.072e-18
     26.01  4.422e-18
     30.01  3.643e-18
     34.01  3.519e-18
     38.01  2.821e-18
     42.01  2.463e-18
     46.01  2.175e-18
     50.01  1.867e-18
     54.01  1.679e-18
     58.02   1.47e-18
     62.02  1.413e-18
     66.02  1.129e-18
     70.02  1.017e-18
     74.02  9.917e-19
     78.02   7.98e-19
     82.02  7.186e-19
     86.02  6.906e-19
     90.02  6.461e-19
     94.03  5.996e-19
     98.03  5.243e-19
       102  5.058e-19
       106  5.135e-19
       110   5.82e-19
       114  4.463e-19
       118  4.041e-19
       122  3.639e-19
       126  3.364e-19
       130  3.288e-19
       134   3.15e-19
       138  3.039e-19
       142  2.976e-19
       146  2.684e-19
       150  2.445e-19
       154  2.057e-19
       158  2.311e-19
       162  1.976e-19
       166  1.947e-19
       170  2.402e-19
       174  2.059e-19
       178  1.807e-19
     182.1  1.788e-19
     186.1  1.768e-19
     190.1  1.957e-19
     194.1  3.202e-19
     198.1  1.413e-19
     202.1  1.136e-19
     206.1  1.119e-19
     210.1      1e-19
     214.1  1.253e-19
     218.1  1.411e-19
     222.1  1.128e-19
     226.1  1.376e-19
     230.1  1.116e-19
     234.1   7.06e-20
     238.1  7.735e-20
     242.1  8.217e-20
     246.1  7.168e-20
     250.1  7.258e-20
     254.1  6.834e-20
     258.1  6.003e-20
     262.1  5.829e-20
     266.1  5.922e-20
     270.1   5.68e-20
     274.1  5.005e-20
     278.1  5.388e-20
     282.1  7.569e-20
     286.1  6.285e-20
     290.1  5.548e-20
     294.1  5.006e-20
     298.1  6.199e-20
     302.1  5.523e-20
     306.1  4.649e-20
     310.1  4.912e-20
     314.1  4.129e-20
     318.1  4.415e-20
     322.1  5.082e-20
     326.1  3.446e-20
     330.1  6.379e-20
     334.1  5.483e-20
     338.1    5.8e-20
     342.1  8.816e-20
     346.1  2.647e-20
     350.1  1.506e-20
