     2.001  1.154e-17
     6.002  7.747e-18
        10  5.675e-18
        14  4.155e-18
        18  3.386e-18
     22.01   2.97e-18
     26.01  2.562e-18
     30.01  2.417e-18
     34.01  1.931e-18
     38.01  1.717e-18
     42.01   1.53e-18
     46.01  1.427e-18
     50.01   1.76e-18
     54.01  1.677e-18
     58.02  1.219e-18
     62.02  1.037e-18
     66.02  1.051e-18
     70.02  8.715e-19
     74.02  7.459e-19
     78.02  6.596e-19
     82.02   6.32e-19
     86.02   7.35e-19
     90.02  5.359e-19
     94.03  6.722e-19
     98.03  6.101e-19
       102  5.032e-19
       106   4.45e-19
       110  4.072e-19
       114   3.94e-19
       118   3.68e-19
       122  3.407e-19
       126  3.467e-19
       130  3.374e-19
       134  2.891e-19
       138  2.828e-19
       142  2.701e-19
       146  2.724e-19
       150  2.602e-19
       154  2.855e-19
       158  2.624e-19
       162  2.502e-19
       166  2.434e-19
       170  2.367e-19
       174  2.627e-19
       178  3.136e-19
     182.1  2.416e-19
     186.1  3.341e-19
     190.1  2.009e-19
     194.1  3.025e-19
     198.1  2.417e-19
     202.1  1.732e-19
     206.1  1.549e-19
     210.1  1.479e-19
     214.1  1.368e-19
     218.1  1.197e-19
     222.1  1.267e-19
     226.1  1.076e-19
     230.1  1.058e-19
     234.1  9.735e-20
     238.1  9.787e-20
     242.1  1.017e-19
     246.1  1.159e-19
     250.1  1.595e-19
     254.1  8.352e-20
     258.1  7.824e-20
     262.1    9.9e-20
     266.1  7.997e-20
     270.1   7.98e-20
     274.1  1.468e-19
     278.1  1.308e-19
     282.1   5.82e-20
     286.1  6.254e-20
     290.1  4.382e-20
     294.1   4.87e-20
     298.1  6.059e-20
     302.1  3.255e-20
     306.1  2.482e-20
     310.1  3.278e-20
     314.1  3.726e-20
     318.1  3.902e-20
     322.1  2.954e-20
     326.1  4.305e-20
     330.1   2.13e-20
     334.1  1.764e-20
     338.1  2.631e-20
     342.1  2.578e-20
     346.1  1.476e-20
     350.1  6.483e-21
