     6.002  6.492e+08
        10  4.412e+08
     14.01  2.686e+08
     18.01  1.772e+08
     22.01  1.432e+08
     26.01  1.258e+08
     30.01  9.423e+07
     34.01  7.978e+07
     38.02  7.564e+07
     42.02  7.107e+07
     46.02  5.927e+07
     50.02  4.945e+07
     54.02  4.468e+07
     58.02  3.545e+07
     62.02   3.34e+07
     66.03   3.12e+07
     70.03  2.633e+07
     74.03  2.353e+07
     78.03  2.286e+07
     82.03  2.075e+07
     86.03  1.834e+07
     90.04  1.803e+07
     94.04  1.681e+07
     98.04  1.483e+07
       102  1.418e+07
       106  1.377e+07
       110  1.265e+07
       114  1.281e+07
       118  1.127e+07
       122  8.627e+06
       126  7.991e+06
     130.1  7.304e+06
     134.1  7.168e+06
     138.1  7.752e+06
     142.1    7.6e+06
     146.1   7.43e+06
     150.1  6.799e+06
     154.1  5.819e+06
     158.1  5.896e+06
     162.1   5.36e+06
     166.1  5.379e+06
     170.1  4.689e+06
     174.1  4.701e+06
     178.1  4.799e+06
     182.1  5.384e+06
     186.1   4.78e+06
     190.1  4.314e+06
     194.1  4.325e+06
     198.1  4.011e+06
     202.1  4.073e+06
     206.1  3.945e+06
     210.1  3.242e+06
     214.1  2.948e+06
     218.1  2.936e+06
     222.1  2.596e+06
     226.1  2.743e+06
     230.1  2.487e+06
     234.1  2.021e+06
     238.1  2.064e+06
     242.1  1.928e+06
     246.1  2.113e+06
     250.1  1.997e+06
     254.1  2.147e+06
     258.1  1.821e+06
     262.1  1.257e+06
     266.1  1.059e+06
     270.1  7.214e+05
     274.1   5.95e+05
     278.1  4.929e+05
     282.1  5.116e+05
     286.1  4.296e+05
     290.1   3.76e+05
     294.1  3.251e+05
     298.1  2.991e+05
     302.1  2.661e+05
     306.1  2.537e+05
     310.1  2.032e+05
     314.1  1.867e+05
     318.1  1.369e+05
     322.1  8.241e+04
     326.1  9.427e+04
     330.1  6.883e+04
     334.1  6.613e+04
     338.1  2.722e+04
     342.1  3.437e+04
     346.1       8061
     350.1  1.337e+04
