     2.001  3.796e+10
     6.002  1.359e+11
        10  2.469e+11
     14.01  3.415e+11
     18.01  4.217e+11
     22.01  5.009e+11
     26.01  5.832e+11
     30.01  6.543e+11
     34.01  7.225e+11
     38.02  7.948e+11
     42.02  8.699e+11
     46.02  9.385e+11
     50.02  1.001e+12
     54.02  1.061e+12
     58.02  1.113e+12
     62.02  1.165e+12
     66.03  1.217e+12
     70.03  1.263e+12
     74.03  1.307e+12
     78.03  1.352e+12
     82.03  1.395e+12
     86.03  1.434e+12
     90.04  1.475e+12
     94.04  1.515e+12
     98.04  1.552e+12
       102  1.588e+12
       106  1.625e+12
       110   1.66e+12
       114  1.696e+12
       118   1.73e+12
       122  1.756e+12
       126  1.782e+12
     130.1  1.806e+12
     134.1   1.83e+12
     138.1  1.857e+12
     142.1  1.884e+12
     146.1  1.911e+12
     150.1  1.937e+12
     154.1  1.959e+12
     158.1  1.983e+12
     162.1  2.004e+12
     166.1  2.027e+12
     170.1  2.047e+12
     174.1  2.068e+12
     178.1  2.089e+12
     182.1  2.114e+12
     186.1  2.136e+12
     190.1  2.157e+12
     194.1  2.178e+12
     198.1  2.198e+12
     202.1  2.218e+12
     206.1  2.239e+12
     210.1  2.256e+12
     214.1  2.272e+12
     218.1  2.288e+12
     222.1  2.302e+12
     226.1  2.318e+12
     230.1  2.332e+12
     234.1  2.344e+12
     238.1  2.357e+12
     242.1  2.368e+12
     246.1  2.382e+12
     250.1  2.394e+12
     254.1  2.408e+12
     258.1   2.42e+12
     262.1  2.428e+12
     266.1  2.435e+12
     270.1   2.44e+12
     274.1  2.444e+12
     278.1  2.447e+12
     282.1  2.451e+12
     286.1  2.454e+12
     290.1  2.457e+12
     294.1  2.459e+12
     298.1  2.462e+12
     302.1  2.464e+12
     306.1  2.466e+12
     310.1  2.467e+12
     314.1  2.469e+12
     318.1   2.47e+12
     322.1   2.47e+12
     326.1  2.471e+12
     330.1  2.472e+12
     334.1  2.472e+12
     338.1  2.472e+12
     342.1  2.473e+12
     346.1  2.473e+12
     350.1  2.473e+12
