     2.001   1.14e-15
     6.002  2.176e-17
        10  1.363e-17
     14.01  9.559e-18
     18.01  7.196e-18
     22.01  5.862e-18
     26.01  5.008e-18
     30.01  4.329e-18
     34.01  3.795e-18
     38.02  3.697e-18
     42.02  3.046e-18
     46.02  2.394e-18
     50.02  2.117e-18
     54.02  1.873e-18
     58.02  1.793e-18
     62.02  2.198e-18
     66.03  1.259e-18
     70.03  1.093e-18
     74.03  1.077e-18
     78.03  1.015e-18
     82.03  1.013e-18
     86.03  9.295e-19
     90.04  9.474e-19
     94.04  1.421e-18
     98.04  1.381e-18
       102  1.088e-18
       106  6.954e-19
       110  5.819e-19
       114   5.36e-19
       118  3.879e-19
       122  3.624e-19
       126  3.614e-19
     130.1  3.482e-19
     134.1  3.897e-19
     138.1  3.756e-19
     142.1  3.585e-19
     146.1  4.394e-19
     150.1  4.261e-19
     154.1  2.607e-19
     158.1  2.606e-19
     162.1  2.158e-19
     166.1  2.053e-19
     170.1  2.115e-19
     174.1  2.277e-19
     178.1  2.373e-19
     182.1  2.248e-19
     186.1  2.163e-19
     190.1  1.825e-19
     194.1   1.85e-19
     198.1  1.678e-19
     202.1  1.689e-19
     206.1  1.411e-19
     210.1   1.26e-19
     214.1  1.317e-19
     218.1  1.248e-19
     222.1  1.078e-19
     226.1  1.166e-19
     230.1  1.082e-19
     234.1  9.198e-20
     238.1  9.587e-20
     242.1  8.778e-20
     246.1  9.593e-20
     250.1  1.393e-19
     254.1  1.067e-19
     258.1  8.153e-20
     262.1  7.128e-20
     266.1  5.979e-20
     270.1  5.343e-20
     274.1  5.505e-20
     278.1  4.603e-20
     282.1  4.591e-20
     286.1  5.104e-20
     290.1  4.754e-20
     294.1  4.107e-20
     298.1  4.886e-20
     302.1  4.879e-20
     306.1  5.349e-20
     310.1  3.421e-20
     314.1  3.226e-20
     318.1  2.691e-20
     322.1  2.216e-20
     326.1  2.558e-20
     330.1  3.265e-20
     334.1  2.377e-20
     338.1  2.534e-20
     342.1  1.133e-20
     346.1  3.058e-20
     350.1  1.518e-20
