     2.001      15.37
     6.002      19.67
        10      20.18
     14.01      20.57
     18.01      20.87
     22.01       21.1
     26.01      21.27
     30.01      21.43
     34.01      21.57
     38.02       21.6
     42.02      21.81
     46.02      22.07
     50.02       22.2
     54.02      22.33
     58.02      22.38
     62.02      22.16
     66.03      22.77
     70.03      22.92
     74.03      22.94
     78.03         23
     82.03         23
     86.03       23.1
     90.04      23.07
     94.04      22.63
     98.04      22.67
       102      22.92
       106      23.41
       110       23.6
       114      23.69
       118      24.04
       122      24.12
       126      24.12
     130.1      24.16
     134.1      24.04
     138.1      24.08
     142.1      24.13
     146.1      23.91
     150.1      23.94
     154.1      24.48
     158.1      24.48
     162.1      24.68
     166.1      24.74
     170.1       24.7
     174.1      24.62
     178.1      24.58
     182.1      24.64
     186.1      24.68
     190.1      24.86
     194.1      24.85
     198.1      24.95
     202.1      24.95
     206.1      25.14
     210.1      25.27
     214.1      25.22
     218.1      25.28
     222.1      25.43
     226.1      25.35
     230.1      25.43
     234.1      25.61
     238.1      25.56
     242.1      25.66
     246.1      25.56
     250.1      25.16
     254.1      25.45
     258.1      25.74
     262.1      25.88
     266.1      26.07
     270.1       26.2
     274.1      26.16
     278.1      26.36
     282.1      26.36
     286.1      26.25
     290.1      26.32
     294.1      26.48
     298.1      26.29
     302.1       26.3
     306.1       26.2
     310.1      26.68
     314.1      26.74
     318.1      26.94
     322.1      27.15
     326.1         27
     330.1      26.73
     334.1      27.08
     338.1      27.01
     342.1      27.88
     346.1       26.8
     350.1      27.56
