     6.069  4.635e+08
     10.11  2.563e+08
     14.16  1.899e+08
     18.21  1.537e+08
     22.25    1.3e+08
      26.3  1.061e+08
     30.34  8.429e+07
     34.39  7.365e+07
     38.44  6.574e+07
     42.48  5.692e+07
     46.53  5.301e+07
     50.57  4.884e+07
     54.62  4.275e+07
     58.66  3.674e+07
     62.71  3.298e+07
     66.76  3.057e+07
      70.8  2.876e+07
     74.85  2.665e+07
     78.89   2.43e+07
     82.94  2.165e+07
     86.98  1.936e+07
     91.03  1.964e+07
     95.08  1.792e+07
     99.12  1.653e+07
     103.2    1.5e+07
     107.2   1.42e+07
     111.3  1.281e+07
     115.3  1.176e+07
     119.4  1.126e+07
     123.4  1.104e+07
     127.4  9.995e+06
     131.5  9.119e+06
     135.5  8.801e+06
     139.6  7.797e+06
     143.6  6.774e+06
     147.7  6.565e+06
     151.7  6.674e+06
     155.8  6.704e+06
     159.8  7.071e+06
     163.9  6.946e+06
     167.9  6.677e+06
     171.9  6.865e+06
       176  6.775e+06
       180  5.808e+06
     184.1  5.574e+06
     188.1  5.232e+06
     192.2  4.841e+06
     196.2  4.761e+06
     200.3   4.54e+06
     204.3    4.8e+06
     208.4  4.998e+06
     212.4  4.658e+06
     216.5  4.425e+06
     220.5  4.289e+06
     224.5  3.893e+06
     228.6  4.152e+06
     232.6  4.098e+06
     236.7  4.149e+06
     240.7  3.629e+06
     244.8  3.627e+06
     248.8  3.456e+06
     252.9  3.203e+06
     256.9  2.964e+06
       261  2.791e+06
       265  2.699e+06
       269  2.457e+06
     273.1   1.89e+06
     277.1  1.874e+06
     281.2  1.569e+06
     285.2  1.262e+06
     289.3   9.35e+05
     293.3  1.074e+06
     297.4   8.19e+05
     301.4  5.746e+05
     305.5  5.187e+05
     309.5  4.114e+05
     313.5  4.243e+05
     317.6  2.351e+05
     321.6  2.008e+05
     325.7  1.508e+05
     329.7  1.287e+05
     333.8  9.203e+04
     337.8   7.28e+04
     341.9  6.199e+04
     345.9   2.55e+04
       350  1.557e+04
