     2.023   1.08e+10
     6.069   8.23e+10
     10.11  1.482e+11
     14.16  2.166e+11
     18.21  2.877e+11
     22.25  3.613e+11
      26.3  4.321e+11
     30.34  4.972e+11
     34.39  5.615e+11
     38.44  6.258e+11
     42.48  6.872e+11
     46.53  7.499e+11
     50.57  8.127e+11
     54.62  8.721e+11
     58.66  9.269e+11
     62.71  9.794e+11
     66.76  1.031e+12
      70.8  1.083e+12
     74.85  1.134e+12
     78.89  1.183e+12
     82.94  1.228e+12
     86.98  1.271e+12
     91.03  1.316e+12
     95.08   1.36e+12
     99.12  1.401e+12
     103.2  1.441e+12
     107.2  1.479e+12
     111.3  1.516e+12
     115.3   1.55e+12
     119.4  1.584e+12
     123.4  1.619e+12
     127.4  1.651e+12
     131.5  1.682e+12
     135.5  1.712e+12
     139.6   1.74e+12
     143.6  1.764e+12
     147.7  1.789e+12
     151.7  1.815e+12
     155.8  1.841e+12
     159.8   1.87e+12
     163.9  1.899e+12
     167.9  1.928e+12
     171.9  1.958e+12
       176  1.988e+12
       180  2.014e+12
     184.1  2.041e+12
     188.1  2.066e+12
     192.2  2.089e+12
     196.2  2.113e+12
     200.3  2.136e+12
     204.3  2.161e+12
     208.4  2.187e+12
     212.4  2.213e+12
     216.5  2.237e+12
     220.5  2.261e+12
     224.5  2.283e+12
     228.6  2.307e+12
     232.6  2.332e+12
     236.7  2.357e+12
     240.7  2.379e+12
     244.8  2.401e+12
     248.8  2.423e+12
     252.9  2.444e+12
     256.9  2.463e+12
       261  2.482e+12
       265    2.5e+12
       269  2.517e+12
     273.1   2.53e+12
     277.1  2.543e+12
     281.2  2.554e+12
     285.2  2.563e+12
     289.3   2.57e+12
     293.3  2.578e+12
     297.4  2.584e+12
     301.4  2.589e+12
     305.5  2.593e+12
     309.5  2.596e+12
     313.5  2.599e+12
     317.6  2.601e+12
     321.6  2.603e+12
     325.7  2.604e+12
     329.7  2.605e+12
     333.8  2.606e+12
     337.8  2.607e+12
     341.9  2.607e+12
     345.9  2.607e+12
       350  2.608e+12
