     2.023  1.229e-16
     6.069  1.838e-17
     10.11  9.083e-18
     14.16  7.059e-18
     18.21  4.807e-18
     22.25  4.024e-18
      26.3  3.604e-18
     30.34  3.062e-18
     34.39  2.993e-18
     38.44  1.855e-18
     42.48  1.489e-18
     46.53  1.113e-18
     50.57      1e-18
     54.62  8.964e-19
     58.66  1.069e-18
     62.71  1.257e-18
     66.76  1.389e-18
      70.8  8.747e-19
     74.85  5.937e-19
     78.89  5.918e-19
     82.94  4.407e-19
     86.98   3.21e-19
     91.03  2.491e-19
     95.08  2.151e-19
     99.12  1.858e-19
     103.2  1.848e-19
     107.2  2.171e-19
     111.3  1.508e-19
     115.3  1.257e-19
     119.4  1.407e-19
     123.4  1.367e-19
     127.4  1.346e-19
     131.5  1.343e-19
     135.5  1.124e-19
     139.6   9.84e-20
     143.6  8.099e-20
     147.7  7.837e-20
     151.7  9.615e-20
     155.8    1.2e-19
     159.8  9.773e-20
     163.9  8.182e-20
     167.9  6.601e-20
     171.9  5.909e-20
       176  3.663e-20
       180   3.43e-20
     184.1  3.421e-20
     188.1  1.756e-20
     192.2   1.31e-20
     196.2  1.351e-20
     200.3  1.254e-20
     204.3  1.434e-20
     208.4  1.167e-20
     212.4  7.994e-21
     216.5  8.759e-21
     220.5  1.149e-20
     224.5  1.055e-20
     228.6  7.634e-21
     232.6  1.041e-20
     236.7  8.181e-21
     240.7  1.149e-20
     244.8   1.16e-20
     248.8  2.924e-20
     252.9  2.042e-20
     256.9  2.169e-20
       261  1.394e-20
       265  1.044e-20
       269  1.981e-20
     273.1   1.26e-20
     277.1  8.007e-21
     281.2  2.792e-20
     285.2  1.131e-19
     289.3   1.86e-20
     293.3  1.158e-21
     297.4  1.118e-21
     301.4  3.099e-23
     305.5      1e-23
     309.5      1e-23
     313.5      1e-23
     317.6  1.374e-23
     321.6  5.934e-21
     325.7  1.913e-21
     329.7  5.297e-21
     333.8      1e-23
     337.8      1e-23
     341.9      1e-23
     345.9      1e-23
       350      1e-23
