     2.023      17.79
     6.069      19.86
     10.11      20.62
     14.16      20.89
     18.21      21.31
     22.25       21.5
      26.3      21.62
     30.34       21.8
     34.39      21.83
     38.44      22.35
     42.48      22.58
     46.53       22.9
     50.57      23.02
     54.62      23.13
     58.66      22.94
     62.71      22.77
     66.76      22.66
      70.8      23.16
     74.85      23.58
     78.89      23.59
     82.94      23.91
     86.98      24.25
     91.03      24.53
     95.08      24.68
     99.12      24.84
     103.2      24.85
     107.2      24.67
     111.3      25.07
     115.3      25.27
     119.4      25.15
     123.4      25.18
     127.4      25.19
     131.5       25.2
     135.5      25.39
     139.6      25.53
     143.6      25.75
     147.7      25.78
     151.7      25.56
     155.8      25.32
     159.8      25.54
     163.9      25.73
     167.9      25.97
     171.9      26.09
       176      26.61
       180      26.68
     184.1      26.68
     188.1       27.4
     192.2      27.72
     196.2      27.69
     200.3      27.77
     204.3      27.62
     208.4      27.85
     212.4      28.26
     216.5      28.16
     220.5      27.87
     224.5      27.96
     228.6      28.31
     232.6      27.97
     236.7      28.23
     240.7      27.87
     244.8      27.85
     248.8      26.85
     252.9      27.24
     256.9      27.18
       261      27.66
       265      27.97
       269      27.27
     273.1      27.77
     277.1      28.26
     281.2       26.9
     285.2      25.38
     289.3      27.34
     293.3      30.36
     297.4      30.39
     301.4      34.29
     305.5      35.52
     309.5      35.52
     313.5      35.52
     317.6      35.17
     321.6      28.58
     325.7      29.81
     329.7      28.71
     333.8      35.52
     337.8      35.52
     341.9      35.52
     345.9      35.52
       350      35.52
