         6  4.812e+08
        10  2.175e+08
        14  1.541e+08
        18  9.549e+07
        22  7.177e+07
        26    6.1e+07
        30  4.106e+07
        34  3.144e+07
        38  2.834e+07
        42  1.961e+07
        46  1.475e+07
        50  1.191e+07
        54  8.558e+06
        58  6.678e+06
        62  7.053e+06
        66  5.989e+06
        70  5.771e+06
        74  5.917e+06
        78  4.888e+06
        82  5.126e+06
        86  4.901e+06
        90  4.261e+06
        94  4.015e+06
        98  4.079e+06
       102  3.514e+06
       106   2.74e+06
       110  3.008e+06
       114  2.465e+06
       118  2.296e+06
       122  1.998e+06
       126  1.694e+06
       130  1.785e+06
       134   1.83e+06
       138  1.626e+06
       142  1.515e+06
       146  1.285e+06
       150  1.212e+06
       154  1.427e+06
       158  1.264e+06
       162  1.568e+06
       166  1.853e+06
       170  1.343e+06
       174  1.158e+06
       178   1.08e+06
       182  9.609e+05
       186  1.142e+06
       190  9.994e+05
       194  7.435e+05
       198  5.864e+05
       202  4.356e+05
       206  3.972e+05
       210  3.171e+05
       214  2.756e+05
       218  2.505e+05
       222   2.35e+05
       226  1.613e+05
       230  1.447e+05
       234  1.493e+05
       238  1.529e+05
       242  1.774e+05
       246  1.897e+05
       250  1.622e+05
       254  7.434e+04
       258   8.94e+04
       262  7.126e+04
       266  8.246e+04
       270  2.164e+04
       274       9104
       278  1.615e+04
       282  3.481e+04
       286       5666
       290  2.006e+04
       294          0
       298  1.472e+04
       302       5109
       306          0
       310       6269
       314          0
       318       4564
       322          0
       326          0
       330          0
       334          0
       338          0
       342          0
       346          0
       350          0
