         2  4.773e+10
         6  1.203e+11
        10   1.75e+11
        14  2.292e+11
        18  2.724e+11
        22  3.121e+11
        26   3.52e+11
        30  3.829e+11
        34  4.098e+11
        38  4.368e+11
        42  4.575e+11
        46  4.746e+11
        50  4.896e+11
        54  5.012e+11
        58  5.109e+11
        62  5.219e+11
        66  5.318e+11
        70   5.42e+11
        74   5.53e+11
        78  5.626e+11
        82  5.731e+11
        86  5.837e+11
        90  5.934e+11
        94  6.029e+11
        98  6.129e+11
       102  6.219e+11
       106  6.292e+11
       110  6.375e+11
       114  6.446e+11
       118  6.514e+11
       122  6.575e+11
       126  6.629e+11
       130  6.687e+11
       134  6.749e+11
       138  6.805e+11
       142  6.859e+11
       146  6.907e+11
       150  6.952e+11
       154  7.008e+11
       158  7.058e+11
       162  7.122e+11
       166  7.199e+11
       170  7.256e+11
       174  7.307e+11
       178  7.355e+11
       182  7.399e+11
       186  7.453e+11
       190    7.5e+11
       194  7.537e+11
       198  7.566e+11
       202  7.588e+11
       206  7.608e+11
       210  7.625e+11
       214   7.64e+11
       218  7.654e+11
       222  7.667e+11
       226  7.676e+11
       230  7.684e+11
       234  7.693e+11
       238  7.702e+11
       242  7.713e+11
       246  7.725e+11
       250  7.735e+11
       254   7.74e+11
       258  7.745e+11
       262   7.75e+11
       266  7.756e+11
       270  7.757e+11
       274  7.758e+11
       278  7.759e+11
       282  7.761e+11
       286  7.762e+11
       290  7.763e+11
       294  7.763e+11
       298  7.764e+11
       302  7.765e+11
       306  7.765e+11
       310  7.765e+11
       314  7.765e+11
       318  7.766e+11
       322  7.766e+11
       326  7.766e+11
       330  7.766e+11
       334  7.766e+11
       338  7.766e+11
       342  7.766e+11
       346  7.766e+11
       350  7.766e+11
