         2  9.622e-17
         6  3.313e-17
        10  2.137e-17
        14  1.435e-17
        18  1.165e-17
        22  1.172e-17
        26  9.869e-18
        30  4.697e-18
        34   3.74e-18
        38  3.076e-18
        42  2.022e-18
        46  1.397e-18
        50  1.209e-18
        54   9.11e-19
        58  9.545e-19
        62   8.94e-19
        66  9.152e-19
        70  9.103e-19
        74  7.442e-19
        78  5.161e-19
        82  5.109e-19
        86  4.452e-19
        90  3.874e-19
        94  3.921e-19
        98  3.591e-19
       102  2.901e-19
       106  2.819e-19
       110  2.713e-19
       114  1.997e-19
       118  2.021e-19
       122  1.623e-19
       126  1.671e-19
       130  2.267e-19
       134  2.433e-19
       138  1.838e-19
       142  1.229e-19
       146   1.01e-19
       150  1.131e-19
       154  1.054e-19
       158   1.24e-19
       162  1.575e-19
       166  1.416e-19
       170  1.014e-19
       174  1.119e-19
       178   9.37e-20
       182  1.455e-19
       186  1.909e-19
       190  1.295e-19
       194  1.127e-19
       198  4.236e-20
       202  2.983e-20
       206  3.536e-20
       210  2.542e-20
       214  2.446e-20
       218  2.153e-20
       222  1.814e-20
       226  1.088e-20
       230  1.812e-20
       234  1.349e-20
       238  1.562e-20
       242  1.757e-20
       246  1.576e-20
       250  1.267e-20
       254  8.887e-21
       258  1.367e-20
       262  1.111e-20
       266  1.129e-20
       270  1.663e-21
       274  5.925e-21
       278  6.995e-21
       282  4.127e-21
       286  5.901e-21
       290  2.516e-21
       294   2.07e-21
       298  4.508e-21
       302   1.04e-21
       306  6.104e-22
       310  2.851e-21
       314   2.24e-21
       318  5.781e-22
       322      1e-23
       326      1e-23
       330      1e-23
       334      1e-23
       338      1e-23
       342      1e-23
       346      1e-23
       350      1e-23
