         2      18.06
         6      19.22
        10      19.69
        14      20.12
        18      20.35
        22      20.34
        26      20.53
        30      21.34
        34      21.58
        38       21.8
        42      22.25
        46      22.65
        50      22.81
        54      23.12
        58      23.07
        62      23.14
        66      23.11
        70      23.12
        74      23.34
        78      23.73
        82      23.75
        86      23.89
        90      24.05
        94      24.03
        98      24.13
       102      24.36
       106      24.39
       110      24.43
       114      24.77
       118      24.75
       122      24.99
       126      24.96
       130      24.63
       134      24.55
       138      24.86
       142      25.29
       146      25.51
       150      25.38
       154      25.46
       158      25.28
       162      25.02
       166      25.14
       170       25.5
       174      25.39
       178      25.59
       182      25.11
       186      24.81
       190      25.24
       194      25.39
       198      26.45
       202      26.83
       206      26.64
       210         27
       214      27.04
       218      27.18
       222      27.37
       226      27.92
       230      27.37
       234      27.69
       238      27.53
       242       27.4
       246      27.52
       250      27.76
       254      28.14
       258      27.68
       262       27.9
       266      27.88
       270      29.96
       274      28.58
       278       28.4
       282      28.98
       286      28.59
       290      29.51
       294      29.73
       298      28.88
       302      30.47
       306      31.05
       310      29.38
       314      29.64
       318      31.11
       322      35.52
       326      35.52
       330      35.52
       334      35.52
       338      35.52
       342      35.52
       346      35.52
       350      35.52
