     6.068   3.26e+08
     10.11  1.999e+08
     14.16  1.275e+08
     18.21  1.059e+08
     22.25  8.306e+07
      26.3  6.732e+07
     30.34  5.434e+07
     34.39  4.741e+07
     38.43  3.885e+07
     42.48   2.92e+07
     46.52  2.508e+07
     50.57  2.084e+07
     54.62  1.823e+07
     58.66  1.591e+07
     62.71  1.392e+07
     66.75  1.181e+07
      70.8  9.842e+06
     74.84  7.681e+06
     78.89  7.796e+06
     82.94  6.788e+06
     86.98    5.8e+06
     91.03  5.237e+06
     95.07  4.141e+06
     99.12  3.752e+06
     103.2  3.671e+06
     107.2  2.902e+06
     111.3  2.743e+06
     115.3  2.925e+06
     119.3   2.81e+06
     123.4   3.09e+06
     127.4   2.47e+06
     131.5  2.093e+06
     135.5  1.835e+06
     139.6  1.699e+06
     143.6  1.852e+06
     147.7  1.522e+06
     151.7  1.487e+06
     155.8  1.383e+06
     159.8  1.065e+06
     163.8  1.287e+06
     167.9  1.203e+06
     171.9  1.137e+06
       176  1.063e+06
       180  8.992e+05
     184.1  8.425e+05
     188.1  7.441e+05
     192.2  7.231e+05
     196.2  7.988e+05
     200.3   6.47e+05
     204.3  5.811e+05
     208.4    5.4e+05
     212.4  4.073e+05
     216.4  4.807e+05
     220.5  3.652e+05
     224.5  4.297e+05
     228.6  3.295e+05
     232.6  3.157e+05
     236.7  4.618e+05
     240.7  3.315e+05
     244.8  2.893e+05
     248.8  3.737e+05
     252.9  2.671e+05
     256.9  2.334e+05
     260.9  1.452e+05
       265  1.761e+05
       269  9.625e+04
     273.1   1.05e+05
     277.1  5.823e+04
     281.2  6.501e+04
     285.2  4.376e+04
     289.3  4.893e+04
     293.3  4.273e+04
     297.4  4.385e+04
     301.4  2.231e+04
     305.4   2.18e+04
     309.5  1.392e+04
     313.5  4.702e+04
     317.6  1.098e+04
     321.6  1.745e+04
     325.7       4464
     329.7  1.216e+04
     333.8       8857
     337.8       5092
     341.9       3867
     345.9          0
     349.9          0
