     2.023  1.279e+10
     6.068  6.308e+10
     10.11  1.145e+11
     14.16  1.604e+11
     18.21  2.094e+11
     22.25  2.564e+11
      26.3  3.014e+11
     30.34  3.433e+11
     34.39  3.847e+11
     38.43  4.227e+11
     42.48  4.542e+11
     46.52  4.839e+11
     50.57  5.107e+11
     54.62   5.36e+11
     58.66  5.597e+11
     62.71  5.819e+11
     66.75  6.019e+11
      70.8  6.196e+11
     74.84  6.343e+11
     78.89  6.499e+11
     82.94  6.642e+11
     86.98   6.77e+11
     91.03  6.891e+11
     95.07  6.992e+11
     99.12  7.086e+11
     103.2  7.182e+11
     107.2  7.261e+11
     111.3  7.339e+11
     115.3  7.425e+11
     119.3   7.51e+11
     123.4  7.607e+11
     127.4  7.687e+11
     131.5  7.757e+11
     135.5   7.82e+11
     139.6   7.88e+11
     143.6  7.948e+11
     147.7  8.005e+11
     151.7  8.062e+11
     155.8  8.117e+11
     159.8   8.16e+11
     163.8  8.214e+11
     167.9  8.265e+11
     171.9  8.315e+11
       176  8.363e+11
       180  8.404e+11
     184.1  8.443e+11
     188.1  8.479e+11
     192.2  8.514e+11
     196.2  8.554e+11
     200.3  8.587e+11
     204.3  8.617e+11
     208.4  8.646e+11
     212.4  8.668e+11
     216.4  8.694e+11
     220.5  8.715e+11
     224.5  8.739e+11
     228.6  8.758e+11
     232.6  8.777e+11
     236.7  8.805e+11
     240.7  8.825e+11
     244.8  8.843e+11
     248.8  8.867e+11
     252.9  8.884e+11
     256.9  8.899e+11
     260.9  8.909e+11
       265  8.921e+11
       269  8.927e+11
     273.1  8.934e+11
     277.1  8.938e+11
     281.2  8.943e+11
     285.2  8.946e+11
     289.3   8.95e+11
     293.3  8.953e+11
     297.4  8.956e+11
     301.4  8.958e+11
     305.4   8.96e+11
     309.5  8.961e+11
     313.5  8.965e+11
     317.6  8.966e+11
     321.6  8.967e+11
     325.7  8.967e+11
     329.7  8.968e+11
     333.8  8.969e+11
     337.8   8.97e+11
     341.9   8.97e+11
     345.9   8.97e+11
     349.9   8.97e+11
