     2.023  7.726e-18
     6.068  3.832e-18
     10.11  2.423e-18
     14.16  1.656e-18
     18.21   1.31e-18
     22.25  1.091e-18
      26.3  8.649e-19
     30.34  6.971e-19
     34.39  6.386e-19
     38.43  5.046e-19
     42.48  3.844e-19
     46.52   3.04e-19
     50.57  2.779e-19
     54.62  2.799e-19
     58.66  4.544e-19
     62.71  3.282e-19
     66.75   1.64e-19
      70.8    1.3e-19
     74.84  1.162e-19
     78.89  1.295e-19
     82.94  1.024e-19
     86.98  9.445e-20
     91.03  7.072e-20
     95.07  5.878e-20
     99.12  5.426e-20
     103.2  4.845e-20
     107.2  4.053e-20
     111.3  4.539e-20
     115.3  3.983e-20
     119.3  4.192e-20
     123.4  3.966e-20
     127.4  3.314e-20
     131.5  2.886e-20
     135.5  2.834e-20
     139.6  2.597e-20
     143.6  2.498e-20
     147.7  2.075e-20
     151.7  1.996e-20
     155.8  1.771e-20
     159.8  1.792e-20
     163.8  1.762e-20
     167.9  1.613e-20
     171.9  1.695e-20
       176  1.318e-20
       180  1.409e-20
     184.1   1.19e-20
     188.1  1.026e-20
     192.2  1.131e-20
     196.2  1.152e-20
     200.3  8.879e-21
     204.3  7.807e-21
     208.4  7.805e-21
     212.4  7.357e-21
     216.4  6.774e-21
     220.5  5.988e-21
     224.5  6.088e-21
     228.6  5.294e-21
     232.6  5.945e-21
     236.7  5.878e-21
     240.7  5.179e-21
     244.8   4.35e-21
     248.8  6.258e-21
     252.9  6.344e-21
     256.9  3.878e-21
     260.9  3.187e-21
       265  3.518e-21
       269  3.274e-21
     273.1  2.804e-21
     277.1  2.573e-21
     281.2  1.552e-21
     285.2   1.99e-21
     289.3   1.98e-21
     293.3  2.208e-21
     297.4  2.709e-21
     301.4  1.678e-21
     305.4  1.012e-21
     309.5  3.787e-21
     313.5  2.119e-21
     317.6  3.161e-21
     321.6  1.354e-21
     325.7  1.487e-21
     329.7  1.015e-21
     333.8  4.368e-21
     337.8  1.003e-21
     341.9  1.323e-21
     345.9  2.625e-23
     349.9      1e-23
