     2.023       20.8
     6.068      21.56
     10.11      22.06
     14.16      22.47
     18.21      22.72
     22.25      22.92
      26.3      23.17
     30.34      23.41
     34.39       23.5
     38.43      23.76
     42.48      24.05
     46.52      24.31
     50.57      24.41
     54.62       24.4
     58.66      23.87
     62.71      24.23
     66.75      24.98
      70.8      25.23
     74.84      25.35
     78.89      25.24
     82.94      25.49
     86.98      25.58
     91.03      25.89
     95.07      26.09
     99.12      26.18
     103.2       26.3
     107.2       26.5
     111.3      26.37
     115.3      26.52
     119.3      26.46
     123.4      26.52
     127.4      26.72
     131.5      26.87
     135.5      26.88
     139.6      26.98
     143.6      27.02
     147.7      27.22
     151.7      27.27
     155.8       27.4
     159.8      27.38
     163.8       27.4
     167.9       27.5
     171.9      27.44
       176      27.72
       180      27.64
     184.1      27.83
     188.1      27.99
     192.2      27.88
     196.2      27.86
     200.3      28.15
     204.3      28.28
     208.4      28.29
     212.4      28.35
     216.4      28.44
     220.5      28.57
     224.5      28.55
     228.6      28.71
     232.6      28.58
     236.7      28.59
     240.7      28.73
     244.8      28.92
     248.8      28.52
     252.9      28.51
     256.9      29.04
     260.9      29.26
       265      29.15
       269      29.23
     273.1       29.4
     277.1      29.49
     281.2      30.04
     285.2      29.77
     289.3      29.77
     293.3      29.66
     297.4      29.43
     301.4      29.95
     305.4       30.5
     309.5      29.07
     313.5       29.7
     317.6      29.27
     321.6      30.19
     325.7      30.09
     329.7       30.5
     333.8      28.92
     337.8      30.51
     341.9      30.21
     345.9      34.47
     349.9      35.52
