     6.002  3.902e+08
        10  2.078e+08
        14  1.394e+08
        18  1.144e+08
     22.01  9.068e+07
     26.01  7.039e+07
     30.01  5.887e+07
     34.01  5.222e+07
     38.01  4.202e+07
     42.01  3.957e+07
     46.01  3.366e+07
     50.01  3.034e+07
     54.01  2.472e+07
     58.02  2.104e+07
     62.02  1.827e+07
     66.02  1.646e+07
     70.02  1.338e+07
     74.02   1.24e+07
     78.02    1.2e+07
     82.02  1.165e+07
     86.02  1.194e+07
     90.02  1.153e+07
     94.03  9.831e+06
     98.03  7.701e+06
       102   6.74e+06
       106  6.579e+06
       110  6.966e+06
       114  6.115e+06
       118  4.984e+06
       122  4.549e+06
       126  3.985e+06
       130  3.662e+06
       134  3.336e+06
       138  3.287e+06
       142  2.965e+06
       146  3.007e+06
       150  3.614e+06
       154  2.669e+06
       158  2.708e+06
       162   2.42e+06
       166  2.199e+06
       170  2.009e+06
       174  2.041e+06
       178  2.027e+06
     182.1  2.023e+06
     186.1  1.908e+06
     190.1  1.945e+06
     194.1    1.7e+06
     198.1  1.411e+06
     202.1  1.546e+06
     206.1   1.61e+06
     210.1  1.595e+06
     214.1   1.55e+06
     218.1  1.333e+06
     222.1   1.31e+06
     226.1  1.532e+06
     230.1  1.582e+06
     234.1  1.355e+06
     238.1  1.282e+06
     242.1  1.285e+06
     246.1  1.132e+06
     250.1   1.15e+06
     254.1  9.284e+05
     258.1  6.584e+05
     262.1  6.898e+05
     266.1  5.927e+05
     270.1  4.281e+05
     274.1  4.056e+05
     278.1  3.612e+05
     282.1  3.175e+05
     286.1  3.623e+05
     290.1  2.703e+05
     294.1  2.611e+05
     298.1  1.964e+05
     302.1  2.297e+05
     306.1  1.935e+05
     310.1  1.539e+05
     314.1   1.56e+05
     318.1  1.225e+05
     322.1  1.109e+05
     326.1  9.395e+04
     330.1  9.296e+04
     334.1   5.35e+04
     338.1  2.863e+04
     342.1    1.3e+04
     346.1  1.271e+04
     350.1  2.663e+04
