     2.001  1.488e+10
     6.002  7.374e+10
        10   1.26e+11
        14  1.751e+11
        18  2.268e+11
     22.01   2.77e+11
     26.01   3.23e+11
     30.01  3.674e+11
     34.01  4.121e+11
     38.01  4.522e+11
     42.01   4.94e+11
     46.01   5.33e+11
     50.01  5.711e+11
     54.01  6.047e+11
     58.02  6.354e+11
     62.02  6.638e+11
     66.02  6.911e+11
     70.02  7.147e+11
     74.02  7.378e+11
     78.02  7.613e+11
     82.02  7.853e+11
     86.02  8.112e+11
     90.02  8.372e+11
     94.03  8.605e+11
     98.03  8.795e+11
       102  8.967e+11
       106  9.143e+11
       110  9.336e+11
       114  9.511e+11
       118  9.659e+11
       122  9.798e+11
       126  9.925e+11
       130  1.004e+12
       134  1.016e+12
       138  1.027e+12
       142  1.038e+12
       146  1.049e+12
       150  1.062e+12
       154  1.073e+12
       158  1.083e+12
       162  1.093e+12
       166  1.102e+12
       170  1.111e+12
       174   1.12e+12
       178  1.129e+12
     182.1  1.138e+12
     186.1  1.147e+12
     190.1  1.157e+12
     194.1  1.165e+12
     198.1  1.172e+12
     202.1   1.18e+12
     206.1  1.188e+12
     210.1  1.196e+12
     214.1  1.205e+12
     218.1  1.212e+12
     222.1  1.219e+12
     226.1  1.228e+12
     230.1  1.237e+12
     234.1  1.245e+12
     238.1  1.253e+12
     242.1  1.261e+12
     246.1  1.268e+12
     250.1  1.275e+12
     254.1  1.281e+12
     258.1  1.285e+12
     262.1   1.29e+12
     266.1  1.294e+12
     270.1  1.297e+12
     274.1  1.299e+12
     278.1  1.302e+12
     282.1  1.304e+12
     286.1  1.307e+12
     290.1  1.309e+12
     294.1  1.311e+12
     298.1  1.312e+12
     302.1  1.314e+12
     306.1  1.315e+12
     310.1  1.317e+12
     314.1  1.318e+12
     318.1  1.319e+12
     322.1   1.32e+12
     326.1   1.32e+12
     330.1  1.321e+12
     334.1  1.322e+12
     338.1  1.322e+12
     342.1  1.322e+12
     346.1  1.322e+12
     350.1  1.322e+12
