     2.001  4.686e-17
     6.002  3.919e-18
        10    2.3e-18
        14   1.78e-18
        18  1.371e-18
     22.01  1.274e-18
     26.01  8.875e-19
     30.01  7.629e-19
     34.01  6.825e-19
     38.01  5.396e-19
     42.01  5.296e-19
     46.01  4.361e-19
     50.01  3.712e-19
     54.01  2.978e-19
     58.02  2.539e-19
     62.02    2.5e-19
     66.02  2.517e-19
     70.02  1.715e-19
     74.02  1.649e-19
     78.02  1.717e-19
     82.02  1.543e-19
     86.02   1.55e-19
     90.02  1.319e-19
     94.03  1.113e-19
     98.03  1.019e-19
       102  9.721e-20
       106  8.824e-20
       110  8.743e-20
       114  7.217e-20
       118  6.415e-20
       122  6.546e-20
       126  6.503e-20
       130   5.52e-20
       134  4.629e-20
       138  4.896e-20
       142  4.649e-20
       146   4.57e-20
       150  5.027e-20
       154  3.542e-20
       158   3.97e-20
       162  4.222e-20
       166  3.314e-20
       170  2.812e-20
       174  4.084e-20
       178  3.479e-20
     182.1  3.299e-20
     186.1   3.73e-20
     190.1  3.482e-20
     194.1  3.635e-20
     198.1  3.194e-20
     202.1  2.718e-20
     206.1  2.481e-20
     210.1  2.324e-20
     214.1  2.325e-20
     218.1  2.662e-20
     222.1  3.411e-20
     226.1  2.932e-20
     230.1  2.523e-20
     234.1   6.21e-20
     238.1  5.236e-20
     242.1   6.41e-20
     246.1  5.727e-20
     250.1  5.101e-20
     254.1  2.142e-20
     258.1  1.628e-20
     262.1  2.206e-20
     266.1  1.579e-20
     270.1  1.114e-20
     274.1  1.337e-20
     278.1   1.43e-20
     282.1  1.213e-20
     286.1  1.087e-20
     290.1  1.103e-20
     294.1  1.031e-20
     298.1  1.103e-20
     302.1  1.152e-20
     306.1  1.045e-20
     310.1  1.088e-20
     314.1  1.079e-20
     318.1  1.237e-20
     322.1  9.837e-21
     326.1  1.021e-20
     330.1  1.171e-20
     334.1  5.869e-21
     338.1   4.14e-21
     342.1  4.273e-21
     346.1  9.053e-21
     350.1   8.84e-21
