     2.001      18.84
     6.002      21.53
        10      22.11
        14      22.39
        18      22.67
     22.01      22.75
     26.01      23.15
     30.01      23.31
     34.01      23.43
     38.01      23.69
     42.01      23.71
     46.01      23.92
     50.01      24.09
     54.01      24.33
     58.02       24.5
     62.02      24.52
     66.02      24.51
     70.02      24.93
     74.02      24.97
     78.02      24.93
     82.02      25.05
     86.02      25.04
     90.02      25.22
     94.03       25.4
     98.03       25.5
       102      25.55
       106      25.65
       110      25.66
       114      25.87
       118         26
       122      25.98
       126      25.98
       130      26.16
       134      26.35
       138      26.29
       142      26.35
       146      26.37
       150      26.26
       154      26.64
       158      26.52
       162      26.45
       166      26.72
       170      26.89
       174      26.49
       178      26.66
     182.1      26.72
     186.1      26.59
     190.1      26.66
     194.1      26.61
     198.1      26.76
     202.1      26.93
     206.1      27.03
     210.1       27.1
     214.1       27.1
     218.1      26.95
     222.1      26.68
     226.1      26.85
     230.1      27.01
     234.1      26.03
     238.1      26.22
     242.1         26
     246.1      26.12
     250.1      26.25
     254.1      27.19
     258.1      27.49
     262.1      27.16
     266.1      27.52
     270.1       27.9
     274.1       27.7
     278.1      27.63
     282.1      27.81
     286.1      27.93
     290.1      27.91
     294.1      27.98
     298.1      27.91
     302.1      27.86
     306.1      27.97
     310.1      27.92
     314.1      27.93
     318.1      27.78
     322.1      28.03
     326.1      27.99
     330.1      27.84
     334.1      28.59
     338.1      28.97
     342.1      28.94
     346.1      28.12
     350.1      28.15
