     6.068  5.536e+08
     10.11   2.57e+08
     14.16  1.723e+08
      18.2   1.12e+08
     22.25  7.522e+07
     26.29  5.525e+07
     30.34  4.133e+07
     34.38  3.073e+07
     38.43  2.726e+07
     42.47  2.305e+07
     46.52  2.119e+07
     50.56  2.104e+07
     54.61  1.837e+07
     58.65  1.687e+07
      62.7  1.537e+07
     66.74  1.296e+07
     70.79  9.759e+06
     74.84  7.947e+06
     78.88  6.994e+06
     82.93  5.934e+06
     86.97  5.018e+06
     91.02  5.255e+06
     95.06  4.148e+06
     99.11  4.329e+06
     103.2  4.141e+06
     107.2  3.309e+06
     111.2  3.305e+06
     115.3  3.249e+06
     119.3  2.922e+06
     123.4  3.062e+06
     127.4  3.103e+06
     131.5  2.165e+06
     135.5  2.515e+06
     139.6  2.742e+06
     143.6  2.705e+06
     147.6  2.521e+06
     151.7  2.244e+06
     155.7  2.188e+06
     159.8  1.788e+06
     163.8  1.757e+06
     167.9  1.479e+06
     171.9  1.741e+06
       176  1.825e+06
       180  1.687e+06
     184.1  1.331e+06
     188.1  1.055e+06
     192.1  1.212e+06
     196.2   1.21e+06
     200.2  1.087e+06
     204.3  9.893e+05
     208.3  9.371e+05
     212.4   7.53e+05
     216.4  9.221e+05
     220.5  9.849e+05
     224.5  7.958e+05
     228.6  7.618e+05
     232.6  3.802e+05
     236.6   5.56e+05
     240.7  4.296e+05
     244.7  4.544e+05
     248.8  4.945e+05
     252.8  3.795e+05
     256.9  4.667e+05
     260.9  2.197e+05
       265  2.107e+05
       269  1.213e+05
       273  9.434e+04
     277.1  6.256e+04
     281.1  4.896e+04
     285.2  6.789e+04
     289.2  3.506e+04
     293.3  6.329e+04
     297.3  3.924e+04
     301.4  5.417e+04
     305.4  1.845e+04
     309.5  9.233e+04
     313.5  2.344e+04
     317.5  5.908e+04
     321.6  2.849e+04
     325.6  1.313e+04
     329.7       4369
     333.7       9098
     337.8       8778
     341.8       8786
     345.9       4422
     349.9       4716
