     2.023  4.292e+10
     6.068  1.283e+11
     10.11  1.944e+11
     14.16  2.564e+11
      18.2  3.082e+11
     22.25  3.507e+11
     26.29  3.876e+11
     30.34  4.195e+11
     34.38  4.464e+11
     38.43   4.73e+11
     42.47  4.979e+11
     46.52  5.229e+11
     50.56    5.5e+11
     54.61  5.755e+11
     58.65  6.006e+11
      62.7  6.251e+11
     66.74  6.471e+11
     70.79  6.647e+11
     74.84  6.798e+11
     78.88  6.938e+11
     82.93  7.063e+11
     86.97  7.174e+11
     91.02  7.296e+11
     95.06  7.396e+11
     99.11  7.505e+11
     103.2  7.613e+11
     107.2  7.704e+11
     111.2  7.797e+11
     115.3  7.892e+11
     119.3  7.981e+11
     123.4  8.077e+11
     127.4  8.177e+11
     131.5   8.25e+11
     135.5  8.336e+11
     139.6  8.434e+11
     143.6  8.532e+11
     147.6  8.627e+11
     151.7  8.714e+11
     155.7    8.8e+11
     159.8  8.873e+11
     163.8  8.946e+11
     167.9  9.009e+11
     171.9  9.085e+11
       176  9.167e+11
       180  9.244e+11
     184.1  9.306e+11
     188.1  9.357e+11
     192.1  9.416e+11
     196.2  9.476e+11
     200.2  9.531e+11
     204.3  9.583e+11
     208.3  9.632e+11
     212.4  9.673e+11
     216.4  9.724e+11
     220.5  9.779e+11
     224.5  9.824e+11
     228.6  9.869e+11
     232.6  9.891e+11
     236.6  9.925e+11
     240.7  9.951e+11
     244.7  9.979e+11
     248.8  1.001e+12
     252.8  1.003e+12
     256.9  1.007e+12
     260.9  1.008e+12
       265  1.009e+12
       269   1.01e+12
       273  1.011e+12
     277.1  1.011e+12
     281.1  1.012e+12
     285.2  1.012e+12
     289.2  1.012e+12
     293.3  1.013e+12
     297.3  1.013e+12
     301.4  1.014e+12
     305.4  1.014e+12
     309.5  1.014e+12
     313.5  1.015e+12
     317.5  1.015e+12
     321.6  1.015e+12
     325.6  1.015e+12
     329.7  1.016e+12
     333.7  1.016e+12
     337.8  1.016e+12
     341.8  1.016e+12
     345.9  1.016e+12
     349.9  1.016e+12
