     2.023  4.248e-14
     6.068   5.81e-17
     10.11  3.842e-17
     14.16  2.157e-17
      18.2  1.153e-17
     22.25  8.625e-18
     26.29  6.266e-18
     30.34   4.59e-18
     34.38  3.391e-18
     38.43  2.555e-18
     42.47  2.101e-18
     46.52  1.823e-18
     50.56  1.716e-18
     54.61  1.503e-18
     58.65  1.213e-18
      62.7  1.181e-18
     66.74  9.889e-19
     70.79  8.379e-19
     74.84  8.061e-19
     78.88  9.092e-19
     82.93   9.65e-19
     86.97  1.109e-18
     91.02  8.497e-19
     95.06  4.644e-19
     99.11  4.444e-19
     103.2  3.435e-19
     107.2    3.5e-19
     111.2    3.2e-19
     115.3  3.318e-19
     119.3  2.945e-19
     123.4  3.555e-19
     127.4  2.536e-19
     131.5  2.578e-19
     135.5  3.016e-19
     139.6  3.656e-19
     143.6  3.341e-19
     147.6  3.025e-19
     151.7  3.222e-19
     155.7  2.298e-19
     159.8   2.12e-19
     163.8  2.217e-19
     167.9  2.562e-19
     171.9  2.224e-19
       176  1.662e-19
       180  1.539e-19
     184.1  1.123e-19
     188.1  1.391e-19
     192.1  1.347e-19
     196.2  1.603e-19
     200.2   1.08e-19
     204.3  9.802e-20
     208.3  1.227e-19
     212.4  1.783e-19
     216.4  2.656e-19
     220.5  2.493e-19
     224.5  1.426e-19
     228.6  8.979e-20
     232.6  6.579e-20
     236.6  6.606e-20
     240.7  5.272e-20
     244.7  4.885e-20
     248.8  4.693e-20
     252.8  5.233e-20
     256.9  3.977e-20
     260.9  4.083e-20
       265  2.644e-20
       269  1.159e-19
       273  7.039e-20
     277.1   1.39e-20
     281.1  1.268e-20
     285.2  1.484e-20
     289.2   1.22e-20
     293.3  1.044e-20
     297.3  1.693e-20
     301.4  9.541e-21
     305.4  2.836e-20
     309.5  3.203e-20
     313.5  3.985e-20
     317.5  2.332e-20
     321.6  8.196e-21
     325.6  7.188e-21
     329.7  6.094e-21
     333.7   7.77e-21
     337.8  6.076e-21
     341.8  1.562e-20
     345.9   1.22e-20
     349.9   4.35e-20
