     6.057  3.413e+08
      10.1  1.564e+08
     14.13  7.814e+07
     18.17  3.341e+07
     22.21  2.131e+07
     26.25  1.744e+07
     30.29  1.259e+07
     34.32  1.077e+07
     38.36  8.541e+06
      42.4  7.273e+06
     46.44  4.028e+06
     50.48  3.775e+06
     54.52  3.106e+06
     58.55   2.96e+06
     62.59  2.393e+06
     66.63  2.451e+06
     70.67  1.138e+06
     74.71  6.843e+05
     78.74  8.524e+05
     82.78  8.769e+05
     86.82  7.612e+05
     90.86   6.14e+05
      94.9  4.975e+05
     98.94  5.196e+05
       103  3.954e+05
       107  3.378e+05
     111.1  4.539e+05
     115.1  5.106e+05
     119.1  5.157e+05
     123.2  4.672e+05
     127.2    2.3e+05
     131.2  2.041e+05
     135.3  3.841e+05
     139.3  4.314e+05
     143.4  5.081e+05
     147.4  2.321e+05
     151.4  1.817e+05
     155.5  7.871e+04
     159.5  7.632e+04
     163.5  1.301e+05
     167.6  1.098e+05
     171.6  5.385e+04
     175.7   4.33e+04
     179.7  1.761e+04
     183.7   4.43e+04
     187.8  4.014e+04
     191.8  1.105e+05
     195.9  2.213e+05
     199.9  7.532e+04
     203.9    3.1e+04
       208          0
       212  4.304e+04
       216  1.396e+04
     220.1   1.43e+04
     224.1  3.416e+04
     228.2  1.975e+04
     232.2       6718
     236.2  1.265e+04
     240.3  2.513e+04
     244.3       6030
     248.3  2.472e+04
     252.4  6.077e+04
     256.4  7.741e+04
     260.5  3.293e+04
     264.5       5999
     268.5  1.154e+04
     272.6          0
     276.6          0
     280.7          0
     284.7          0
     288.7          0
     292.8  1.081e+04
     296.8          0
     300.8       5403
     304.9          0
     308.9       5152
       313          0
       317       4681
       321          0
     325.1          0
     329.1          0
     333.2          0
     337.2          0
     341.2          0
     345.3          0
     349.3          0
