     2.019  3.634e+10
     6.057   8.88e+10
      10.1  1.289e+11
     14.13  1.569e+11
     18.17  1.723e+11
     22.21  1.843e+11
     26.25  1.959e+11
     30.29  2.056e+11
     34.32   2.15e+11
     38.36  2.233e+11
      42.4  2.311e+11
     46.44  2.359e+11
     50.48  2.407e+11
     54.52   2.45e+11
     58.55  2.494e+11
     62.59  2.532e+11
     66.63  2.573e+11
     70.67  2.594e+11
     74.71  2.607e+11
     78.74  2.624e+11
     82.78  2.642e+11
     86.82  2.659e+11
     90.86  2.673e+11
      94.9  2.685e+11
     98.94  2.698e+11
       103  2.708e+11
       107  2.718e+11
     111.1   2.73e+11
     115.1  2.745e+11
     119.1  2.761e+11
     123.2  2.775e+11
     127.2  2.783e+11
     131.2   2.79e+11
     135.3  2.803e+11
     139.3  2.818e+11
     143.4  2.837e+11
     147.4  2.845e+11
     151.4  2.852e+11
     155.5  2.855e+11
     159.5  2.858e+11
     163.5  2.864e+11
     167.6  2.869e+11
     171.6  2.871e+11
     175.7  2.873e+11
     179.7  2.874e+11
     183.7  2.876e+11
     187.8  2.878e+11
     191.8  2.883e+11
     195.9  2.894e+11
     199.9  2.898e+11
     203.9  2.899e+11
       208  2.899e+11
       212  2.902e+11
       216  2.902e+11
     220.1  2.903e+11
     224.1  2.905e+11
     228.2  2.906e+11
     232.2  2.907e+11
     236.2  2.907e+11
     240.3  2.909e+11
     244.3  2.909e+11
     248.3  2.911e+11
     252.4  2.915e+11
     256.4   2.92e+11
     260.5  2.922e+11
     264.5  2.922e+11
     268.5  2.923e+11
     272.6  2.923e+11
     276.6  2.923e+11
     280.7  2.923e+11
     284.7  2.923e+11
     288.7  2.923e+11
     292.8  2.924e+11
     296.8  2.924e+11
     300.8  2.924e+11
     304.9  2.924e+11
     308.9  2.925e+11
       313  2.925e+11
       317  2.925e+11
       321  2.925e+11
     325.1  2.925e+11
     329.1  2.925e+11
     333.2  2.925e+11
     337.2  2.925e+11
     341.2  2.925e+11
     345.3  2.925e+11
     349.3  2.925e+11
