     2.019       15.1
     6.057      18.47
      10.1      19.64
     14.13      20.61
     18.17      21.28
     22.21      21.87
     26.25       22.1
     30.29       22.4
     34.32      22.63
     38.36      22.84
      42.4      23.12
     46.44      23.66
     50.48      23.11
     54.52      23.67
     58.55       24.1
     62.59      24.06
     66.63      24.54
     70.67      25.12
     74.71       25.3
     78.74      25.43
     82.78      25.11
     86.82      25.68
     90.86      25.81
      94.9      25.87
     98.94      26.02
       103      26.06
       107      26.01
     111.1      25.93
     115.1       25.9
     119.1       25.8
     123.2      26.28
     127.2      26.83
     131.2      26.64
     135.3      25.93
     139.3      25.95
     143.4      26.22
     147.4      26.74
     151.4      27.42
     155.5      27.83
     159.5      27.47
     163.5      27.52
     167.6      27.82
     171.6      28.26
     175.7      28.54
     179.7      28.65
     183.7       28.8
     187.8      27.98
     191.8      27.15
     195.9      27.04
     199.9      28.42
     203.9       30.6
       208      29.03
       212       29.1
       216      29.26
     220.1      28.68
     224.1      29.08
     228.2       29.8
     232.2       29.8
     236.2         30
     240.3      29.12
     244.3      29.86
     248.3      28.07
     252.4      27.53
     256.4      27.77
     260.5      28.13
     264.5      29.26
     268.5      30.06
     272.6      35.52
     276.6      35.52
     280.7      35.52
     284.7      35.52
     288.7      30.04
     292.8      28.46
     296.8      29.29
     300.8      32.09
     304.9      29.34
     308.9      29.21
       313      31.26
       317      29.11
       321       35.1
     325.1      35.52
     329.1      35.52
     333.2      35.52
     337.2      35.52
     341.2      35.52
     345.3      35.52
     349.3      35.52
