     6.002  6.551e+08
        10  3.623e+08
     14.01  2.504e+08
     18.01  1.731e+08
     22.01  1.338e+08
     26.01   9.33e+07
     30.01  8.384e+07
     34.01  6.511e+07
     38.02  5.439e+07
     42.02  4.807e+07
     46.02  4.243e+07
     50.02  3.743e+07
     54.02  3.449e+07
     58.02  2.908e+07
     62.02  2.407e+07
     66.03  2.014e+07
     70.03   1.94e+07
     74.03  1.858e+07
     78.03  1.612e+07
     82.03  1.534e+07
     86.03   1.34e+07
     90.04  1.244e+07
     94.04  1.084e+07
     98.04  9.142e+06
       102  6.946e+06
       106  6.775e+06
       110  6.492e+06
       114  5.728e+06
       118  5.199e+06
       122  5.138e+06
       126  5.364e+06
     130.1  4.644e+06
     134.1  4.357e+06
     138.1  3.623e+06
     142.1  3.729e+06
     146.1  3.371e+06
     150.1  3.702e+06
     154.1  3.678e+06
     158.1  3.162e+06
     162.1  3.061e+06
     166.1  2.673e+06
     170.1  2.525e+06
     174.1  2.867e+06
     178.1   2.01e+06
     182.1  2.274e+06
     186.1  2.205e+06
     190.1   1.68e+06
     194.1    1.7e+06
     198.1  2.306e+06
     202.1  1.533e+06
     206.1  1.721e+06
     210.1  1.494e+06
     214.1  1.701e+06
     218.1   1.43e+06
     222.1  1.421e+06
     226.1  1.259e+06
     230.1  1.273e+06
     234.1  1.295e+06
     238.1  9.911e+05
     242.1   8.17e+05
     246.1  7.995e+05
     250.1  6.008e+05
     254.1  7.392e+05
     258.1  7.725e+05
     262.1  5.834e+05
     266.1  3.465e+05
     270.1    2.9e+05
     274.1  2.638e+05
     278.1  2.202e+05
     282.1  1.493e+05
     286.1  1.047e+05
     290.1  8.052e+04
     294.1  1.291e+05
     298.1  1.206e+05
     302.1  9.474e+04
     306.1  4.182e+04
     310.1   3.41e+04
     314.1  2.971e+04
     318.1  3.859e+04
     322.1  3.457e+04
     326.1  1.741e+04
     330.1  2.634e+04
     334.1       8681
     338.1          0
     342.1       8016
     346.1          0
     350.1          0
