     2.001  3.262e+10
     6.002  1.315e+11
        10  2.226e+11
     14.01  3.108e+11
     18.01  3.892e+11
     22.01  4.632e+11
     26.01  5.242e+11
     30.01  5.875e+11
     34.01  6.432e+11
     38.02  6.952e+11
     42.02  7.459e+11
     46.02   7.95e+11
     50.02  8.421e+11
     54.02   8.89e+11
     58.02  9.314e+11
     62.02  9.689e+11
     66.03  1.002e+12
     70.03  1.037e+12
     74.03  1.071e+12
     78.03  1.103e+12
     82.03  1.134e+12
     86.03  1.163e+12
     90.04  1.191e+12
     94.04  1.217e+12
     98.04   1.24e+12
       102  1.257e+12
       106  1.276e+12
       110  1.293e+12
       114   1.31e+12
       118  1.325e+12
       122  1.341e+12
       126  1.358e+12
     130.1  1.373e+12
     134.1  1.388e+12
     138.1  1.401e+12
     142.1  1.414e+12
     146.1  1.426e+12
     150.1   1.44e+12
     154.1  1.454e+12
     158.1  1.467e+12
     162.1   1.48e+12
     166.1  1.491e+12
     170.1  1.501e+12
     174.1  1.514e+12
     178.1  1.523e+12
     182.1  1.533e+12
     186.1  1.544e+12
     190.1  1.552e+12
     194.1   1.56e+12
     198.1  1.572e+12
     202.1  1.579e+12
     206.1  1.588e+12
     210.1  1.596e+12
     214.1  1.605e+12
     218.1  1.613e+12
     222.1  1.621e+12
     226.1  1.628e+12
     230.1  1.636e+12
     234.1  1.643e+12
     238.1  1.649e+12
     242.1  1.654e+12
     246.1  1.659e+12
     250.1  1.663e+12
     254.1  1.668e+12
     258.1  1.673e+12
     262.1  1.676e+12
     266.1  1.679e+12
     270.1  1.681e+12
     274.1  1.683e+12
     278.1  1.684e+12
     282.1  1.685e+12
     286.1  1.686e+12
     290.1  1.686e+12
     294.1  1.687e+12
     298.1  1.688e+12
     302.1  1.689e+12
     306.1  1.689e+12
     310.1   1.69e+12
     314.1   1.69e+12
     318.1   1.69e+12
     322.1   1.69e+12
     326.1  1.691e+12
     330.1  1.691e+12
     334.1  1.691e+12
     338.1  1.691e+12
     342.1  1.691e+12
     346.1  1.691e+12
     350.1  1.691e+12
