     2.001  1.059e-16
     6.002  1.906e-17
        10  1.347e-17
     14.01  1.002e-17
     18.01  8.932e-18
     22.01  6.714e-18
     26.01  5.384e-18
     30.01  5.291e-18
     34.01  3.427e-18
     38.02  3.259e-18
     42.02  3.084e-18
     46.02  2.029e-18
     50.02  1.914e-18
     54.02  1.624e-18
     58.02  1.332e-18
     62.02  1.197e-18
     66.03  1.095e-18
     70.03   9.57e-19
     74.03  8.476e-19
     78.03  7.874e-19
     82.03  7.039e-19
     86.03  6.161e-19
     90.04  5.403e-19
     94.04  5.196e-19
     98.04  4.285e-19
       102  4.533e-19
       106  5.711e-19
       110  4.713e-19
       114  3.041e-19
       118  2.906e-19
       122   2.63e-19
       126  2.502e-19
     130.1  2.367e-19
     134.1  2.385e-19
     138.1  2.072e-19
     142.1  2.455e-19
     146.1  2.735e-19
     150.1  3.703e-19
     154.1   2.34e-19
     158.1  1.798e-19
     162.1  2.021e-19
     166.1  2.019e-19
     170.1  1.731e-19
     174.1  2.472e-19
     178.1  1.727e-19
     182.1  1.537e-19
     186.1  1.104e-19
     190.1  9.354e-20
     194.1  1.301e-19
     198.1  1.526e-19
     202.1  1.897e-19
     206.1  1.495e-19
     210.1   7.87e-20
     214.1  8.938e-20
     218.1  7.774e-20
     222.1  8.126e-20
     226.1    7.1e-20
     230.1  6.536e-20
     234.1  4.892e-20
     238.1  4.364e-20
     242.1   3.86e-20
     246.1   3.66e-20
     250.1   3.96e-20
     254.1  4.351e-20
     258.1  4.073e-20
     262.1  4.069e-20
     266.1  2.654e-20
     270.1  4.274e-20
     274.1  2.869e-20
     278.1  2.422e-20
     282.1   2.15e-20
     286.1  2.088e-20
     290.1  2.113e-20
     294.1  2.203e-20
     298.1  2.547e-20
     302.1  1.357e-20
     306.1  1.156e-20
     310.1  1.618e-20
     314.1  1.263e-20
     318.1  1.336e-20
     322.1  1.017e-20
     326.1  1.013e-20
     330.1   4.26e-21
     334.1  3.236e-21
     338.1  1.393e-21
     342.1  4.998e-21
     346.1  9.962e-24
     350.1      1e-23
