     2.001      17.95
     6.002      19.82
        10      20.19
     14.01      20.51
     18.01      20.64
     22.01      20.95
     26.01      21.19
     30.01      21.21
     34.01      21.68
     38.02      21.73
     42.02      21.79
     46.02      22.25
     50.02      22.31
     54.02      22.49
     58.02      22.71
     62.02      22.82
     66.03      22.92
     70.03      23.06
     74.03       23.2
     78.03      23.28
     82.03       23.4
     86.03      23.54
     90.04      23.68
     94.04      23.73
     98.04      23.94
       102      23.88
       106      23.62
       110      23.83
       114      24.31
       118      24.36
       122      24.47
       126      24.52
     130.1      24.58
     134.1      24.57
     138.1      24.73
     142.1      24.54
     146.1      24.42
     150.1      24.09
     154.1      24.59
     158.1      24.88
     162.1      24.75
     166.1      24.75
     170.1      24.92
     174.1      24.53
     178.1      24.92
     182.1      25.05
     186.1      25.41
     190.1      25.59
     194.1      25.23
     198.1      25.06
     202.1      24.82
     206.1      25.08
     210.1      25.78
     214.1      25.64
     218.1      25.79
     222.1      25.74
     226.1      25.89
     230.1      25.98
     234.1      26.29
     238.1      26.42
     242.1      26.55
     246.1      26.61
     250.1      26.52
     254.1      26.42
     258.1      26.49
     262.1      26.49
     266.1      26.96
     270.1      26.44
     274.1      26.87
     278.1      27.06
     282.1      27.19
     286.1      27.22
     290.1       27.2
     294.1      27.16
     298.1         27
     302.1      27.68
     306.1      27.86
     310.1      27.49
     314.1      27.76
     318.1       27.7
     322.1         28
     326.1         28
     330.1      28.94
     334.1      29.24
     338.1      30.16
     342.1      28.77
     346.1      35.52
     350.1      35.52
