     6.002  6.766e+08
        10  4.069e+08
     14.01   2.91e+08
     18.01  2.309e+08
     22.01  1.775e+08
     26.01  1.467e+08
     30.01  1.189e+08
     34.01  9.729e+07
     38.02   7.81e+07
     42.02   6.49e+07
     46.02  5.767e+07
     50.02  5.065e+07
     54.02  4.696e+07
     58.02  4.545e+07
     62.02  4.204e+07
     66.03  3.854e+07
     70.03  3.458e+07
     74.03  2.906e+07
     78.03  2.758e+07
     82.03  2.527e+07
     86.03  2.255e+07
     90.04  2.139e+07
     94.04  1.788e+07
     98.04  1.573e+07
       102  1.435e+07
       106  1.236e+07
       110  1.177e+07
       114  1.091e+07
       118  1.117e+07
       122  1.052e+07
       126  9.677e+06
     130.1  9.006e+06
     134.1  8.322e+06
     138.1  8.198e+06
     142.1  6.835e+06
     146.1   6.48e+06
     150.1  6.439e+06
     154.1   6.51e+06
     158.1  5.242e+06
     162.1  5.015e+06
     166.1  4.811e+06
     170.1  5.219e+06
     174.1  4.555e+06
     178.1  4.027e+06
     182.1  3.779e+06
     186.1  3.979e+06
     190.1  3.772e+06
     194.1  3.657e+06
     198.1   3.71e+06
     202.1  3.423e+06
     206.1  3.563e+06
     210.1  3.563e+06
     214.1  3.442e+06
     218.1  3.005e+06
     222.1  2.676e+06
     226.1  2.755e+06
     230.1  2.967e+06
     234.1  2.768e+06
     238.1  2.688e+06
     242.1  2.645e+06
     246.1  2.876e+06
     250.1  3.051e+06
     254.1  2.807e+06
     258.1  2.172e+06
     262.1  1.691e+06
     266.1   1.25e+06
     270.1  1.499e+06
     274.1  1.712e+06
     278.1  1.552e+06
     282.1   1.37e+06
     286.1  1.166e+06
     290.1  9.085e+05
     294.1  5.634e+05
     298.1  4.852e+05
     302.1  3.578e+05
     306.1  3.686e+05
     310.1  3.193e+05
     314.1  2.768e+05
     318.1  1.869e+05
     322.1  3.694e+05
     326.1  2.623e+05
     330.1    1.6e+05
     334.1  1.183e+05
     338.1  8.137e+04
     342.1  6.474e+04
     346.1  4.122e+04
     350.1  1.583e+04
