     2.001  3.391e+10
     6.002   1.36e+11
        10  2.384e+11
     14.01  3.408e+11
     18.01  4.454e+11
     22.01  5.436e+11
     26.01  6.396e+11
     30.01  7.293e+11
     34.01  8.125e+11
     38.02  8.872e+11
     42.02  9.557e+11
     46.02  1.022e+12
     50.02  1.086e+12
     54.02   1.15e+12
     58.02  1.216e+12
     62.02  1.282e+12
     66.03  1.346e+12
     70.03  1.407e+12
     74.03  1.461e+12
     78.03  1.515e+12
     82.03  1.567e+12
     86.03  1.616e+12
     90.04  1.664e+12
     94.04  1.706e+12
     98.04  1.745e+12
       102  1.782e+12
       106  1.815e+12
       110  1.848e+12
       114  1.879e+12
       118  1.912e+12
       122  1.944e+12
       126  1.975e+12
     130.1  2.004e+12
     134.1  2.032e+12
     138.1  2.061e+12
     142.1  2.085e+12
     146.1  2.109e+12
     150.1  2.133e+12
     154.1  2.159e+12
     158.1  2.179e+12
     162.1    2.2e+12
     166.1   2.22e+12
     170.1  2.242e+12
     174.1  2.262e+12
     178.1   2.28e+12
     182.1  2.298e+12
     186.1  2.316e+12
     190.1  2.334e+12
     194.1  2.352e+12
     198.1  2.371e+12
     202.1  2.388e+12
     206.1  2.406e+12
     210.1  2.425e+12
     214.1  2.444e+12
     218.1   2.46e+12
     222.1  2.475e+12
     226.1  2.491e+12
     230.1  2.508e+12
     234.1  2.524e+12
     238.1   2.54e+12
     242.1  2.556e+12
     246.1  2.574e+12
     250.1  2.593e+12
     254.1  2.611e+12
     258.1  2.625e+12
     262.1  2.637e+12
     266.1  2.645e+12
     270.1  2.655e+12
     274.1  2.667e+12
     278.1  2.678e+12
     282.1  2.688e+12
     286.1  2.696e+12
     290.1  2.703e+12
     294.1  2.707e+12
     298.1   2.71e+12
     302.1  2.713e+12
     306.1  2.716e+12
     310.1  2.718e+12
     314.1  2.721e+12
     318.1  2.722e+12
     322.1  2.725e+12
     326.1  2.727e+12
     330.1  2.729e+12
     334.1   2.73e+12
     338.1   2.73e+12
     342.1  2.731e+12
     346.1  2.731e+12
     350.1  2.731e+12
