     2.001  8.152e-17
     6.002  2.146e-17
        10  1.402e-17
     14.01  1.148e-17
     18.01  8.517e-18
     22.01  6.889e-18
     26.01  5.758e-18
     30.01  4.928e-18
     34.01  3.931e-18
     38.02  3.473e-18
     42.02  3.331e-18
     46.02   2.82e-18
     50.02  2.415e-18
     54.02  2.355e-18
     58.02  2.377e-18
     62.02  2.049e-18
     66.03  1.555e-18
     70.03  1.296e-18
     74.03  1.117e-18
     78.03  1.039e-18
     82.03  9.592e-19
     86.03  9.641e-19
     90.04  7.809e-19
     94.04  7.464e-19
     98.04  6.404e-19
       102  6.156e-19
       106  5.217e-19
       110  5.007e-19
       114  5.208e-19
       118   5.11e-19
       122  4.531e-19
       126  4.555e-19
     130.1  4.216e-19
     134.1  4.581e-19
     138.1  3.326e-19
     142.1  3.072e-19
     146.1  2.858e-19
     150.1  2.816e-19
     154.1  2.596e-19
     158.1   2.43e-19
     162.1  2.272e-19
     166.1  2.404e-19
     170.1  2.287e-19
     174.1   2.15e-19
     178.1  1.844e-19
     182.1  1.867e-19
     186.1  2.013e-19
     190.1  1.781e-19
     194.1  1.674e-19
     198.1  1.607e-19
     202.1  1.497e-19
     206.1  1.596e-19
     210.1  1.541e-19
     214.1  1.536e-19
     218.1  1.322e-19
     222.1  1.247e-19
     226.1  1.302e-19
     230.1  1.307e-19
     234.1  1.305e-19
     238.1  1.481e-19
     242.1  2.377e-19
     246.1   1.47e-19
     250.1  1.414e-19
     254.1  1.327e-19
     258.1  1.218e-19
     262.1  9.458e-20
     266.1  9.996e-20
     270.1  1.339e-19
     274.1   1.32e-19
     278.1   1.38e-19
     282.1  1.135e-19
     286.1  1.319e-19
     290.1  8.073e-20
     294.1  8.128e-20
     298.1  6.483e-20
     302.1  6.958e-20
     306.1  6.458e-20
     310.1  6.167e-20
     314.1  5.871e-20
     318.1  6.556e-20
     322.1  8.757e-20
     326.1  7.008e-20
     330.1  4.699e-20
     334.1  5.524e-20
     338.1  3.874e-20
     342.1  5.153e-20
     346.1  3.828e-20
     350.1  1.713e-20
