     2.001      18.24
     6.002      19.69
        10      20.15
     14.01      20.37
     18.01      20.69
     22.01      20.92
     26.01      21.12
     30.01      21.28
     34.01      21.53
     38.02      21.66
     42.02      21.71
     46.02      21.89
     50.02      22.06
     54.02      22.09
     58.02      22.08
     62.02      22.24
     66.03      22.54
     70.03      22.73
     74.03       22.9
     78.03      22.97
     82.03      23.06
     86.03      23.06
     90.04      23.28
     94.04      23.33
     98.04       23.5
       102      23.54
       106      23.72
       110      23.77
       114      23.72
       118      23.75
       122      23.88
       126      23.87
     130.1      23.95
     134.1      23.86
     138.1      24.21
     142.1       24.3
     146.1      24.38
     150.1      24.39
     154.1      24.48
     158.1      24.55
     162.1      24.63
     166.1      24.56
     170.1      24.62
     174.1      24.68
     178.1      24.85
     182.1      24.84
     186.1      24.76
     190.1      24.89
     194.1      24.96
     198.1         25
     202.1      25.08
     206.1      25.01
     210.1      25.05
     214.1      25.05
     218.1      25.21
     222.1      25.28
     226.1      25.23
     230.1      25.23
     234.1      25.23
     238.1      25.09
     242.1      24.58
     246.1       25.1
     250.1      25.14
     254.1      25.21
     258.1       25.3
     262.1      25.58
     266.1      25.52
     270.1       25.2
     274.1      25.21
     278.1      25.17
     282.1      25.38
     286.1      25.22
     290.1      25.75
     294.1      25.74
     298.1      25.99
     302.1      25.91
     306.1      25.99
     310.1      26.04
     314.1      26.09
     318.1      25.97
     322.1      25.66
     326.1       25.9
     330.1      26.34
     334.1      26.16
     338.1      26.55
     342.1      26.24
     346.1      26.56
     350.1      27.43
