     2.001  1.695e+10
     6.002  8.234e+10
        10  1.618e+11
        14  2.452e+11
        18  3.252e+11
     22.01      4e+11
     26.01  4.723e+11
     30.01  5.395e+11
     34.01  6.041e+11
     38.01   6.63e+11
     42.01  7.203e+11
     46.01  7.741e+11
     50.01  8.247e+11
     54.01  8.704e+11
     58.02  9.136e+11
     62.02  9.568e+11
     66.02  9.977e+11
     70.02  1.038e+12
     74.02  1.077e+12
     78.02  1.118e+12
     82.02  1.159e+12
     86.02  1.202e+12
     90.02  1.247e+12
     94.03  1.292e+12
     98.03  1.335e+12
       102  1.378e+12
       106  1.417e+12
       110  1.455e+12
       114  1.492e+12
       118   1.53e+12
       122  1.569e+12
       126  1.607e+12
       130  1.643e+12
       134  1.677e+12
       138   1.71e+12
       142  1.744e+12
       146  1.777e+12
       150  1.811e+12
       154  1.843e+12
       158  1.874e+12
       162  1.903e+12
       166  1.934e+12
       170  1.964e+12
       174  1.993e+12
       178  2.023e+12
     182.1  2.052e+12
     186.1   2.08e+12
     190.1  2.109e+12
     194.1  2.136e+12
     198.1  2.162e+12
     202.1  2.188e+12
     206.1  2.217e+12
     210.1  2.247e+12
     214.1  2.273e+12
     218.1  2.298e+12
     222.1  2.321e+12
     226.1  2.344e+12
     230.1  2.367e+12
     234.1  2.389e+12
     238.1  2.411e+12
     242.1  2.434e+12
     246.1  2.455e+12
     250.1  2.477e+12
     254.1  2.491e+12
     258.1  2.502e+12
     262.1  2.511e+12
     266.1  2.518e+12
     270.1  2.524e+12
     274.1   2.53e+12
     278.1  2.534e+12
     282.1  2.537e+12
     286.1   2.54e+12
     290.1  2.542e+12
     294.1  2.545e+12
     298.1  2.547e+12
     302.1  2.549e+12
     306.1  2.552e+12
     310.1  2.553e+12
     314.1  2.555e+12
     318.1  2.555e+12
     322.1  2.556e+12
     326.1  2.557e+12
     330.1  2.558e+12
     334.1  2.558e+12
     338.1  2.559e+12
     342.1  2.559e+12
     346.1  2.559e+12
     350.1  2.559e+12
