     2.001  5.717e-17
     6.002    7.1e-18
        10  4.913e-18
        14  4.517e-18
        18  5.358e-18
     22.01  3.738e-18
     26.01  4.429e-18
     30.01  2.884e-18
     34.01  1.856e-18
     38.01  2.179e-18
     42.01  1.574e-18
     46.01  1.084e-18
     50.01  1.011e-18
     54.01  9.111e-19
     58.02  8.019e-19
     62.02  6.648e-19
     66.02  6.628e-19
     70.02  6.747e-19
     74.02  5.033e-19
     78.02  5.627e-19
     82.02  4.747e-19
     86.02  4.023e-19
     90.02    3.5e-19
     94.03  3.031e-19
     98.03  2.812e-19
       102  2.749e-19
       106  2.377e-19
       110  2.347e-19
       114  1.995e-19
       118  2.118e-19
       122  2.006e-19
       126   1.61e-19
       130  1.525e-19
       134  1.481e-19
       138  1.484e-19
       142  1.234e-19
       146  1.017e-19
       150  9.588e-20
       154  8.974e-20
       158  8.865e-20
       162  8.602e-20
       166  7.913e-20
       170  7.172e-20
       174  7.683e-20
       178  5.941e-20
     182.1  6.907e-20
     186.1  5.928e-20
     190.1  5.992e-20
     194.1  5.583e-20
     198.1   4.95e-20
     202.1  5.568e-20
     206.1  5.128e-20
     210.1  5.114e-20
     214.1  5.202e-20
     218.1  4.433e-20
     222.1  3.605e-20
     226.1  3.406e-20
     230.1   4.04e-20
     234.1  3.558e-20
     238.1  2.919e-20
     242.1  3.212e-20
     246.1  3.584e-20
     250.1  3.486e-20
     254.1  2.755e-20
     258.1  2.779e-20
     262.1  2.226e-20
     266.1  2.898e-20
     270.1  2.759e-20
     274.1   2.33e-20
     278.1  2.434e-20
     282.1  1.856e-20
     286.1  2.518e-20
     290.1  2.283e-20
     294.1  1.535e-20
     298.1  1.342e-20
     302.1  1.956e-20
     306.1  1.909e-20
     310.1  2.858e-20
     314.1  2.174e-20
     318.1  1.904e-20
     322.1  1.518e-20
     326.1  6.415e-21
     330.1   1.35e-20
     334.1  6.928e-21
     338.1  3.861e-21
     342.1  9.083e-21
     346.1  1.933e-20
     350.1  1.865e-20
