     2.001      18.62
     6.002      20.89
        10      21.29
        14      21.38
        18      21.19
     22.01      21.58
     26.01       21.4
     30.01      21.87
     34.01      22.34
     38.01      22.17
     42.01      22.52
     46.01      22.93
     50.01         23
     54.01      23.12
     58.02      23.26
     62.02      23.46
     66.02      23.46
     70.02      23.44
     74.02      23.76
     78.02      23.64
     82.02      23.83
     86.02         24
     90.02      24.16
     94.03      24.31
     98.03      24.39
       102      24.42
       106      24.58
       110      24.59
       114      24.77
       118       24.7
       122      24.76
       126         25
       130      25.06
       134      25.09
       138      25.09
       142      25.29
       146       25.5
       150      25.56
       154      25.63
       158      25.65
       162      25.68
       166      25.77
       170      25.88
       174       25.8
       178      26.08
     182.1      25.92
     186.1      26.08
     190.1      26.07
     194.1      26.15
     198.1      26.28
     202.1      26.15
     206.1      26.24
     210.1      26.24
     214.1      26.23
     218.1       26.4
     222.1      26.62
     226.1      26.69
     230.1       26.5
     234.1      26.64
     238.1      26.85
     242.1      26.75
     246.1      26.63
     250.1      26.66
     254.1      26.92
     258.1      26.91
     262.1      27.15
     266.1      26.86
     270.1      26.91
     274.1       27.1
     278.1      27.05
     282.1      27.34
     286.1      27.01
     290.1      27.12
     294.1      27.55
     298.1       27.7
     302.1      27.29
     306.1      27.31
     310.1      26.88
     314.1      27.17
     318.1      27.32
     322.1      27.56
     326.1       28.5
     330.1      27.69
     334.1      28.41
     338.1      29.05
     342.1      28.12
     346.1       27.3
     350.1      27.34
