     6.002  7.093e+09
        10  2.478e+09
        14  1.112e+09
        18  6.922e+08
     22.01  4.911e+08
     26.01  3.835e+08
     30.01  2.891e+08
     34.01  2.389e+08
     38.01  1.942e+08
     42.01  1.601e+08
     46.01  1.357e+08
     50.01  1.166e+08
     54.01  1.002e+08
     58.02  8.745e+07
     62.02  7.685e+07
     66.02  6.918e+07
     70.02  6.089e+07
     74.02  5.206e+07
     78.02  4.899e+07
     82.02  4.482e+07
     86.02  4.102e+07
     90.02  3.729e+07
     94.03  3.284e+07
     98.03  2.903e+07
       102   2.62e+07
       106  2.271e+07
       110  2.052e+07
       114  1.951e+07
       118  1.822e+07
       122  1.662e+07
       126  1.486e+07
       130  1.336e+07
       134  1.239e+07
       138  1.203e+07
       142  1.124e+07
       146  1.126e+07
       150  1.098e+07
       154  1.012e+07
       158  8.562e+06
       162  7.843e+06
       166  7.377e+06
       170  7.516e+06
       174  7.485e+06
       178  6.813e+06
     182.1  5.922e+06
     186.1   5.82e+06
     190.1  5.427e+06
     194.1  4.967e+06
     198.1  4.753e+06
     202.1  4.234e+06
     206.1  4.134e+06
     210.1  4.644e+06
     214.1  4.299e+06
     218.1  3.835e+06
     222.1  3.613e+06
     226.1  3.099e+06
     230.1  2.867e+06
     234.1  2.574e+06
     238.1  2.502e+06
     242.1  2.455e+06
     246.1  2.592e+06
     250.1  2.604e+06
     254.1  2.466e+06
     258.1  1.913e+06
     262.1  1.773e+06
     266.1  1.569e+06
     270.1   1.35e+06
     274.1  1.203e+06
     278.1  1.337e+06
     282.1  1.169e+06
     286.1  9.792e+05
     290.1  8.902e+05
     294.1  7.925e+05
     298.1  8.229e+05
     302.1  4.921e+05
     306.1  4.942e+05
     310.1  3.147e+05
     314.1      3e+05
     318.1  3.341e+05
     322.1  2.769e+05
     326.1  2.141e+05
     330.1  1.576e+05
     334.1  9.891e+04
     338.1  8.012e+04
     342.1  5.158e+04
     346.1  3.268e+04
     350.1  2.145e+04
