     2.001  2.347e+11
     6.002  1.305e+12
        10  1.928e+12
        14   2.32e+12
        18  2.633e+12
     22.01  2.905e+12
     26.01  3.155e+12
     30.01  3.374e+12
     34.01  3.578e+12
     38.01  3.763e+12
     42.01  3.932e+12
     46.01  4.089e+12
     50.01  4.236e+12
     54.01  4.372e+12
     58.02    4.5e+12
     62.02  4.619e+12
     66.02  4.734e+12
     70.02  4.841e+12
     74.02  4.938e+12
     78.02  5.034e+12
     82.02  5.127e+12
     86.02  5.215e+12
     90.02    5.3e+12
     94.03  5.377e+12
     98.03  5.449e+12
       102  5.516e+12
       106  5.577e+12
       110  5.633e+12
       114  5.689e+12
       118  5.743e+12
       122  5.794e+12
       126  5.842e+12
       130  5.885e+12
       134  5.927e+12
       138  5.969e+12
       142  6.009e+12
       146   6.05e+12
       150  6.092e+12
       154  6.131e+12
       158  6.165e+12
       162  6.197e+12
       166  6.228e+12
       170   6.26e+12
       174  6.292e+12
       178  6.323e+12
     182.1   6.35e+12
     186.1  6.377e+12
     190.1  6.403e+12
     194.1  6.427e+12
     198.1  6.451e+12
     202.1  6.473e+12
     206.1  6.494e+12
     210.1  6.519e+12
     214.1  6.542e+12
     218.1  6.563e+12
     222.1  6.583e+12
     226.1    6.6e+12
     230.1  6.617e+12
     234.1  6.632e+12
     238.1  6.647e+12
     242.1  6.662e+12
     246.1  6.678e+12
     250.1  6.695e+12
     254.1   6.71e+12
     258.1  6.723e+12
     262.1  6.734e+12
     266.1  6.745e+12
     270.1  6.754e+12
     274.1  6.762e+12
     278.1  6.772e+12
     282.1   6.78e+12
     286.1  6.787e+12
     290.1  6.793e+12
     294.1  6.799e+12
     298.1  6.806e+12
     302.1  6.809e+12
     306.1  6.813e+12
     310.1  6.816e+12
     314.1  6.818e+12
     318.1  6.821e+12
     322.1  6.823e+12
     326.1  6.825e+12
     330.1  6.826e+12
     334.1  6.827e+12
     338.1  6.827e+12
     342.1  6.828e+12
     346.1  6.828e+12
     350.1  6.828e+12
