     2.001   4.34e-16
     6.002  1.481e-16
        10   4.55e-17
        14    1.5e-17
        18  1.073e-17
     22.01   6.24e-18
     26.01  4.712e-18
     30.01  3.688e-18
     34.01   3.01e-18
     38.01  2.711e-18
     42.01  2.237e-18
     46.01  1.718e-18
     50.01  1.528e-18
     54.01  1.389e-18
     58.02  1.231e-18
     62.02  1.158e-18
     66.02  1.179e-18
     70.02   1.09e-18
     74.02  8.297e-19
     78.02  7.443e-19
     82.02  6.876e-19
     86.02  6.681e-19
     90.02  7.797e-19
     94.03  4.631e-19
     98.03  4.079e-19
       102  3.563e-19
       106  3.405e-19
       110  3.038e-19
       114  2.913e-19
       118  2.661e-19
       122  2.443e-19
       126  2.033e-19
       130  1.947e-19
       134  1.894e-19
       138  1.804e-19
       142  1.634e-19
       146  1.681e-19
       150  1.554e-19
       154  1.467e-19
       158   1.47e-19
       162  1.265e-19
       166  1.196e-19
       170  1.236e-19
       174  1.198e-19
       178  9.587e-20
     182.1  1.093e-19
     186.1  9.499e-20
     190.1  1.232e-19
     194.1  2.061e-19
     198.1   8.56e-20
     202.1   6.65e-20
     206.1  8.326e-20
     210.1  7.635e-20
     214.1  7.028e-20
     218.1  6.664e-20
     222.1  6.454e-20
     226.1  6.678e-20
     230.1  5.349e-20
     234.1  5.244e-20
     238.1  5.136e-20
     242.1  5.374e-20
     246.1  6.058e-20
     250.1  5.085e-20
     254.1  4.299e-20
     258.1  4.104e-20
     262.1   4.44e-20
     266.1   4.88e-20
     270.1  5.052e-20
     274.1  5.009e-20
     278.1  5.034e-20
     282.1  6.511e-20
     286.1  6.998e-20
     290.1  6.272e-20
     294.1  1.163e-19
     298.1  9.161e-20
     302.1  2.847e-20
     306.1  2.674e-20
     310.1   2.45e-20
     314.1  4.095e-20
     318.1  4.679e-20
     322.1   3.17e-20
     326.1  3.007e-20
     330.1  1.745e-20
     334.1   1.49e-20
     338.1  1.932e-20
     342.1  1.688e-20
     346.1  1.199e-20
     350.1  2.072e-20
