     2.001      16.42
     6.002      17.59
        10      18.87
        14      20.08
        18      20.44
     22.01      21.03
     26.01      21.33
     30.01       21.6
     34.01      21.82
     38.01      21.93
     42.01      22.14
     46.01      22.43
     50.01      22.56
     54.01      22.66
     58.02      22.79
     62.02      22.86
     66.02      22.84
     70.02      22.92
     74.02      23.22
     78.02      23.34
     82.02      23.42
     86.02      23.45
     90.02      23.29
     94.03      23.85
     98.03      23.99
       102      24.14
       106      24.19
       110      24.31
       114      24.36
       118      24.45
       122      24.55
       126      24.75
       130      24.79
       134      24.82
       138      24.88
       142      24.98
       146      24.95
       150      25.04
       154       25.1
       158       25.1
       162      25.26
       166      25.32
       170      25.29
       174      25.32
       178      25.56
     182.1      25.42
     186.1      25.57
     190.1      25.29
     194.1      24.73
     198.1      25.68
     202.1      25.96
     206.1      25.72
     210.1      25.81
     214.1       25.9
     218.1      25.96
     222.1      25.99
     226.1      25.95
     230.1       26.2
     234.1      26.22
     238.1      26.24
     242.1      26.19
     246.1      26.06
     250.1      26.25
     254.1      26.43
     258.1      26.48
     262.1       26.4
     266.1      26.29
     270.1      26.26
     274.1      26.27
     278.1      26.26
     282.1      25.98
     286.1       25.9
     290.1      26.02
     294.1      25.35
     298.1      25.61
     302.1      26.88
     306.1      26.95
     310.1      27.04
     314.1      26.49
     318.1      26.34
     322.1      26.76
     326.1      26.82
     330.1      27.41
     334.1      27.58
     338.1       27.3
     342.1      27.45
     346.1      27.82
     350.1      27.23
