     6.001   8.89e+08
        10  5.341e+08
        14  3.838e+08
        18  2.665e+08
     22.01  1.865e+08
     26.01  1.213e+08
     30.01   8.84e+07
     34.01  6.953e+07
     38.01  5.511e+07
     42.01  4.363e+07
     46.01  3.807e+07
     50.01   3.09e+07
     54.01  2.373e+07
     58.01  2.271e+07
     62.01  1.877e+07
     66.02  1.476e+07
     70.02  1.401e+07
     74.02    1.3e+07
     78.02  1.517e+07
     82.02  1.168e+07
     86.02  1.031e+07
     90.02   8.54e+06
     94.02  7.565e+06
     98.02  8.116e+06
       102  7.006e+06
       106  6.384e+06
       110  5.113e+06
       114  5.415e+06
       118  4.962e+06
       122  4.508e+06
       126  3.655e+06
       130  3.475e+06
       134  3.201e+06
       138  3.069e+06
       142  2.662e+06
       146  2.735e+06
       150  1.843e+06
       154   1.89e+06
       158  1.762e+06
       162  1.579e+06
       166  1.774e+06
       170  1.686e+06
       174  1.729e+06
       178  1.715e+06
       182  1.631e+06
       186  1.405e+06
       190  1.338e+06
       194  1.342e+06
       198   1.55e+06
       202  1.417e+06
       206  1.227e+06
       210  1.048e+06
     214.1  9.176e+05
     218.1  9.857e+05
     222.1  8.806e+05
     226.1  9.683e+05
     230.1  7.646e+05
     234.1  7.652e+05
     238.1  6.053e+05
     242.1  5.122e+05
     246.1  5.041e+05
     250.1  5.441e+05
     254.1  8.665e+05
     258.1  4.181e+05
     262.1   3.32e+05
     266.1  2.797e+05
     270.1  2.658e+05
     274.1  2.329e+05
     278.1  3.039e+05
     282.1  2.615e+05
     286.1  1.519e+05
     290.1  1.784e+05
     294.1  1.554e+05
     298.1  1.812e+05
     302.1  1.081e+05
     306.1  1.182e+05
     310.1    8.7e+04
     314.1  1.161e+05
     318.1  5.654e+04
     322.1      6e+04
     326.1   7.44e+04
     330.1  9.668e+04
     334.1  4.587e+04
     338.1  1.733e+04
     342.1  2.854e+04
     346.1  1.682e+04
     350.1       3938
