         2  7.311e+10
     6.001  2.072e+11
        10  3.415e+11
        14  4.766e+11
        18  5.972e+11
     22.01  7.004e+11
     26.01  7.797e+11
     30.01  8.464e+11
     34.01  9.058e+11
     38.01  9.585e+11
     42.01  1.005e+12
     46.01  1.049e+12
     50.01  1.087e+12
     54.01   1.12e+12
     58.01  1.153e+12
     62.01  1.182e+12
     66.02  1.207e+12
     70.02  1.231e+12
     74.02  1.255e+12
     78.02  1.285e+12
     82.02  1.309e+12
     86.02  1.332e+12
     90.02  1.351e+12
     94.02  1.369e+12
     98.02  1.389e+12
       102  1.407e+12
       106  1.424e+12
       110  1.438e+12
       114  1.453e+12
       118  1.468e+12
       122  1.482e+12
       126  1.494e+12
       130  1.505e+12
       134  1.516e+12
       138  1.526e+12
       142  1.536e+12
       146  1.546e+12
       150  1.553e+12
       154   1.56e+12
       158  1.567e+12
       162  1.574e+12
       166  1.581e+12
       170  1.588e+12
       174  1.596e+12
       178  1.603e+12
       182  1.611e+12
       186  1.617e+12
       190  1.624e+12
       194   1.63e+12
       198  1.638e+12
       202  1.645e+12
       206  1.652e+12
       210  1.657e+12
     214.1  1.662e+12
     218.1  1.668e+12
     222.1  1.672e+12
     226.1  1.678e+12
     230.1  1.682e+12
     234.1  1.687e+12
     238.1  1.691e+12
     242.1  1.694e+12
     246.1  1.697e+12
     250.1    1.7e+12
     254.1  1.706e+12
     258.1  1.708e+12
     262.1  1.711e+12
     266.1  1.712e+12
     270.1  1.714e+12
     274.1  1.716e+12
     278.1  1.718e+12
     282.1   1.72e+12
     286.1  1.721e+12
     290.1  1.722e+12
     294.1  1.723e+12
     298.1  1.725e+12
     302.1  1.726e+12
     306.1  1.726e+12
     310.1  1.727e+12
     314.1  1.728e+12
     318.1  1.729e+12
     322.1  1.729e+12
     326.1   1.73e+12
     330.1   1.73e+12
     334.1  1.731e+12
     338.1  1.731e+12
     342.1  1.731e+12
     346.1  1.731e+12
     350.1  1.731e+12
