         2  8.578e-17
     6.001  2.551e-17
        10  1.569e-17
        14  1.172e-17
        18  7.988e-18
     22.01   5.86e-18
     26.01  3.713e-18
     30.01  2.987e-18
     34.01  2.699e-18
     38.01   2.46e-18
     42.01  1.954e-18
     46.01    1.8e-18
     50.01  1.298e-18
     54.01  1.135e-18
     58.01  1.053e-18
     62.01  1.007e-18
     66.02  8.077e-19
     70.02   7.61e-19
     74.02  7.803e-19
     78.02   8.41e-19
     82.02  7.294e-19
     86.02  8.227e-19
     90.02  6.147e-19
     94.02  4.302e-19
     98.02  4.111e-19
       102  3.997e-19
       106  3.491e-19
       110  2.529e-19
       114  2.406e-19
       118  2.619e-19
       122  2.128e-19
       126    2.3e-19
       130   1.72e-19
       134  2.135e-19
       138  1.652e-19
       142  1.202e-19
       146  1.085e-19
       150  8.027e-20
       154  7.846e-20
       158  6.744e-20
       162  6.927e-20
       166  7.144e-20
       170  6.847e-20
       174  6.971e-20
       178  8.854e-20
       182  7.068e-20
       186  7.264e-20
       190  6.841e-20
       194  7.606e-20
       198   7.24e-20
       202  6.475e-20
       206  4.932e-20
       210  4.645e-20
     214.1  4.044e-20
     218.1  3.453e-20
     222.1  4.192e-20
     226.1  3.644e-20
     230.1  3.263e-20
     234.1  3.125e-20
     238.1  2.294e-20
     242.1    2.1e-20
     246.1  2.111e-20
     250.1  2.957e-20
     254.1  2.886e-20
     258.1  1.651e-20
     262.1  1.734e-20
     266.1  1.598e-20
     270.1  1.779e-20
     274.1  2.107e-20
     278.1  2.248e-20
     282.1   1.87e-20
     286.1  1.445e-20
     290.1  1.663e-20
     294.1   1.88e-20
     298.1  2.334e-20
     302.1  1.218e-20
     306.1  1.803e-20
     310.1   1.84e-20
     314.1  1.956e-20
     318.1  1.697e-20
     322.1  2.097e-20
     326.1   3.12e-20
     330.1  2.982e-20
     334.1  1.799e-20
     338.1  2.002e-20
     342.1   1.88e-20
     346.1  5.739e-21
     350.1  9.816e-21
