         2      18.18
     6.001       19.5
        10      20.03
        14      20.34
        18      20.76
     22.01       21.1
     26.01      21.59
     30.01      21.83
     34.01      21.94
     38.01      22.04
     42.01      22.29
     46.01      22.38
     50.01      22.73
     54.01      22.88
     58.01      22.96
     62.01      23.01
     66.02      23.25
     70.02      23.31
     74.02      23.29
     78.02       23.2
     82.02      23.36
     86.02      23.23
     90.02      23.54
     94.02      23.93
     98.02      23.98
       102      24.01
       106      24.16
       110      24.51
       114      24.56
       118      24.47
       122       24.7
       126      24.61
       130      24.93
       134      24.69
       138      24.97
       142      25.32
       146      25.43
       150      25.75
       154      25.78
       158      25.94
       162      25.91
       166      25.88
       170      25.93
       174      25.91
       178      25.65
       182      25.89
       186      25.86
       190      25.93
       194      25.81
       198      25.87
       202      25.99
       206      26.28
       210      26.35
     214.1       26.5
     218.1      26.67
     222.1      26.46
     226.1      26.61
     230.1      26.73
     234.1      26.78
     238.1      27.11
     242.1      27.21
     246.1       27.2
     250.1      26.84
     254.1      26.87
     258.1      27.47
     262.1      27.42
     266.1      27.51
     270.1      27.39
     274.1      27.21
     278.1      27.14
     282.1      27.34
     286.1      27.62
     290.1      27.46
     294.1      27.33
     298.1       27.1
     302.1       27.8
     306.1      27.38
     310.1      27.35
     314.1      27.29
     318.1      27.44
     322.1      27.21
     326.1      26.78
     330.1      26.83
     334.1      27.38
     338.1      27.26
     342.1      27.33
     346.1      28.62
     350.1      28.04
