         6  3.506e+08
        10  1.665e+08
        14  9.847e+07
        18  6.425e+07
        22  5.218e+07
        26  3.778e+07
        30  2.896e+07
        34  2.431e+07
        38  1.752e+07
        42  1.414e+07
        46  1.091e+07
        50  1.021e+07
        54  7.474e+06
        58  5.997e+06
        62  4.167e+06
        66  4.259e+06
     70.01  2.993e+06
     74.01   2.66e+06
     78.01  2.231e+06
     82.01  1.948e+06
     86.01  1.706e+06
     90.01  1.582e+06
     94.01  1.584e+06
     98.01  1.581e+06
       102  1.355e+06
       106  1.203e+06
       110  1.032e+06
       114  1.051e+06
       118  9.376e+05
       122  9.502e+05
       126   1.13e+06
       130  9.874e+05
       134  8.577e+05
       138  1.044e+06
       142  9.587e+05
       146  8.837e+05
       150  8.458e+05
       154  7.441e+05
       158  6.703e+05
       162  7.295e+05
       166  6.745e+05
       170  6.419e+05
       174  5.707e+05
       178   5.49e+05
       182  6.474e+05
       186  5.009e+05
       190  6.011e+05
       194  7.052e+05
       198  8.132e+05
       202   6.08e+05
       206  5.064e+05
       210   4.99e+05
       214  4.836e+05
       218  7.632e+05
       222  3.635e+05
       226  3.558e+05
       230  2.802e+05
       234  3.569e+05
       238  2.518e+05
       242  3.064e+05
       246  2.588e+05
       250  2.653e+05
       254  2.425e+05
       258  1.625e+05
       262  1.673e+05
       266  1.066e+05
       270  1.262e+05
       274  7.062e+04
       278  6.747e+04
       282  7.118e+04
       286  8.086e+04
       290   6.32e+04
       294  3.049e+04
       298  3.629e+04
       302  8.012e+04
       306  3.668e+04
       310  3.041e+04
       314  2.533e+04
       318  2.856e+04
       322       4476
       326       8440
       330       4743
       334       4050
       338          0
       342          0
       346          0
       350          0
