         2  1.009e+10
         6  6.296e+10
        10  1.048e+11
        14  1.395e+11
        18  1.685e+11
        22  1.974e+11
        26  2.221e+11
        30  2.439e+11
        34  2.647e+11
        38  2.814e+11
        42  2.964e+11
        46   3.09e+11
        50  3.218e+11
        54  3.319e+11
        58  3.407e+11
        62  3.472e+11
        66  3.543e+11
     70.01  3.595e+11
     74.01  3.645e+11
     78.01  3.688e+11
     82.01  3.729e+11
     86.01  3.765e+11
     90.01  3.801e+11
     94.01  3.839e+11
     98.01  3.878e+11
       102  3.912e+11
       106  3.944e+11
       110  3.973e+11
       114  4.003e+11
       118  4.031e+11
       122   4.06e+11
       126  4.096e+11
       130  4.128e+11
       134  4.157e+11
       138  4.193e+11
       142  4.227e+11
       146   4.26e+11
       150  4.292e+11
       154   4.32e+11
       158  4.347e+11
       162  4.377e+11
       166  4.405e+11
       170  4.432e+11
       174  4.457e+11
       178  4.482e+11
       182  4.512e+11
       186  4.535e+11
       190  4.564e+11
       194  4.598e+11
       198  4.639e+11
       202  4.669e+11
       206  4.696e+11
       210  4.722e+11
       214  4.748e+11
       218   4.79e+11
       222   4.81e+11
       226   4.83e+11
       230  4.846e+11
       234  4.867e+11
       238  4.883e+11
       242  4.901e+11
       246  4.917e+11
       250  4.934e+11
       254  4.949e+11
       258   4.96e+11
       262  4.971e+11
       266  4.978e+11
       270  4.987e+11
       274  4.991e+11
       278  4.996e+11
       282  5.001e+11
       286  5.007e+11
       290  5.012e+11
       294  5.014e+11
       298  5.017e+11
       302  5.023e+11
       306  5.026e+11
       310  5.028e+11
       314   5.03e+11
       318  5.032e+11
       322  5.033e+11
       326  5.033e+11
       330  5.034e+11
       334  5.034e+11
       338  5.034e+11
       342  5.034e+11
       346  5.034e+11
       350  5.034e+11
