         2  3.168e-17
         6  6.934e-18
        10  1.996e-18
        14  1.195e-18
        18  1.387e-18
        22  1.613e-18
        26  1.189e-18
        30  8.963e-19
        34  5.563e-19
        38  3.646e-19
        42  2.725e-19
        46  2.128e-19
        50   1.67e-19
        54  1.318e-19
        58  9.363e-20
        62  8.485e-20
        66  6.558e-20
     70.01  5.319e-20
     74.01  5.644e-20
     78.01  4.266e-20
     82.01  3.515e-20
     86.01  3.876e-20
     90.01  3.652e-20
     94.01  4.747e-20
     98.01  3.627e-20
       102  3.962e-20
       106  3.472e-20
       110  3.883e-20
       114  2.505e-20
       118  2.412e-20
       122  3.611e-20
       126  2.878e-20
       130  3.033e-20
       134  2.424e-20
       138  2.536e-20
       142  2.832e-20
       146   2.06e-20
       150  2.565e-20
       154  2.094e-20
       158  1.891e-20
       162  2.012e-20
       166  2.138e-20
       170  1.557e-20
       174  1.682e-20
       178  1.829e-20
       182  1.778e-20
       186  1.256e-20
       190  1.759e-20
       194   2.49e-20
       198  9.781e-20
       202  5.109e-20
       206  7.664e-20
       210  4.954e-20
       214  1.802e-20
       218  1.384e-20
       222  6.132e-21
       226  5.496e-21
       230  1.094e-20
       234  6.882e-21
       238  6.594e-21
       242  5.758e-21
       246  5.021e-21
       250  5.012e-21
       254  6.613e-21
       258  4.536e-21
       262  5.925e-21
       266  3.858e-21
       270  2.879e-21
       274   2.57e-21
       278  4.029e-21
       282  5.198e-21
       286  7.684e-21
       290  3.071e-21
       294  4.222e-21
       298    5.9e-21
       302  7.944e-21
       306  5.332e-21
       310  4.689e-21
       314  4.784e-21
       318  3.713e-21
       322  1.088e-21
       326  5.406e-22
       330  5.227e-22
       334  1.958e-22
       338      1e-23
       342      1e-23
       346  8.638e-23
       350  6.176e-21
