         2      19.26
         6      20.91
        10      22.27
        14      22.82
        18      22.66
        22       22.5
        26      22.83
        30      23.13
        34      23.65
        38      24.11
        42      24.43
        46       24.7
        50      24.96
        54      25.22
        58      25.59
        62      25.69
        66      25.97
     70.01       26.2
     74.01      26.14
     78.01      26.44
     82.01      26.65
     86.01      26.55
     90.01      26.61
     94.01      26.33
     98.01      26.62
       102      26.52
       106      26.66
       110      26.54
       114      27.02
       118      27.06
       122      26.62
       126      26.87
       130      26.81
       134      27.05
       138      27.01
       142      26.89
       146      27.23
       150      26.99
       154      27.21
       158      27.32
       162      27.26
       166      27.19
       170      27.54
       174      27.45
       178      27.36
       182      27.39
       186      27.77
       190       27.4
       194      27.03
       198      25.54
       202      26.25
       206      25.81
       210      26.28
       214      27.38
       218      27.66
       222      28.55
       226      28.67
       230      27.92
       234      28.42
       238      28.47
       242      28.62
       246      28.76
       250      28.77
       254      28.47
       258      28.87
       262      28.58
       266      29.05
       270      29.37
       274      29.49
       278         29
       282      28.73
       286       28.3
       290       29.3
       294      28.95
       298      28.59
       302      28.27
       306       28.7
       310      28.84
       314      28.82
       318      29.09
       322      30.42
       326      31.18
       330      31.22
       334      32.29
       338      35.52
       342      35.52
       346      33.18
       350      28.54
