D1   0              135.52   1.2232e+13       207.27   1.7504e+13   1.6457e+11   2.3258e+11   2.4261e+11   1.3286e+11   1.8805e+11   2.4283e+11   2.4283e+11
D2   0              123.22   9.1941e+12       198.53   1.5383e+13   2.3449e+11   2.4788e+11   2.5638e+11   1.3656e+11    2.411e+11   2.5056e+11   2.5639e+11
D3   0              106.82   5.9896e+12       175.67   1.0658e+13   1.0672e+11   1.1773e+11   1.2145e+11   9.5846e+10   1.1044e+11   1.2154e+11   1.2154e+11
D4   0              96.135   4.3669e+12       144.78   5.9657e+12   6.8738e+10   8.2744e+10   1.2865e+11   6.0162e+10   1.2567e+11   1.2882e+11   1.2882e+11
D5   0              99.534    4.846e+12       168.68   9.4345e+12    1.593e+11   1.7407e+11   1.7946e+11    9.081e+10   1.6308e+11   1.7669e+11   1.7948e+11
D6   0              188.83   3.3094e+13       278.25    4.235e+13   1.7192e+11   3.5015e+11   4.6565e+11    9.224e+10   3.9835e+11   4.6433e+11   4.6433e+11
D7   0              213.64   4.7919e+13       314.65   6.1241e+13   2.9949e+11   3.9184e+11   4.1343e+11   2.4999e+11   3.5416e+11   4.0012e+11   4.1337e+11
D8   0              106.77   5.9816e+12       170.09   9.6734e+12   9.8671e+10   1.4765e+11   1.5138e+11    7.558e+10     1.29e+11   1.5401e+11   1.5401e+11
D9   0              120.09   8.5099e+12       179.15   1.1304e+13   1.3218e+11   1.4047e+11   1.6444e+11   8.0908e+10   1.3488e+11   1.5837e+11    1.644e+11
D10  0              145.19    1.504e+13       243.76   2.8472e+13   2.8198e+11   3.1699e+11   3.3178e+11   2.1064e+11   2.8814e+11   3.3152e+11   3.3232e+11
D11  0              140.57   1.3651e+13       207.07   1.7454e+13   1.1125e+11   1.9217e+11   2.0843e+11   7.3077e+10   1.2328e+11   1.9449e+11   2.0907e+11
D12  0              150.05   1.6603e+13       214.68   1.9448e+13   1.1708e+11   1.8707e+11   2.0112e+11    8.226e+10   1.3214e+11   2.0093e+11   2.0093e+11
D13  0              141.22   1.3842e+13       228.98   2.3599e+13   2.1204e+11   3.1825e+11   3.4112e+11   1.5132e+11   3.0173e+11   3.4075e+11   3.4129e+11
D14  0              148.64    1.614e+13       232.78   2.4795e+13   2.5387e+11   3.6405e+11   3.8696e+11   1.7725e+11   2.6101e+11   3.6912e+11   3.8694e+11
D15  0              166.24   2.2579e+13       255.39   3.2744e+13   2.4688e+11   2.9359e+11   3.8524e+11   2.0007e+11   3.0357e+11   3.6256e+11   3.8987e+11
D16  0              154.66   1.8183e+13       243.02   2.8215e+13   2.2038e+11   2.8226e+11   3.6233e+11   1.7724e+11   3.3092e+11   3.6168e+11   3.6168e+11
D17  0              144.84   1.4933e+13       215.03   1.9543e+13    1.256e+11    2.951e+11   3.4297e+11   4.6752e+10   1.4103e+11   3.2728e+11   3.4326e+11
D18  0              206.03   4.2984e+13       307.65   5.7242e+13   1.4898e+11   2.6951e+11   3.0206e+11   1.1746e+11   1.6618e+11   2.9269e+11   3.0206e+11
D19  0              131.86   1.1266e+13       201.37   1.6052e+13   1.2619e+11   2.5901e+11   2.8872e+11   9.7467e+10   2.5495e+11   2.8908e+11   2.8908e+11
D20  0               150.5   1.6751e+13       229.89   2.3884e+13   1.4478e+11   2.5292e+11   2.7959e+11   8.2093e+10   1.9554e+11   2.7941e+11   2.7941e+11
D21  0              179.48   2.8413e+13       282.19   4.4174e+13   3.7252e+11   5.2563e+11   5.8975e+11   2.4318e+11   4.3344e+11   5.7952e+11   5.8869e+11
D22  0              238.17   6.6394e+13       368.81   9.8621e+13   4.9725e+11   7.3037e+11   8.7821e+11   4.2058e+11   6.9068e+11    8.812e+11    8.812e+11
D23  0               142.1   1.4103e+13       229.61   2.3799e+13   2.8052e+11   3.1879e+11   3.3901e+11   1.5594e+11   3.1446e+11   3.3893e+11   3.3893e+11
D24  0              178.42   2.7914e+13       272.32   3.9698e+13   2.9333e+11   4.7219e+11   4.9948e+11   1.6027e+11    5.015e+11    5.015e+11    5.015e+11
D25  0              123.82   9.3302e+12       196.11   1.4826e+13   2.0192e+11   2.6717e+11   2.7587e+11   1.3831e+11   2.0865e+11   2.7101e+11   2.7591e+11
D26  0              132.88   1.1531e+13       217.87    2.033e+13   1.7583e+11   2.6204e+11   2.8978e+11    1.306e+11   2.5734e+11   2.8971e+11   2.8971e+11
D27  0              195.42   3.6682e+13       296.67   5.1325e+13    2.608e+11   3.4528e+11   3.6349e+11    2.337e+11   2.7894e+11   3.6367e+11   3.6367e+11
D28  0              117.46   7.9645e+12       183.27   1.2101e+13   1.2439e+11   1.7826e+11   2.7848e+11   6.5543e+10   1.2724e+11   1.8199e+11   2.7865e+11
D29  0              152.56   1.7454e+13       231.41    2.436e+13   1.5178e+11   1.9088e+11   2.4224e+11   1.1426e+11   1.5525e+11   1.9224e+11   2.4222e+11
