D1   0              232.59   2.7633e+13       377.78   4.7363e+13   2.2613e+11   2.9319e+11    3.715e+11   1.9051e+11   2.5894e+11   3.3295e+11   3.7066e+11
D2   0              239.53   3.0015e+13       370.16   4.4304e+13   2.2153e+11    3.154e+11   3.4705e+11   2.0021e+11   3.2084e+11   3.4699e+11   3.4699e+11
D3   0              249.48   3.4101e+13       377.95   4.7426e+13   2.3123e+11   4.3265e+11   5.4725e+11   1.9493e+11   3.3947e+11   5.4486e+11   5.4486e+11
D4   0              187.62   1.4421e+13       271.27   1.7439e+13   1.4781e+11    1.581e+11   1.6576e+11   1.1995e+11   1.5104e+11    1.659e+11    1.659e+11
D5   0               220.3   2.3346e+13       356.46   3.9569e+13   1.5823e+11   3.4778e+11   4.3028e+11    1.336e+11   3.1085e+11   4.3272e+11   4.3272e+11
D6   0              293.77    5.568e+13       474.84   9.4054e+13   2.9188e+11   4.1595e+11   6.4021e+11   2.8197e+11   3.5225e+11   6.0677e+11   6.4153e+11
D7   0               332.3   8.0577e+13       524.02   1.2641e+14   3.7933e+11   5.3715e+11   6.8333e+11   4.0833e+11   4.7947e+11   6.5562e+11   6.8345e+11
D8   0              303.36   6.0966e+13       456.24   8.2959e+13   1.4636e+11   3.6734e+11   6.5001e+11   1.4951e+11    3.998e+11   6.4184e+11   6.4617e+11
D9   0              196.86   1.6662e+13       315.19   2.7353e+13   2.0439e+11   2.6573e+11   3.1498e+11   1.6247e+11   2.2485e+11   2.8004e+11   3.1465e+11
D10  0              301.13    5.997e+13       456.43   8.3534e+13   1.2187e+11   1.7055e+11   2.2799e+11   1.2212e+11    1.571e+11   2.2823e+11   2.2823e+11
D11  0              275.34   4.5843e+13       427.99   6.8872e+13   1.7257e+11   4.5819e+11   6.1683e+11   1.5961e+11   2.0787e+11   5.1697e+11   6.1595e+11
D12  0              328.33   7.7293e+13       490.54   1.0311e+14   1.5156e+11   2.5095e+11   3.1156e+11   1.7976e+11   2.4324e+11   3.1028e+11   3.1028e+11
D13  0              273.97    4.516e+13       425.81   6.7818e+13   2.8621e+11   4.6992e+11    5.354e+11   2.6944e+11   3.5606e+11   5.0927e+11   5.3602e+11
D14  0              330.39   7.9206e+13       504.38   1.1272e+14   2.8964e+11   5.2596e+11   6.8184e+11   3.0025e+11   3.2848e+11    6.816e+11    6.816e+11
D15  0              328.69   7.7984e+13       507.65   1.1493e+14   3.6707e+11   5.4778e+11   7.0348e+11   4.1391e+11   4.3981e+11   6.0884e+11   7.0572e+11
D16  0              339.64    8.604e+13       533.27   1.3321e+14   1.8235e+11   2.4371e+11   2.8986e+11    2.021e+11   1.9884e+11   2.6823e+11   2.9001e+11
D17  0              341.37   8.7354e+13       494.44   1.0618e+14   3.7261e+11    5.809e+11   8.1759e+11   4.0519e+11   6.2591e+11   7.9755e+11   8.1379e+11
D18  0              342.26   8.8045e+13       532.52   1.3266e+14   4.6213e+11   5.8867e+11     7.45e+11   4.9712e+11   5.0539e+11    6.357e+11   7.4363e+11
D19  0              265.37   4.1038e+13       438.16     7.39e+13   2.4896e+11    4.322e+11   5.0527e+11   2.2388e+11   2.8705e+11   4.5721e+11   5.0628e+11
D20  0              410.35   1.5175e+14       607.64   1.9709e+14    1.831e+11   2.7169e+11   3.4608e+11   2.4462e+11   3.0575e+11   3.4475e+11   3.4475e+11
D21  0              329.78   7.8764e+13       519.34   1.2304e+14   4.1349e+11   6.2489e+11   7.2946e+11   4.4709e+11   5.0965e+11   7.3013e+11   7.3013e+11
D22  0              417.14   1.5942e+14       650.42   2.4172e+14   4.5236e+11   7.6217e+11   9.5612e+11    6.393e+11   7.3356e+11   9.5991e+11   9.5991e+11
D23  0              275.15   4.5746e+13          427   6.8392e+13   3.3013e+11   4.6374e+11   5.4394e+11   3.1297e+11   4.1146e+11   5.1119e+11   5.4496e+11
D24  0              352.49   9.6185e+13       550.93    1.469e+14   3.4833e+11   5.6858e+11   7.2683e+11   4.3769e+11   4.5923e+11   6.8387e+11   7.2689e+11
D25  0              213.41   2.1226e+13       358.53   4.0262e+13   2.2007e+11   2.6373e+11   3.5124e+11   1.8382e+11   2.3176e+11   2.7986e+11   3.5152e+11
D26  0              306.68   6.3351e+13        454.5   8.2476e+13   1.7869e+11   3.5645e+11   4.0027e+11   1.8926e+11    3.717e+11   4.0539e+11   4.0539e+11
D27  0               388.9   1.2916e+14       588.42   1.7897e+14   5.2539e+11   7.3937e+11   9.6994e+11   6.1577e+11   6.1767e+11   9.6938e+11   9.6938e+11
D28  0              267.49   4.2032e+13        441.9   7.5795e+13   2.3657e+11   2.8264e+11   3.2095e+11   2.2375e+11   2.5173e+11   3.0012e+11   3.2028e+11
D29  0              281.57   4.9028e+13       436.45   7.3036e+13   3.7256e+11   4.8141e+11   5.3301e+11   3.5935e+11   4.1513e+11   5.3125e+11   5.3125e+11
