D1   0              658.73   2.3084e+14       998.82   3.2186e+14   3.3235e+11   5.3326e+11   6.0804e+11   5.9593e+11   4.3217e+11   6.0851e+11   6.0851e+11
D2   0              540.26   1.2734e+14       856.54   2.0299e+14   3.6777e+11   5.0685e+11   6.2888e+11   5.4251e+11   4.9292e+11   6.0022e+11   6.2826e+11
D3   0              543.48   1.2963e+14       867.65     2.11e+14     2.71e+11   4.5139e+11   6.0877e+11   4.8576e+11   4.9329e+11   6.1061e+11   6.1061e+11
D4   0              344.16   3.2919e+13       542.11   5.1459e+13   2.2887e+11   2.9246e+11   4.1678e+11   2.4599e+11   2.7746e+11   4.1703e+11   4.1703e+11
D5   0              380.54   4.4499e+13       605.08    7.156e+13   2.9685e+11   4.6377e+11   5.4337e+11   3.5183e+11   3.6887e+11   4.9785e+11   5.4347e+11
D6   0               602.9   1.7697e+14       937.86   2.6645e+14   3.4348e+11   7.0428e+11   9.8382e+11   8.6079e+11   4.8257e+11   9.1195e+11   9.8249e+11
D7   0              627.54   1.9957e+14       958.91   2.8482e+14   4.1865e+11   6.3543e+11   8.5005e+11   7.9922e+11   5.0703e+11   8.1749e+11   8.5057e+11
D8   0              501.44   1.0182e+14       760.68   1.4218e+14   4.6652e+11   6.6551e+11   8.0322e+11   6.6662e+11   6.5602e+11   8.0131e+11   8.0131e+11
D9   0              374.33   4.2356e+13       574.67   6.1304e+13   2.1702e+11   3.1696e+11    4.138e+11   2.5501e+11   2.7107e+11   4.0033e+11   4.1429e+11
D10  0              786.69   3.9315e+14       1205.7   5.6622e+14   2.6761e+11   5.9708e+11   8.5256e+11   9.2768e+11   3.8183e+11   7.6001e+11   9.2687e+11
D11  0              479.24   8.8887e+13        807.9   1.7033e+14   2.4036e+11   3.0743e+11   3.5541e+11   3.0191e+11   2.9815e+11   3.5455e+11   3.5455e+11
D12  0              550.67   1.3485e+14       911.17   2.4436e+14   2.9632e+11   5.5531e+11   7.4306e+11   6.1369e+11   5.1928e+11   7.4232e+11   7.4232e+11
D13  0              534.59   1.2337e+14       839.72   1.9127e+14   3.3773e+11    5.011e+11   6.4148e+11   5.2693e+11    4.572e+11   6.1515e+11   6.4068e+11
D14  0              785.88   3.9195e+14       1226.3   5.9567e+14   5.9272e+11   9.1742e+11    1.211e+12   1.2852e+12   9.2923e+11   1.2436e+12   1.2832e+12
D15  0              678.94   2.5272e+14       1017.9   3.4063e+14   4.6262e+11   7.2004e+11   9.6715e+11   9.3455e+11   6.1452e+11   9.6402e+11   9.6638e+11
D16  0              870.33   5.3236e+14       1253.2    6.357e+14   3.5309e+11   6.2281e+11   9.9834e+11   1.3254e+12   7.3853e+11   1.2488e+12   1.3264e+12
D17  0              532.41   1.2187e+14       835.29   1.8825e+14   5.9072e+11   8.5618e+11   1.0242e+12   8.8539e+11   8.3133e+11   1.0247e+12   1.0247e+12
D18  0              697.82   2.7439e+14       1070.9   3.9669e+14   5.8904e+11   8.4681e+11   1.0363e+12   1.0342e+12   7.3573e+11   1.0088e+12   1.0357e+12
D19  0              875.71   5.4233e+14       1238.8   6.1404e+14   3.0002e+11   5.0268e+11    6.239e+11   8.5585e+11   3.9754e+11   5.8386e+11   7.3895e+11
D20  0              665.23   2.3773e+14       1046.1   3.6983e+14   5.1335e+11    7.708e+11   1.0294e+12   9.7312e+11   7.5384e+11    1.029e+12    1.029e+12
D21  0                 737   3.2326e+14       1130.1   4.6611e+14   6.9168e+11   1.0524e+12   1.3071e+12   1.3487e+12   1.0026e+12   1.3475e+12   1.3475e+12
D22  0              712.11    2.916e+14       1073.3    3.993e+14   5.0319e+11   8.8196e+11   1.1474e+12   1.1623e+12   6.5821e+11   1.0841e+12   1.1628e+12
D23  0              535.73   1.2417e+14       840.99   1.9212e+14   3.5569e+11   5.1261e+11   6.3095e+11   5.3368e+11   4.3849e+11   5.8701e+11   6.3044e+11
D24  0              742.65   3.3074e+14       1226.2   5.9561e+14   5.5247e+11   8.6142e+11   1.1219e+12   1.1687e+12   7.9169e+11    1.175e+12    1.175e+12
D25  0              468.59   8.3084e+13       721.68   1.2142e+14   2.7794e+11   3.6341e+11   4.4511e+11   3.5233e+11   3.7785e+11   4.4163e+11   4.4163e+11
D26  0              861.25   5.1588e+14       1294.2   7.0023e+14   3.7927e+11   6.1816e+11   9.7273e+11   1.1877e+12   5.9436e+11   1.0437e+12   1.1963e+12
D27  0              678.68   2.5244e+14       1046.5   3.7026e+14   5.7025e+11   8.6967e+11   1.0634e+12   1.0484e+12   6.8863e+11   9.8708e+11   1.0646e+12
D28  0              526.26   1.1769e+14       814.22   1.7435e+14    4.719e+11    7.369e+11   9.9461e+11   7.6634e+11   6.1928e+11   9.2378e+11   9.9662e+11
D29  0              608.56     1.82e+14        956.3   2.8248e+14   3.4677e+11   5.8776e+11   8.7674e+11   7.4706e+11   5.3463e+11   8.6887e+11   8.7738e+11
