D1   0              1597.9   1.2294e+15       2441.6   1.7546e+15   5.2272e+11   1.0325e+12   1.4709e+12   3.4221e+12   8.5098e+11   1.5327e+12   2.1764e+12
D2   0              1040.1   3.3906e+14       1650.1   5.4158e+14   3.6183e+11   6.2729e+11   8.7864e+11   1.2022e+12   6.7805e+11    1.064e+12   1.2021e+12
D3   0              1156.1   4.6556e+14       1780.2   6.8008e+14   4.0014e+11   8.6346e+11   1.1992e+12   1.7396e+12   7.2184e+11   1.3272e+12    1.738e+12
D4   0                1028   3.2743e+14       1633.5   5.2541e+14   3.7097e+11   5.8646e+11   7.5494e+11   1.0161e+12   4.4879e+11   6.8729e+11   8.7689e+11
D5   0               713.4   1.0942e+14       1166.2   1.9119e+14   2.3571e+11   4.1373e+11   5.7823e+11   5.8821e+11   3.2612e+11   5.2262e+11   5.8675e+11
D6   0              1503.2   1.0236e+15       2343.3   1.5508e+15   3.3747e+11   6.3291e+11    9.311e+11     2.37e+12   7.0974e+11   1.2307e+12   1.7384e+12
D7   0              1512.1    1.042e+15       2333.8   1.5322e+15   6.2425e+11   1.1743e+12   1.6636e+12   3.5136e+12   8.2645e+11   1.4805e+12   2.0764e+12
D8   0              1539.4   1.0994e+15       2424.4   1.7178e+15   4.1758e+11    7.732e+11     1.12e+12    2.388e+12   7.3638e+11   1.3214e+12   2.0198e+12
D9   0              676.45   9.3273e+13       1050.2   1.3964e+14   1.9999e+11   3.3557e+11   4.4499e+11   4.3273e+11   2.4147e+11   3.7712e+11   4.4475e+11
D10  0              1494.2   1.0052e+15       2288.1    1.444e+15   5.7476e+11   1.1455e+12    1.688e+12   3.5996e+12   7.5596e+11   1.4135e+12   1.9913e+12
D11  0              1409.1   8.4301e+14       2148.4   1.1953e+15   3.7629e+11    7.771e+11   1.1789e+12   2.8023e+12   8.4762e+11   1.5539e+12   2.3189e+12
D12  0              1715.6   1.5216e+15       2631.4   2.1963e+15    3.989e+11   7.3828e+11   1.0451e+12   2.4147e+12   7.1159e+11   1.2409e+12    1.645e+12
D13  0              1536.6   1.0934e+15       2302.4   1.4713e+15   3.7687e+11   6.9992e+11   1.0702e+12   2.6954e+12   5.3257e+11   9.6777e+11   1.4182e+12
D14  0              1687.6   1.4481e+15       2544.1    1.985e+15   5.8519e+11   1.0067e+12   1.3714e+12   3.4598e+12    9.481e+11   1.5538e+12   2.0455e+12
D15  0              1635.4   1.3182e+15       2503.5   1.8914e+15   4.7215e+11   8.7396e+11   1.2369e+12   2.8871e+12   9.5448e+11   1.6408e+12    2.306e+12
D16  0              2053.7   2.6102e+15       3161.6   3.8096e+15   6.0855e+11   1.1271e+12   1.6214e+12   4.0389e+12    9.038e+11   1.5063e+12   2.1307e+12
D17  0              1579.5   1.1874e+15         2548   1.9942e+15     4.45e+11   8.0698e+11   1.1047e+12   1.9326e+12   7.5984e+11   1.1604e+12   1.5261e+12
D18  0              1383.5   7.9796e+14       2141.7   1.1841e+15   5.6867e+11   1.0634e+12   1.5277e+12   2.6692e+12   8.5473e+11   1.4908e+12   2.0351e+12
D19  0              1448.2   9.1537e+14       2364.8   1.5941e+15   5.2691e+11   9.3287e+11   1.2991e+12   2.7691e+12   7.0488e+11   1.1815e+12   1.6677e+12
D20  0              1619.9   1.2809e+15       2545.8   1.9887e+15   5.0266e+11    9.152e+11   1.3067e+12   2.8472e+12   1.1109e+12   1.8333e+12    2.464e+12
D21  0              1622.9    1.288e+15       2391.2    1.648e+15   6.5104e+11   1.1284e+12    1.723e+12   3.3277e+12   1.2688e+12   2.1329e+12   2.7585e+12
D22  0              1767.3   1.6634e+15       2620.2   2.1684e+15   5.4207e+11   1.0571e+12   1.5182e+12   3.9592e+12   7.7328e+11   1.3853e+12   1.9567e+12
D23  0              1539.3   1.0991e+15       2301.1   1.4688e+15   5.6771e+11   9.6954e+11    1.288e+12   2.5407e+12   7.3903e+11   1.1738e+12   1.5761e+12
D24  0                1564   1.1529e+15       2325.9   1.5167e+15    5.673e+11   1.0767e+12   1.5279e+12   3.1542e+12   1.1825e+12   2.0818e+12   2.7755e+12
D25  0              1303.9   6.6799e+14       2093.5    1.106e+15   3.3677e+11   5.5615e+11    7.445e+11   1.3155e+12   5.4709e+11   8.8659e+11   1.1213e+12
D26  0              1537.4   1.0951e+15         2440   1.7512e+15   5.4422e+11   1.0659e+12   1.5128e+12   3.2734e+12   8.3742e+11   1.5523e+12   2.0721e+12
D27  0              1570.4   1.1669e+15       2484.1   1.8477e+15   4.9477e+11   8.9353e+11    1.255e+12   2.6368e+12   6.7046e+11   1.1352e+12   1.5409e+12
D28  0              1776.8   1.6904e+15         2613   2.1505e+15   4.1665e+11    6.558e+11    9.712e+11   2.2939e+12   6.8041e+11   1.1062e+12   1.6585e+12
D29  0              1572.7   1.1722e+15       2429.7   1.7289e+15   3.2789e+11   6.4931e+11   9.3738e+11    2.138e+12   4.7878e+11   8.9547e+11    1.267e+12
