     2.001      18.16
     6.002      20.67
        10      20.88
        14      21.19
        18      21.51
     22.01      21.68
     26.01      21.89
     30.01      21.89
     34.01      21.87
     38.01      22.02
     42.01      22.36
     46.01       22.4
     50.01      22.46
     54.01      22.45
     58.02      22.77
     62.02      23.02
     66.02      23.12
     70.02      23.14
     74.02      23.27
     78.02      23.36
     82.02      23.39
     86.02      23.51
     90.02      23.42
     94.03       23.5
     98.03      23.58
       102      23.86
       106      23.79
       110      23.87
       114      23.98
       118      23.95
       122      24.08
       126      24.14
       130      24.16
       134      24.23
       138      24.26
       142      24.23
       146      24.38
       150      24.38
       154      24.39
       158      24.34
       162      24.42
       166      24.62
       170      24.65
       174      24.66
       178      24.24
     182.1      24.76
     186.1      24.88
     190.1      24.91
     194.1      24.94
     198.1      24.78
     202.1      24.91
     206.1      24.95
     210.1         25
     214.1      25.12
     218.1      25.15
     222.1      25.16
     226.1       25.3
     230.1      25.16
     234.1      25.18
     238.1      25.32
     242.1      25.37
     246.1      25.36
     250.1      25.35
     254.1      25.35
     258.1       25.4
     262.1      25.53
     266.1      25.33
     270.1      25.47
     274.1      25.68
     278.1      25.65
     282.1      25.83
     286.1      25.83
     290.1      25.63
     294.1      25.91
     298.1      25.75
     302.1      25.82
     306.1      25.96
     310.1      25.98
     314.1      26.01
     318.1      25.85
     322.1      25.82
     326.1      25.51
     330.1      25.48
     334.1       25.8
     338.1      26.04
     342.1      26.23
     346.1      26.12
     350.1      25.92
