     2.001  2.632e+10
     6.002  9.423e+10
        10  1.889e+11
        14  2.937e+11
        18   4.09e+11
     22.01  5.257e+11
     26.01  6.452e+11
     30.01  7.728e+11
     34.01  8.984e+11
     38.01  1.029e+12
     42.01  1.157e+12
     46.01  1.285e+12
     50.01   1.41e+12
     54.01  1.533e+12
     58.02  1.643e+12
     62.02  1.753e+12
     66.02  1.863e+12
     70.02  1.971e+12
     74.02  2.078e+12
     78.02  2.185e+12
     82.02  2.289e+12
     86.02   2.39e+12
     90.02   2.49e+12
     94.03  2.589e+12
     98.03  2.688e+12
       102  2.787e+12
       106   2.89e+12
       110  2.994e+12
       114  3.096e+12
       118    3.2e+12
       122  3.294e+12
       126   3.38e+12
       130  3.462e+12
       134  3.544e+12
       138  3.631e+12
       142  3.715e+12
       146  3.801e+12
       150  3.884e+12
       154  3.968e+12
       158  4.051e+12
       162   4.13e+12
       166  4.204e+12
       170  4.274e+12
       174  4.341e+12
       178   4.41e+12
     182.1  4.478e+12
     186.1  4.548e+12
     190.1  4.616e+12
     194.1  4.685e+12
     198.1  4.753e+12
     202.1  4.818e+12
     206.1  4.879e+12
     210.1  4.937e+12
     214.1  4.996e+12
     218.1  5.049e+12
     222.1  5.103e+12
     226.1  5.158e+12
     230.1  5.214e+12
     234.1  5.271e+12
     238.1  5.325e+12
     242.1  5.377e+12
     246.1  5.432e+12
     250.1  5.483e+12
     254.1  5.526e+12
     258.1  5.561e+12
     262.1  5.592e+12
     266.1  5.621e+12
     270.1  5.644e+12
     274.1  5.667e+12
     278.1  5.685e+12
     282.1  5.701e+12
     286.1  5.715e+12
     290.1  5.727e+12
     294.1  5.739e+12
     298.1  5.749e+12
     302.1  5.759e+12
     306.1  5.767e+12
     310.1  5.774e+12
     314.1  5.781e+12
     318.1  5.787e+12
     322.1  5.792e+12
     326.1  5.796e+12
     330.1    5.8e+12
     334.1  5.802e+12
     338.1  5.804e+12
     342.1  5.806e+12
     346.1  5.807e+12
     350.1  5.808e+12
