     2.001  7.928e-18
     6.002  6.785e-18
        10  5.101e-18
        14  4.814e-18
        18  4.745e-18
     22.01  3.796e-18
     26.01   3.34e-18
     30.01  3.269e-18
     34.01  3.296e-18
     38.01  2.956e-18
     42.01  2.596e-18
     46.01  1.959e-18
     50.01   1.97e-18
     54.01  1.783e-18
     58.02  1.368e-18
     62.02  1.493e-18
     66.02   1.75e-18
     70.02  1.655e-18
     74.02   1.23e-18
     78.02  9.772e-19
     82.02  7.946e-19
     86.02  7.858e-19
     90.02  7.487e-19
     94.03  6.698e-19
     98.03  6.409e-19
       102  6.488e-19
       106  5.877e-19
       110  5.945e-19
       114  5.547e-19
       118  6.435e-19
       122  5.547e-19
       126  4.326e-19
       130  4.018e-19
       134  3.841e-19
       138   4.04e-19
       142  3.825e-19
       146  3.812e-19
       150  3.666e-19
       154  3.699e-19
       158  3.342e-19
       162  3.071e-19
       166  2.893e-19
       170  3.804e-19
       174  2.686e-19
       178  2.824e-19
     182.1  2.962e-19
     186.1  2.275e-19
     190.1  2.378e-19
     194.1  2.216e-19
     198.1  1.994e-19
     202.1  1.879e-19
     206.1  1.871e-19
     210.1    1.9e-19
     214.1  1.657e-19
     218.1  1.568e-19
     222.1  1.663e-19
     226.1  1.584e-19
     230.1   1.51e-19
     234.1  1.538e-19
     238.1  1.382e-19
     242.1  1.425e-19
     246.1  1.368e-19
     250.1  1.296e-19
     254.1  1.284e-19
     258.1  1.218e-19
     262.1  1.145e-19
     266.1   1.11e-19
     270.1  1.015e-19
     274.1  1.029e-19
     278.1  9.787e-20
     282.1   9.15e-20
     286.1  8.524e-20
     290.1   7.47e-20
     294.1  8.461e-20
     298.1  8.154e-20
     302.1  8.526e-20
     306.1  8.428e-20
     310.1  8.269e-20
     314.1  8.259e-20
     318.1   7.56e-20
     322.1  6.674e-20
     326.1  5.717e-20
     330.1  6.348e-20
     334.1  5.678e-20
     338.1  7.117e-20
     342.1  4.308e-20
     346.1  9.319e-20
     350.1  5.775e-20
