     6.001  4.168e+08
        10  2.667e+08
        14  2.094e+08
        18  1.671e+08
     22.01  1.347e+08
     26.01  1.068e+08
     30.01  7.843e+07
     34.01  6.403e+07
     38.01   5.56e+07
     42.01   4.65e+07
     46.01  3.974e+07
     50.01  3.323e+07
     54.01  2.712e+07
     58.01  2.267e+07
     62.01  2.062e+07
     66.02  1.716e+07
     70.02  1.442e+07
     74.02  1.276e+07
     78.02  1.384e+07
     82.02  1.127e+07
     86.02  1.095e+07
     90.02  1.182e+07
     94.02  1.304e+07
     98.02  1.157e+07
       102  1.135e+07
       106  1.151e+07
       110  1.022e+07
       114  9.373e+06
       118  8.819e+06
       122  8.945e+06
       126  8.664e+06
       130  8.483e+06
       134   8.74e+06
       138  8.257e+06
       142  7.644e+06
       146  7.317e+06
       150  6.401e+06
       154  5.915e+06
       158  5.367e+06
       162  5.035e+06
       166  4.057e+06
       170  3.863e+06
       174  3.374e+06
       178  3.115e+06
       182  2.938e+06
       186  2.913e+06
       190  2.722e+06
       194   2.14e+06
       198  2.181e+06
       202  2.084e+06
       206  1.812e+06
       210   1.99e+06
     214.1  2.028e+06
     218.1  1.586e+06
     222.1  1.606e+06
     226.1  1.712e+06
     230.1  1.581e+06
     234.1  1.385e+06
     238.1  1.151e+06
     242.1  9.945e+05
     246.1  8.618e+05
     250.1  8.714e+05
     254.1   6.55e+05
     258.1  4.687e+05
     262.1  4.167e+05
     266.1  3.812e+05
     270.1  3.269e+05
     274.1  3.251e+05
     278.1  2.384e+05
     282.1   2.38e+05
     286.1  2.001e+05
     290.1  1.214e+05
     294.1  1.268e+05
     298.1   8.63e+04
     302.1   7.08e+04
     306.1  6.766e+04
     310.1   4.04e+04
     314.1  4.433e+04
     318.1  3.296e+04
     322.1       9870
     326.1          0
     330.1       5490
     334.1  1.475e+04
     338.1  1.269e+04
     342.1       4424
     346.1          0
     350.1          0
