         2  1.374e+10
     6.001  7.662e+10
        10  1.437e+11
        14  2.174e+11
        18   2.93e+11
     22.01  3.675e+11
     26.01  4.374e+11
     30.01  4.965e+11
     34.01  5.513e+11
     38.01  6.044e+11
     42.01  6.535e+11
     46.01  6.995e+11
     50.01  7.413e+11
     54.01  7.781e+11
     58.01  8.112e+11
     62.01  8.433e+11
     66.02  8.718e+11
     70.02  8.972e+11
     74.02  9.209e+11
     78.02   9.48e+11
     82.02  9.713e+11
     86.02   9.95e+11
     90.02  1.022e+12
     94.02  1.053e+12
     98.02  1.081e+12
       102   1.11e+12
       106  1.141e+12
       110  1.169e+12
       114  1.196e+12
       118  1.222e+12
       122   1.25e+12
       126  1.277e+12
       130  1.305e+12
       134  1.334e+12
       138  1.363e+12
       142   1.39e+12
       146  1.417e+12
       150  1.441e+12
       154  1.464e+12
       158  1.485e+12
       162  1.506e+12
       166  1.523e+12
       170  1.539e+12
       174  1.554e+12
       178  1.568e+12
       182  1.582e+12
       186  1.595e+12
       190  1.608e+12
       194  1.619e+12
       198  1.629e+12
       202   1.64e+12
       206  1.649e+12
       210   1.66e+12
     214.1  1.671e+12
     218.1   1.68e+12
     222.1  1.688e+12
     226.1  1.698e+12
     230.1  1.707e+12
     234.1  1.716e+12
     238.1  1.722e+12
     242.1  1.728e+12
     246.1  1.734e+12
     250.1  1.739e+12
     254.1  1.743e+12
     258.1  1.746e+12
     262.1  1.749e+12
     266.1  1.752e+12
     270.1  1.754e+12
     274.1  1.756e+12
     278.1  1.758e+12
     282.1   1.76e+12
     286.1  1.761e+12
     290.1  1.762e+12
     294.1  1.763e+12
     298.1  1.763e+12
     302.1  1.764e+12
     306.1  1.765e+12
     310.1  1.765e+12
     314.1  1.765e+12
     318.1  1.765e+12
     322.1  1.766e+12
     326.1  1.766e+12
     330.1  1.766e+12
     334.1  1.766e+12
     338.1  1.766e+12
     342.1  1.766e+12
     346.1  1.766e+12
     350.1  1.766e+12
