         2  1.613e-16
     6.001  1.523e-17
        10  1.016e-17
        14  7.613e-18
        18  6.327e-18
     22.01  5.248e-18
     26.01  4.918e-18
     30.01  4.406e-18
     34.01   3.42e-18
     38.01  2.593e-18
     42.01  2.728e-18
     46.01  1.832e-18
     50.01  2.197e-18
     54.01  1.467e-18
     58.01  1.321e-18
     62.01  1.302e-18
     66.02   9.02e-19
     70.02  7.667e-19
     74.02  8.699e-19
     78.02  9.896e-19
     82.02  7.719e-19
     86.02  6.265e-19
     90.02  6.488e-19
     94.02   5.59e-19
     98.02  5.462e-19
       102  6.925e-19
       106  5.316e-19
       110  4.805e-19
       114  4.328e-19
       118  4.595e-19
       122  4.479e-19
       126   3.93e-19
       130  3.837e-19
       134  3.861e-19
       138  3.773e-19
       142   3.66e-19
       146  3.525e-19
       150  3.573e-19
       154  3.095e-19
       158  2.455e-19
       162  2.248e-19
       166  1.732e-19
       170  1.691e-19
       174  1.524e-19
       178  1.406e-19
       182  1.416e-19
       186   1.38e-19
       190  1.327e-19
       194  1.088e-19
       198  1.149e-19
       202  1.085e-19
       206  1.168e-19
       210  1.339e-19
     214.1  1.922e-19
     218.1  1.586e-19
     222.1  2.792e-19
     226.1  2.445e-19
     230.1  1.365e-19
     234.1  9.298e-20
     238.1  1.088e-19
     242.1  6.927e-20
     246.1   8.07e-20
     250.1  7.936e-20
     254.1  6.767e-20
     258.1  8.353e-20
     262.1  5.668e-20
     266.1  4.596e-20
     270.1  3.838e-20
     274.1  4.157e-20
     278.1  3.287e-20
     282.1  3.364e-20
     286.1  2.342e-20
     290.1  3.049e-20
     294.1  2.805e-20
     298.1  2.223e-20
     302.1  1.694e-20
     306.1   2.88e-20
     310.1  1.468e-20
     314.1  2.548e-20
     318.1  5.489e-21
     322.1  1.458e-21
     326.1  5.879e-21
     330.1  7.397e-21
     334.1  6.893e-21
     338.1  7.104e-21
     342.1  2.148e-21
     346.1  1.835e-22
     350.1  1.524e-20
