         2       17.5
     6.001      20.06
        10       20.5
        14      20.81
        18      21.01
     22.01      21.22
     26.01      21.29
     30.01      21.41
     34.01      21.68
     38.01      21.98
     42.01      21.93
     46.01      22.36
     50.01      22.16
     54.01       22.6
     58.01      22.71
     62.01      22.73
     66.02      23.13
     70.02       23.3
     74.02      23.17
     78.02      23.03
     82.02       23.3
     86.02      23.52
     90.02      23.49
     94.02      23.65
     98.02      23.67
       102      23.42
       106       23.7
       110      23.81
       114      23.93
       118      23.86
       122      23.89
       126      24.03
       130      24.06
       134      24.05
       138      24.07
       142      24.11
       146      24.15
       150      24.13
       154      24.29
       158      24.54
       162      24.64
       166      24.92
       170      24.95
       174      25.06
       178      25.15
       182      25.14
       186      25.17
       190      25.21
       194      25.42
       198      25.37
       202      25.43
       206      25.35
       210       25.2
     214.1      24.81
     218.1      25.02
     222.1       24.4
     226.1      24.55
     230.1      25.18
     234.1       25.6
     238.1      25.42
     242.1      25.91
     246.1      25.75
     250.1      25.77
     254.1      25.94
     258.1      25.71
     262.1      26.13
     266.1      26.36
     270.1      26.56
     274.1      26.47
     278.1      26.72
     282.1       26.7
     286.1      27.09
     290.1      26.81
     294.1       26.9
     298.1      27.15
     302.1      27.44
     306.1      26.87
     310.1       27.6
     314.1         27
     318.1      28.67
     322.1      30.11
     326.1      28.59
     330.1      28.34
     334.1      28.42
     338.1      28.39
     342.1      29.69
     346.1      32.36
     350.1      27.56
