     6.083  2.072e+08
     10.14  2.624e+07
     14.19    1.1e+07
     18.25   4.25e+06
      22.3  3.931e+06
     26.36  1.853e+06
     30.41  2.494e+06
     34.47   1.76e+06
     38.52  4.629e+06
     42.58  1.945e+06
     46.63  1.455e+06
     50.69    8.7e+05
     54.74  2.351e+05
      58.8  1.578e+05
     62.85  2.899e+05
     66.91  1.636e+05
     70.97  6.917e+04
     75.02  4.348e+04
     79.08   1.89e+05
     83.13  9.242e+04
     87.19   2.41e+05
     91.24  1.515e+05
      95.3  7.994e+04
     99.35  9.297e+04
     103.4  2.538e+05
     107.5  5.607e+05
     111.5  5.415e+04
     115.6  2.782e+04
     119.6  1.273e+04
     123.7          0
     127.7  2.464e+04
     131.8   1.23e+04
     135.8          0
     139.9          0
       144          0
       148          0
     152.1          0
     156.1          0
     160.2          0
     164.2       9349
     168.3          0
     172.3          0
     176.4          0
     180.5          0
     184.5       8404
     188.6          0
     192.6          0
     196.7          0
     200.7          0
     204.8          0
     208.8          0
     212.9          0
       217          0
       221          0
     225.1          0
     229.1          0
