     2.028  6.177e+10
     6.083  9.388e+10
     10.14  1.007e+11
     14.19  1.046e+11
     18.25  1.066e+11
      22.3  1.089e+11
     26.36  1.101e+11
     30.41   1.12e+11
     34.47  1.136e+11
     38.52  1.181e+11
     42.58  1.202e+11
     46.63   1.22e+11
     50.69  1.231e+11
     54.74  1.234e+11
      58.8  1.236e+11
     62.85  1.241e+11
     66.91  1.244e+11
     70.97  1.245e+11
     75.02  1.246e+11
     79.08   1.25e+11
     83.13  1.252e+11
     87.19  1.257e+11
     91.24  1.261e+11
      95.3  1.263e+11
     99.35  1.265e+11
     103.4  1.272e+11
     107.5  1.287e+11
     111.5  1.288e+11
     115.6  1.289e+11
     119.6   1.29e+11
     123.7   1.29e+11
     127.7   1.29e+11
     131.8  1.291e+11
     135.8  1.291e+11
     139.9  1.291e+11
       144  1.291e+11
       148  1.291e+11
     152.1  1.291e+11
     156.1  1.291e+11
     160.2  1.291e+11
     164.2  1.291e+11
     168.3  1.291e+11
     172.3  1.291e+11
     176.4  1.291e+11
     180.5  1.291e+11
     184.5  1.292e+11
     188.6  1.292e+11
     192.6  1.292e+11
     196.7  1.292e+11
     200.7  1.292e+11
     204.8  1.292e+11
     208.8  1.292e+11
     212.9  1.292e+11
       217  1.292e+11
       221  1.292e+11
     225.1  1.292e+11
     229.1  1.292e+11
