     2.028  6.426e-17
     6.083  3.649e-18
     10.14  8.572e-19
     14.19  4.148e-19
     18.25  2.249e-19
      22.3  1.878e-19
     26.36  1.565e-19
     30.41  1.309e-19
     34.47  1.891e-19
     38.52  2.033e-19
     42.58  1.217e-19
     46.63  1.816e-19
     50.69  6.727e-20
     54.74  1.382e-20
      58.8  2.214e-20
     62.85  1.135e-20
     66.91  1.741e-20
     70.97  2.207e-21
     75.02  7.114e-21
     79.08  1.187e-20
     83.13    1.5e-20
     87.19  1.805e-20
     91.24  9.447e-21
      95.3  4.568e-21
     99.35  8.778e-21
     103.4   3.79e-20
     107.5   8.88e-21
     111.5  6.979e-22
     115.6  4.079e-21
     119.6  1.324e-22
     123.7  1.397e-22
     127.7  2.418e-21
     131.8  1.431e-21
     135.8      1e-23
     139.9      1e-23
       144      1e-23
       148      1e-23
     152.1      1e-23
     156.1      1e-23
     160.2  1.461e-22
     164.2  6.825e-22
     168.3      1e-23
     172.3      1e-23
     176.4      1e-23
     180.5  1.611e-21
     184.5      1e-23
     188.6      1e-23
     192.6      1e-23
     196.7      1e-23
     200.7      1e-23
     204.8      1e-23
     208.8      1e-23
     212.9      1e-23
       217      1e-23
       221      1e-23
     225.1      1e-23
     229.1      1e-23
