     2.028       18.5
     6.083      21.61
     10.14      23.18
     14.19      23.97
     18.25      24.64
      22.3      24.83
     26.36      25.03
     30.41      25.22
     34.47      24.82
     38.52      24.75
     42.58       25.3
     46.63      24.87
     50.69      25.95
     54.74      27.67
      58.8      27.15
     62.85      27.88
     66.91      27.41
     70.97      29.66
     75.02      28.39
     79.08      27.83
     83.13      27.58
     87.19      27.37
     91.24      28.08
      95.3      28.87
     99.35      28.16
     103.4      26.57
     107.5      28.15
     111.5      30.91
     115.6      28.99
     119.6      32.71
     123.7      32.65
     127.7      29.56
     131.8      30.13
     135.8      35.52
     139.9      35.52
       144      35.52
       148      35.52
     152.1      35.52
     156.1      35.52
     160.2       32.6
     164.2      30.93
     168.3      35.52
     172.3      35.52
     176.4      35.52
     180.5         30
     184.5      35.52
     188.6      35.52
     192.6      35.52
     196.7      35.52
     200.7      35.52
     204.8      35.52
     208.8      35.52
     212.9      35.52
       217      35.52
       221      35.52
     225.1      35.52
     229.1      35.52
