     6.002  8.281e+08
        10  4.803e+08
        14  3.005e+08
     18.01  1.847e+08
     22.01  1.311e+08
     26.01  9.867e+07
     30.01  7.549e+07
     34.01  5.572e+07
     38.01  4.835e+07
     42.01  3.663e+07
     46.01  3.059e+07
     50.02  2.689e+07
     54.02   2.38e+07
     58.02  2.271e+07
     62.02  1.597e+07
     66.02  1.257e+07
     70.02  1.179e+07
     74.02   9.43e+06
     78.02  8.994e+06
     82.03  8.023e+06
     86.03  8.208e+06
     90.03  5.528e+06
     94.03  4.588e+06
     98.03  4.299e+06
       102  4.051e+06
       106  3.389e+06
       110  2.877e+06
       114  2.819e+06
       118  3.404e+06
       122  3.015e+06
       126  2.361e+06
       130  2.588e+06
       134  3.642e+06
       138  3.281e+06
       142  2.301e+06
       146  2.044e+06
       150  1.821e+06
       154  1.586e+06
       158  2.351e+06
     162.1  1.372e+06
     166.1  1.004e+06
     170.1  8.035e+05
     174.1  1.134e+06
     178.1  1.553e+06
     182.1  9.621e+05
     186.1  1.202e+06
     190.1  8.926e+05
     194.1  8.564e+05
     198.1  8.724e+05
     202.1  6.185e+05
     206.1   6.52e+05
     210.1   6.16e+05
     214.1  6.322e+05
     218.1  7.367e+05
     222.1  6.709e+05
     226.1  3.774e+05
     230.1  3.072e+05
     234.1  2.971e+05
     238.1  4.589e+05
     242.1  3.843e+05
     246.1  3.314e+05
     250.1  3.826e+05
     254.1  2.221e+05
     258.1  2.072e+05
     262.1  2.237e+05
     266.1  1.771e+05
     270.1  1.866e+05
     274.1  1.261e+05
     278.1  1.195e+05
     282.1  1.383e+05
     286.1  1.975e+05
     290.1  1.319e+05
     294.1  1.635e+05
     298.1  1.026e+05
     302.1  3.737e+04
     306.1  2.801e+04
     310.1  4.199e+04
     314.1       4315
     318.1       9769
     322.1          0
     326.1  1.136e+04
     330.1          0
     334.1       4152
     338.1       4101
     342.1       4123
     346.1          0
     350.1       4175
