     2.001  8.458e+10
     6.002  2.095e+11
        10  3.303e+11
        14  4.361e+11
     18.01  5.197e+11
     22.01  5.923e+11
     26.01  6.568e+11
     30.01  7.137e+11
     34.01  7.614e+11
     38.01  8.076e+11
     42.01  8.463e+11
     46.01  8.817e+11
     50.02  9.155e+11
     54.02  9.478e+11
     58.02  9.809e+11
     62.02  1.006e+12
     66.02  1.027e+12
     70.02  1.047e+12
     74.02  1.065e+12
     78.02  1.083e+12
     82.03  1.099e+12
     86.03  1.117e+12
     90.03  1.129e+12
     94.03   1.14e+12
     98.03  1.151e+12
       102  1.161e+12
       106   1.17e+12
       110  1.178e+12
       114  1.186e+12
       118  1.196e+12
       122  1.206e+12
       126  1.213e+12
       130  1.222e+12
       134  1.234e+12
       138  1.245e+12
       142  1.254e+12
       146  1.261e+12
       150  1.268e+12
       154  1.274e+12
       158  1.283e+12
     162.1  1.289e+12
     166.1  1.293e+12
     170.1  1.297e+12
     174.1  1.302e+12
     178.1  1.309e+12
     182.1  1.313e+12
     186.1  1.319e+12
     190.1  1.323e+12
     194.1  1.327e+12
     198.1  1.331e+12
     202.1  1.334e+12
     206.1  1.338e+12
     210.1  1.341e+12
     214.1  1.345e+12
     218.1  1.349e+12
     222.1  1.352e+12
     226.1  1.354e+12
     230.1  1.356e+12
     234.1  1.358e+12
     238.1  1.361e+12
     242.1  1.363e+12
     246.1  1.365e+12
     250.1  1.368e+12
     254.1  1.369e+12
     258.1   1.37e+12
     262.1  1.372e+12
     266.1  1.373e+12
     270.1  1.374e+12
     274.1  1.375e+12
     278.1  1.376e+12
     282.1  1.377e+12
     286.1  1.378e+12
     290.1  1.379e+12
     294.1   1.38e+12
     298.1  1.381e+12
     302.1  1.382e+12
     306.1  1.382e+12
     310.1  1.382e+12
     314.1  1.382e+12
     318.1  1.382e+12
     322.1  1.382e+12
     326.1  1.382e+12
     330.1  1.382e+12
     334.1  1.382e+12
     338.1  1.382e+12
     342.1  1.382e+12
     346.1  1.382e+12
     350.1  1.382e+12
