     2.001  5.878e-17
     6.002  2.489e-17
        10  1.339e-17
        14  7.984e-18
     18.01  5.371e-18
     22.01  3.902e-18
     26.01  3.099e-18
     30.01  2.409e-18
     34.01  1.904e-18
     38.01  1.743e-18
     42.01  1.343e-18
     46.01  1.249e-18
     50.02  9.809e-19
     54.02  8.758e-19
     58.02  7.035e-19
     62.02  5.455e-19
     66.02  4.936e-19
     70.02  5.712e-19
     74.02  7.637e-19
     78.02  6.635e-19
     82.03  3.937e-19
     86.03  2.988e-19
     90.03  3.186e-19
     94.03  3.571e-19
     98.03  2.379e-19
       102    1.8e-19
       106  1.615e-19
       110   1.51e-19
       114   1.46e-19
       118  1.645e-19
       122  1.125e-19
       126  1.193e-19
       130   1.45e-19
       134  1.512e-19
       138  1.093e-19
       142  8.871e-20
       146  8.776e-20
       150   7.46e-20
       154  9.554e-20
       158   9.08e-20
     162.1  6.949e-20
     166.1  5.763e-20
     170.1   9.15e-20
     174.1  1.466e-19
     178.1  1.181e-19
     182.1  1.508e-19
     186.1  9.911e-20
     190.1  9.882e-20
     194.1  6.782e-20
     198.1   8.96e-20
     202.1   6.18e-20
     206.1   4.83e-20
     210.1  5.114e-20
     214.1  5.582e-20
     218.1  3.919e-20
     222.1  2.664e-20
     226.1   1.81e-20
     230.1  1.631e-20
     234.1  1.734e-20
     238.1   2.45e-20
     242.1  1.693e-20
     246.1  1.815e-20
     250.1  2.266e-20
     254.1  2.123e-20
     258.1  2.573e-20
     262.1   3.09e-20
     266.1  1.959e-20
     270.1  1.762e-20
     274.1  1.427e-20
     278.1  2.077e-20
     282.1  2.089e-20
     286.1  1.721e-20
     290.1  1.619e-20
     294.1   2.44e-20
     298.1  9.551e-21
     302.1  4.681e-21
     306.1  6.941e-21
     310.1  3.932e-21
     314.1  1.254e-21
     318.1  8.871e-22
     322.1  1.556e-21
     326.1  9.786e-22
     330.1  1.509e-21
     334.1  1.182e-21
     338.1  3.424e-21
     342.1  5.147e-22
     346.1  8.539e-21
     350.1  9.267e-22
