     2.001      18.59
     6.002      19.53
        10       20.2
        14      20.76
     18.01      21.19
     22.01      21.54
     26.01      21.79
     30.01      22.06
     34.01      22.32
     38.01      22.41
     42.01       22.7
     46.01      22.77
     50.02      23.04
     54.02      23.16
     58.02       23.4
     62.02      23.67
     66.02      23.78
     70.02      23.62
     74.02      23.31
     78.02      23.46
     82.03      24.03
     86.03      24.33
     90.03      24.26
     94.03      24.13
     98.03      24.58
       102      24.88
       106         25
       110      25.07
       114      25.11
       118      24.98
       122      25.39
       126      25.32
       130      25.11
       134      25.07
       138      25.42
       142      25.65
       146      25.66
       150      25.83
       154      25.57
       158      25.62
     162.1      25.91
     166.1      26.11
     170.1      25.61
     174.1       25.1
     178.1      25.34
     182.1      25.07
     186.1      25.53
     190.1      25.53
     194.1      25.94
     198.1      25.64
     202.1      26.04
     206.1      26.31
     210.1      26.24
     214.1      26.15
     218.1      26.53
     222.1      26.95
     226.1      27.37
     230.1      27.49
     234.1      27.42
     238.1      27.04
     242.1      27.44
     246.1      27.37
     250.1      27.13
     254.1       27.2
     258.1      26.99
     262.1      26.79
     266.1      27.29
     270.1       27.4
     274.1      27.63
     278.1      27.22
     282.1      27.22
     286.1      27.43
     290.1      27.49
     294.1      27.05
     298.1      28.07
     302.1      28.84
     306.1      28.41
     310.1      29.03
     314.1      30.27
     318.1      30.65
     322.1      30.04
     326.1      30.54
     330.1      30.07
     334.1      30.33
     338.1      29.18
     342.1      31.24
     346.1      28.19
     350.1       30.6
