     2.001  5.889e-18
     6.002  4.173e-18
        10  3.259e-18
        14  2.752e-18
        18  2.439e-18
     22.01  2.062e-18
     26.01  1.825e-18
     30.01  1.686e-18
     34.01  1.551e-18
     38.01  1.297e-18
     42.01  1.251e-18
     46.01  1.232e-18
     50.01  1.045e-18
     54.01  8.659e-19
     58.02    7.4e-19
     62.02  6.772e-19
     66.02  6.248e-19
     70.02  5.571e-19
     74.02  5.514e-19
     78.02  5.166e-19
     82.02  5.698e-19
     86.02  5.515e-19
     90.02  5.861e-19
     94.03  4.729e-19
     98.03  4.878e-19
       102  5.871e-19
       106   5.09e-19
       110  4.959e-19
       114   4.39e-19
       118  6.034e-19
       122  3.926e-19
       126  3.925e-19
       130  4.479e-19
       134   3.75e-19
       138  3.357e-19
       142  2.485e-19
       146  2.183e-19
       150  2.409e-19
       154  2.095e-19
       158  2.118e-19
       162    1.8e-19
       166  1.698e-19
       170  1.775e-19
       174    1.7e-19
       178  1.789e-19
     182.1  1.799e-19
     186.1   1.54e-19
     190.1  1.768e-19
     194.1  1.745e-19
     198.1  1.594e-19
     202.1  1.515e-19
     206.1  1.366e-19
     210.1  1.409e-19
     214.1  1.247e-19
     218.1  1.229e-19
     222.1  1.247e-19
     226.1  1.218e-19
     230.1  1.155e-19
     234.1  1.039e-19
     238.1  1.098e-19
     242.1  1.197e-19
     246.1  1.251e-19
     250.1  1.115e-19
     254.1  1.088e-19
     258.1  8.804e-20
     262.1  6.868e-20
     266.1  8.426e-20
     270.1  6.393e-20
     274.1  6.418e-20
     278.1  8.736e-20
     282.1  8.514e-20
     286.1  5.964e-20
     290.1  7.375e-20
     294.1  7.502e-20
     298.1  6.221e-20
     302.1  5.397e-20
     306.1  5.537e-20
     310.1  4.679e-20
     314.1  6.462e-20
     318.1  4.876e-20
     322.1  5.863e-20
     326.1  5.376e-20
     330.1  3.314e-20
     334.1  6.835e-20
     338.1  5.124e-20
     342.1  5.803e-20
     346.1  7.836e-20
     350.1  1.132e-19
