     2.001      21.09
     6.002      21.47
        10      21.73
        14      21.92
        18      22.05
     22.01      22.23
     26.01      22.36
     30.01      22.45
     34.01      22.54
     38.01      22.73
     42.01      22.77
     46.01      22.79
     50.01      22.97
     54.01      23.17
     58.02      23.34
     62.02      23.44
     66.02      23.53
     70.02      23.65
     74.02      23.66
     78.02      23.73
     82.02      23.63
     86.02      23.66
     90.02       23.6
     94.03      23.83
     98.03       23.8
       102      23.59
       106      23.75
       110      23.78
       114      23.91
       118      23.56
       122      24.03
       126      24.03
       130      23.89
       134      24.08
       138       24.2
       142      24.53
       146      24.67
       150      24.56
       154      24.71
       158       24.7
       162      24.88
       166      24.94
       170      24.89
       174      24.94
       178      24.88
     182.1      24.88
     186.1      25.05
     190.1       24.9
     194.1      24.91
     198.1      25.01
     202.1      25.07
     206.1      25.18
     210.1      25.14
     214.1      25.28
     218.1      25.29
     222.1      25.28
     226.1       25.3
     230.1      25.36
     234.1      25.47
     238.1      25.41
     242.1      25.32
     246.1      25.27
     250.1       25.4
     254.1      25.42
     258.1      25.65
     262.1      25.92
     266.1       25.7
     270.1         26
     274.1         26
     278.1      25.66
     282.1      25.69
     286.1      26.08
     290.1      25.85
     294.1      25.83
     298.1      26.03
     302.1      26.19
     306.1      26.16
     310.1      26.34
     314.1      25.99
     318.1       26.3
     322.1       26.1
     326.1      26.19
     330.1      26.72
     334.1      25.93
     338.1      26.24
     342.1      26.11
     346.1      25.78
     350.1      25.38
