     6.026  1.596e+08
     10.04  3.969e+07
     14.06  1.636e+07
     18.08  9.597e+06
     22.09  5.987e+06
     26.11  4.083e+06
     30.13  3.809e+06
     34.15      2e+06
     38.16   1.92e+06
     42.18  1.773e+06
      46.2  1.251e+06
     50.21  1.247e+06
     54.23  1.225e+06
     58.25  1.155e+06
     62.27  1.277e+06
     66.28  1.388e+06
      70.3   1.37e+06
     74.32  9.362e+05
     78.33   1.43e+06
     82.35  3.896e+05
     86.37  2.196e+05
     90.39  2.437e+05
      94.4  2.699e+05
     98.42  2.353e+05
     102.4  4.328e+04
     106.5  7.425e+04
     110.5  8.563e+04
     114.5  1.081e+05
     118.5  6.528e+04
     122.5  2.454e+04
     126.5  4.728e+04
     130.6  3.512e+04
     134.6  2.235e+04
     138.6  1.112e+04
     142.6  2.184e+04
     146.6  4.187e+04
     150.6          0
     154.7          0
     158.7  5.741e+04
     162.7  1.886e+04
     166.7          0
     170.7       8827
     174.7          0
     178.8          0
     182.8  3.515e+04
     186.8  4.205e+05
     190.8  4.441e+04
     194.8  1.655e+04
     198.8    2.4e+04
     202.9          0
     206.9          0
     210.9          0
     214.9       7338
     218.9          0
       223          0
       227          0
       231          0
       235          0
       239          0
       243  1.282e+04
     247.1       6615
     251.1          0
     255.1          0
     259.1          0
     263.1          0
     267.1          0
     271.2          0
     275.2          0
     279.2          0
     283.2          0
     287.2          0
     291.2          0
     295.3          0
     299.3          0
     303.3          0
     307.3          0
     311.3          0
     315.3          0
     319.4          0
     323.4          0
     327.4          0
     331.4          0
     335.4          0
     339.4          0
     343.5          0
     347.5          0
