     2.009  3.066e+10
     6.026  5.494e+10
     10.04    6.5e+10
     14.06   7.08e+10
     18.08  7.518e+10
     22.09  7.852e+10
     26.11  8.121e+10
     30.13  8.411e+10
     34.15  8.583e+10
     38.16  8.768e+10
     42.18  8.957e+10
      46.2  9.103e+10
     50.21  9.261e+10
     54.23  9.429e+10
     58.25  9.598e+10
     62.27  9.799e+10
     66.28  1.003e+11
      70.3  1.027e+11
     74.32  1.045e+11
     78.33  1.073e+11
     82.35  1.081e+11
     86.37  1.086e+11
     90.39  1.092e+11
      94.4  1.098e+11
     98.42  1.104e+11
     102.4  1.105e+11
     106.5  1.107e+11
     110.5  1.109e+11
     114.5  1.113e+11
     118.5  1.115e+11
     122.5  1.115e+11
     126.5  1.117e+11
     130.6  1.118e+11
     134.6  1.119e+11
     138.6  1.119e+11
     142.6   1.12e+11
     146.6  1.121e+11
     150.6  1.121e+11
     154.7  1.121e+11
     158.7  1.124e+11
     162.7  1.125e+11
     166.7  1.125e+11
     170.7  1.125e+11
     174.7  1.125e+11
     178.8  1.125e+11
     182.8  1.127e+11
     186.8  1.146e+11
     190.8  1.149e+11
     194.8  1.149e+11
     198.8  1.151e+11
     202.9  1.151e+11
     206.9  1.151e+11
     210.9  1.151e+11
     214.9  1.151e+11
     218.9  1.151e+11
       223  1.151e+11
       227  1.151e+11
       231  1.151e+11
       235  1.151e+11
       239  1.151e+11
       243  1.152e+11
     247.1  1.152e+11
     251.1  1.152e+11
     255.1  1.152e+11
     259.1  1.152e+11
     263.1  1.152e+11
     267.1  1.152e+11
     271.2  1.152e+11
     275.2  1.152e+11
     279.2  1.152e+11
     283.2  1.152e+11
     287.2  1.152e+11
     291.2  1.152e+11
     295.3  1.152e+11
     299.3  1.152e+11
     303.3  1.152e+11
     307.3  1.152e+11
     311.3  1.152e+11
     315.3  1.152e+11
     319.4  1.152e+11
     323.4  1.152e+11
     327.4  1.152e+11
     331.4  1.152e+11
     335.4  1.152e+11
     339.4  1.152e+11
     343.5  1.152e+11
     347.5  1.152e+11
