     2.001      19.66
     6.002      20.29
        10      20.83
     14.01      21.11
     18.01      21.48
     22.01       21.7
     26.01      21.96
     30.01      22.11
     34.01      22.01
     38.02      22.36
     42.02      22.48
     46.02       22.6
     50.02      22.85
     54.02      23.04
     58.02      23.24
     62.02      23.39
     66.03      23.43
     70.03      23.26
     74.03      23.42
     78.03       23.5
     82.03      23.93
     86.03      24.05
     90.04      24.07
     94.04      24.07
     98.04      24.02
       102       24.4
       106      24.32
       110      24.46
       114      24.64
       118      24.65
       122      24.55
       126      24.45
     130.1      24.45
     134.1      24.41
     138.1      24.45
     142.1      24.74
     146.1      24.59
     150.1      24.53
     154.1      24.57
     158.1       24.7
     162.1      24.87
     166.1      24.99
     170.1      24.97
     174.1      24.92
     178.1      24.87
     182.1      25.14
     186.1      25.38
     190.1      25.28
     194.1      25.43
     198.1       25.5
     202.1      25.41
     206.1      25.66
     210.1      25.74
     214.1      25.66
     218.1      25.71
     222.1      25.53
     226.1      25.44
     230.1       25.9
     234.1      26.08
     238.1      26.13
     242.1      26.08
     246.1      26.11
     250.1       26.2
     254.1      25.63
     258.1      25.49
     262.1      25.97
     266.1      25.91
     270.1      25.94
     274.1      25.97
     278.1      25.98
     282.1      25.78
     286.1      25.68
     290.1      25.75
     294.1       26.1
     298.1       26.1
     302.1      26.18
     306.1      26.26
     310.1      26.34
     314.1      26.34
     318.1      26.27
     322.1      26.37
     326.1      26.27
     330.1      26.43
     334.1      26.41
     338.1      26.39
     342.1      26.72
     346.1      26.71
     350.1      27.25
