     6.002  3.748e+08
        10  2.227e+08
     14.01  1.609e+08
     18.01  1.136e+08
     22.01  8.231e+07
     26.01  6.371e+07
     30.01  5.251e+07
     34.01  4.869e+07
     38.02  4.264e+07
     42.02  3.995e+07
     46.02  3.637e+07
     50.02  2.932e+07
     54.02  2.525e+07
     58.02  2.015e+07
     62.02  1.637e+07
     66.03   1.54e+07
     70.03   1.33e+07
     74.03  1.291e+07
     78.03  1.075e+07
     82.03   9.92e+06
     86.03  9.002e+06
     90.04  7.695e+06
     94.04  7.333e+06
     98.04  6.933e+06
       102  6.263e+06
       106  6.339e+06
       110  7.182e+06
       114  5.572e+06
       118  4.769e+06
       122  4.758e+06
       126  5.015e+06
     130.1  5.309e+06
     134.1  4.645e+06
     138.1  4.373e+06
     142.1   4.14e+06
     146.1  4.141e+06
     150.1  4.261e+06
     154.1  3.864e+06
     158.1  3.641e+06
     162.1  3.374e+06
     166.1  3.121e+06
     170.1  3.161e+06
     174.1  3.242e+06
     178.1  2.742e+06
     182.1  2.408e+06
     186.1  2.298e+06
     190.1  2.051e+06
     194.1  2.018e+06
     198.1  2.037e+06
     202.1  1.911e+06
     206.1  1.801e+06
     210.1  1.685e+06
     214.1  1.749e+06
     218.1  1.754e+06
     222.1  1.698e+06
     226.1  1.636e+06
     230.1  1.418e+06
     234.1  1.297e+06
     238.1  1.192e+06
     242.1   1.08e+06
     246.1  1.117e+06
     250.1  1.056e+06
     254.1  1.014e+06
     258.1  9.853e+05
     262.1  9.543e+05
     266.1  9.086e+05
     270.1   8.65e+05
     274.1  7.525e+05
     278.1  7.086e+05
     282.1  6.188e+05
     286.1  6.338e+05
     290.1  5.655e+05
     294.1  4.917e+05
     298.1   3.72e+05
     302.1  3.796e+05
     306.1  2.988e+05
     310.1  2.594e+05
     314.1  2.356e+05
     318.1  2.177e+05
     322.1  1.993e+05
     326.1   1.71e+05
     330.1  1.094e+05
     334.1   1.08e+05
     338.1  6.592e+04
     342.1  6.422e+04
     346.1  2.407e+04
     350.1  2.781e+04
