     2.001  2.209e-17
     6.002  1.228e-17
        10  7.507e-18
     14.01  5.797e-18
     18.01  4.111e-18
     22.01  3.366e-18
     26.01  2.641e-18
     30.01  2.312e-18
     34.01  2.525e-18
     38.02  1.824e-18
     42.02  1.631e-18
     46.02  1.461e-18
     50.02  1.165e-18
     54.02  9.826e-19
     58.02  8.154e-19
     62.02  7.077e-19
     66.03   6.85e-19
     70.03  7.983e-19
     74.03  6.913e-19
     78.03  6.408e-19
     82.03  4.301e-19
     86.03  3.847e-19
     90.04   3.78e-19
     94.04  3.799e-19
     98.04   3.97e-19
       102  2.796e-19
       106  3.001e-19
       110  2.653e-19
       114  2.251e-19
       118   2.23e-19
       122  2.425e-19
       126   2.66e-19
     130.1   2.66e-19
     134.1   2.77e-19
     138.1  2.664e-19
     142.1  2.045e-19
     146.1  2.352e-19
     150.1  2.476e-19
     154.1  2.399e-19
     158.1  2.125e-19
     162.1  1.805e-19
     166.1  1.628e-19
     170.1  1.652e-19
     174.1  1.731e-19
     178.1  1.814e-19
     182.1  1.411e-19
     186.1  1.134e-19
     190.1  1.245e-19
     194.1  1.081e-19
     198.1  1.014e-19
     202.1  1.108e-19
     206.1  8.723e-20
     210.1  8.157e-20
     214.1  8.772e-20
     218.1  8.362e-20
     222.1  9.864e-20
     226.1  1.075e-19
     230.1  6.998e-20
     234.1  5.947e-20
     238.1  5.693e-20
     242.1   5.95e-20
     246.1  5.801e-20
     250.1  5.345e-20
     254.1  9.034e-20
     258.1   1.02e-19
     262.1  6.608e-20
     266.1  6.935e-20
     270.1  6.785e-20
     274.1  6.566e-20
     278.1  6.495e-20
     282.1  7.848e-20
     286.1  8.601e-20
     290.1  8.053e-20
     294.1   5.82e-20
     298.1   5.86e-20
     302.1  5.407e-20
     306.1  5.053e-20
     310.1   4.67e-20
     314.1  4.694e-20
     318.1   4.99e-20
     322.1  4.575e-20
     326.1  4.973e-20
     330.1  4.291e-20
     334.1  4.373e-20
     338.1  4.451e-20
     342.1  3.289e-20
     346.1  3.336e-20
     350.1  2.018e-20
