     2.001  1.546e+10
     6.002  7.202e+10
        10   1.28e+11
     14.01  1.847e+11
     18.01  2.361e+11
     22.01  2.817e+11
     26.01  3.234e+11
     30.01   3.63e+11
     34.01  4.046e+11
     38.02  4.454e+11
     42.02  4.876e+11
     46.02  5.297e+11
     50.02  5.665e+11
     54.02  6.008e+11
     58.02  6.302e+11
     62.02  6.558e+11
     66.03  6.813e+11
     70.03  7.047e+11
     74.03  7.288e+11
     78.03  7.499e+11
     82.03  7.703e+11
     86.03  7.898e+11
     90.04  8.072e+11
     94.04  8.246e+11
     98.04  8.416e+11
       102  8.577e+11
       106  8.746e+11
       110  8.945e+11
       114  9.105e+11
       118  9.246e+11
       122  9.392e+11
       126  9.551e+11
     130.1  9.725e+11
     134.1  9.881e+11
     138.1  1.003e+12
     142.1  1.018e+12
     146.1  1.033e+12
     150.1  1.049e+12
     154.1  1.064e+12
     158.1  1.079e+12
     162.1  1.093e+12
     166.1  1.106e+12
     170.1  1.119e+12
     174.1  1.133e+12
     178.1  1.146e+12
     182.1  1.157e+12
     186.1  1.167e+12
     190.1  1.177e+12
     194.1  1.187e+12
     198.1  1.197e+12
     202.1  1.207e+12
     206.1  1.216e+12
     210.1  1.225e+12
     214.1  1.235e+12
     218.1  1.244e+12
     222.1  1.254e+12
     226.1  1.263e+12
     230.1  1.271e+12
     234.1  1.279e+12
     238.1  1.286e+12
     242.1  1.292e+12
     246.1  1.299e+12
     250.1  1.306e+12
     254.1  1.312e+12
     258.1  1.319e+12
     262.1  1.325e+12
     266.1  1.331e+12
     270.1  1.337e+12
     274.1  1.342e+12
     278.1  1.347e+12
     282.1  1.352e+12
     286.1  1.356e+12
     290.1   1.36e+12
     294.1  1.364e+12
     298.1  1.367e+12
     302.1   1.37e+12
     306.1  1.372e+12
     310.1  1.374e+12
     314.1  1.376e+12
     318.1  1.378e+12
     322.1  1.379e+12
     326.1  1.381e+12
     330.1  1.381e+12
     334.1  1.382e+12
     338.1  1.383e+12
     342.1  1.384e+12
     346.1  1.384e+12
     350.1  1.384e+12
