     6.002  4.577e+08
        10  3.159e+08
        14   2.23e+08
        18  1.425e+08
     22.01  1.097e+08
     26.01  9.024e+07
     30.01  7.181e+07
     34.01   6.09e+07
     38.01   5.11e+07
     42.01  4.281e+07
     46.01  3.672e+07
     50.01  3.361e+07
     54.01  2.765e+07
     58.02   2.48e+07
     62.02  2.222e+07
     66.02   1.89e+07
     70.02  1.819e+07
     74.02  1.646e+07
     78.02  1.482e+07
     82.02    1.4e+07
     86.02  1.227e+07
     90.02  1.146e+07
     94.03  1.028e+07
     98.03  8.708e+06
       102  8.721e+06
       106  8.048e+06
       110  7.482e+06
       114  6.462e+06
       118  6.491e+06
       122  5.815e+06
       126  5.518e+06
       130  5.272e+06
       134  4.807e+06
       138  4.221e+06
       142  4.562e+06
       146  4.368e+06
       150  3.674e+06
       154  3.426e+06
       158  2.949e+06
       162  2.865e+06
       166  2.798e+06
       170  2.757e+06
       174   2.75e+06
       178  2.165e+06
     182.1  2.317e+06
     186.1  2.232e+06
     190.1  2.011e+06
     194.1  2.196e+06
     198.1  2.103e+06
     202.1  2.018e+06
     206.1  2.111e+06
     210.1  2.049e+06
     214.1  2.101e+06
     218.1  1.995e+06
     222.1   1.68e+06
     226.1  1.431e+06
     230.1  1.702e+06
     234.1  1.369e+06
     238.1  1.256e+06
     242.1  1.446e+06
     246.1  1.369e+06
     250.1  1.381e+06
     254.1  1.216e+06
     258.1  1.302e+06
     262.1  8.003e+05
     266.1  6.071e+05
     270.1  5.473e+05
     274.1  5.402e+05
     278.1  3.243e+05
     282.1  3.712e+05
     286.1  2.307e+05
     290.1  1.863e+05
     294.1  1.272e+05
     298.1  1.629e+05
     302.1  1.463e+05
     306.1  1.074e+05
     310.1  8.894e+04
     314.1  1.029e+05
     318.1  9.794e+04
     322.1    8.8e+04
     326.1  1.155e+05
     330.1  7.658e+04
     334.1   6.79e+04
     338.1  3.385e+04
     342.1  3.801e+04
     346.1  2.452e+04
     350.1  2.019e+04
