     2.001  1.828e+10
     6.002  8.733e+10
        10  1.668e+11
        14  2.453e+11
        18  3.098e+11
     22.01  3.705e+11
     26.01  4.295e+11
     30.01  4.836e+11
     34.01  5.357e+11
     38.01  5.845e+11
     42.01  6.298e+11
     46.01  6.722e+11
     50.01  7.145e+11
     54.01   7.52e+11
     58.02  7.882e+11
     62.02  8.228e+11
     66.02  8.542e+11
     70.02  8.862e+11
     74.02  9.169e+11
     78.02  9.459e+11
     82.02  9.748e+11
     86.02  1.001e+12
     90.02  1.027e+12
     94.03  1.052e+12
     98.03  1.073e+12
       102  1.095e+12
       106  1.117e+12
       110  1.138e+12
       114  1.156e+12
       118  1.175e+12
       122  1.193e+12
       126  1.211e+12
       130  1.228e+12
       134  1.244e+12
       138  1.259e+12
       142  1.275e+12
       146  1.291e+12
       150  1.305e+12
       154  1.318e+12
       158   1.33e+12
       162  1.342e+12
       166  1.353e+12
       170  1.365e+12
       174  1.377e+12
       178  1.387e+12
     182.1  1.397e+12
     186.1  1.408e+12
     190.1  1.417e+12
     194.1  1.428e+12
     198.1  1.439e+12
     202.1  1.449e+12
     206.1   1.46e+12
     210.1  1.471e+12
     214.1  1.482e+12
     218.1  1.493e+12
     222.1  1.502e+12
     226.1   1.51e+12
     230.1   1.52e+12
     234.1  1.528e+12
     238.1  1.536e+12
     242.1  1.545e+12
     246.1  1.553e+12
     250.1  1.562e+12
     254.1  1.569e+12
     258.1  1.578e+12
     262.1  1.583e+12
     266.1  1.587e+12
     270.1  1.591e+12
     274.1  1.595e+12
     278.1  1.597e+12
     282.1    1.6e+12
     286.1  1.601e+12
     290.1  1.603e+12
     294.1  1.604e+12
     298.1  1.605e+12
     302.1  1.606e+12
     306.1  1.607e+12
     310.1  1.607e+12
     314.1  1.608e+12
     318.1  1.609e+12
     322.1   1.61e+12
     326.1  1.611e+12
     330.1  1.611e+12
     334.1  1.612e+12
     338.1  1.612e+12
     342.1  1.612e+12
     346.1  1.613e+12
     350.1  1.613e+12
