     2.001  9.039e-18
     6.002  5.251e-18
        10  3.388e-18
        14  2.176e-18
        18  1.548e-18
     22.01  1.276e-18
     26.01  1.137e-18
     30.01  1.683e-18
     34.01  8.832e-19
     38.01  6.542e-19
     42.01  5.614e-19
     46.01  5.221e-19
     50.01  4.544e-19
     54.01  3.813e-19
     58.02  3.238e-19
     62.02  2.918e-19
     66.02  2.644e-19
     70.02  2.628e-19
     74.02  2.288e-19
     78.02  2.111e-19
     82.02  1.891e-19
     86.02  1.979e-19
     90.02  2.933e-19
     94.03  2.119e-19
     98.03   1.48e-19
       102   1.39e-19
       106  1.178e-19
       110  9.905e-20
       114  1.003e-19
       118  9.734e-20
       122  8.685e-20
       126  7.407e-20
       130   7.37e-20
       134  6.514e-20
       138  6.076e-20
       142    6.1e-20
       146  6.243e-20
       150  5.125e-20
       154  5.098e-20
       158  4.908e-20
       162  4.377e-20
       166  4.399e-20
       170  4.683e-20
       174  3.961e-20
       178  3.821e-20
     182.1  3.659e-20
     186.1  3.558e-20
     190.1  3.197e-20
     194.1   3.24e-20
     198.1  3.064e-20
     202.1  3.946e-20
     206.1  3.619e-20
     210.1  3.168e-20
     214.1  2.968e-20
     218.1  3.184e-20
     222.1  2.914e-20
     226.1  2.757e-20
     230.1  2.561e-20
     234.1  2.435e-20
     238.1  2.839e-20
     242.1  3.261e-20
     246.1  3.558e-20
     250.1   2.57e-20
     254.1  3.319e-20
     258.1  8.276e-20
     262.1  9.654e-20
     266.1  3.146e-20
     270.1  2.012e-20
     274.1  1.776e-20
     278.1  1.364e-20
     282.1  1.003e-20
     286.1  9.926e-21
     290.1  7.809e-21
     294.1  6.658e-21
     298.1  8.234e-21
     302.1  7.169e-21
     306.1  6.688e-21
     310.1  6.887e-21
     314.1  6.875e-21
     318.1  8.043e-21
     322.1   1.27e-20
     326.1  1.099e-20
     330.1  1.048e-20
     334.1  9.304e-21
     338.1  9.531e-21
     342.1  1.183e-20
     346.1  9.626e-21
     350.1  7.031e-21
