     2.001      20.63
     6.002      21.22
        10      21.69
        14      22.17
        18      22.54
     22.01      22.75
     26.01      22.88
     30.01      22.45
     34.01      23.15
     38.01      23.48
     42.01      23.64
     46.01      23.72
     50.01      23.87
     54.01      24.06
     58.02      24.24
     62.02      24.35
     66.02      24.46
     70.02      24.47
     74.02      24.62
     78.02      24.71
     82.02      24.82
     86.02      24.77
     90.02      24.35
     94.03       24.7
     98.03      25.09
       102      25.16
       106      25.34
       110      25.53
       114      25.51
       118      25.55
       122      25.67
       126      25.84
       130      25.85
       134      25.98
       138      26.06
       142      26.05
       146      26.03
       150      26.24
       154      26.25
       158      26.29
       162      26.41
       166      26.41
       170      26.34
       174      26.52
       178      26.56
     182.1      26.61
     186.1      26.64
     190.1      26.75
     194.1      26.74
     198.1       26.8
     202.1      26.53
     206.1      26.62
     210.1      26.76
     214.1      26.84
     218.1      26.76
     222.1      26.85
     226.1      26.92
     230.1      26.99
     234.1      27.05
     238.1      26.88
     242.1      26.73
     246.1      26.64
     250.1      26.99
     254.1      26.71
     258.1      25.72
     262.1      25.55
     266.1      26.77
     270.1      27.26
     274.1      27.39
     278.1      27.68
     282.1      28.01
     286.1      28.02
     290.1      28.28
     294.1      28.46
     298.1      28.23
     302.1      28.38
     306.1      28.45
     310.1      28.42
     314.1      28.42
     318.1      28.25
     322.1      27.76
     326.1      27.91
     330.1      27.97
     334.1      28.09
     338.1      28.07
     342.1      27.83
     346.1      28.06
     350.1       28.4
