     6.066  2.223e+07
     10.11  2.614e+07
     14.15  2.754e+07
      18.2  3.219e+07
     22.24  2.976e+07
     26.29  2.758e+07
     30.33  2.939e+07
     34.37  2.937e+07
     38.42  5.262e+07
     42.46  8.396e+07
     46.51  2.521e+07
     50.55  1.752e+07
     54.59  1.378e+07
     58.64  1.354e+07
     62.68  1.372e+07
     66.73  1.102e+07
     70.77  1.046e+07
     74.81  1.023e+07
     78.86  9.213e+06
      82.9  7.166e+06
     86.95  6.839e+06
     90.99   6.01e+06
     95.03  5.365e+06
     99.08  4.498e+06
     103.1   3.73e+06
     107.2   3.26e+06
     111.2   2.92e+06
     115.3  2.575e+06
     119.3  2.458e+06
     123.3  1.751e+06
     127.4  1.501e+06
     131.4  2.235e+06
     135.5  2.102e+06
     139.5  1.987e+06
     143.6  2.207e+06
     147.6  2.481e+06
     151.7   1.62e+06
     155.7  1.216e+06
     159.7   8.44e+05
     163.8   9.48e+05
     167.8  1.033e+06
     171.9  8.627e+05
     175.9  8.572e+05
       180  7.409e+05
       184  3.936e+05
       188  3.261e+05
     192.1  4.618e+05
     196.1  4.332e+05
     200.2  3.443e+05
     204.2  2.955e+05
     208.3  2.719e+05
     212.3   2.96e+05
     216.4  2.118e+05
     220.4  1.523e+05
     224.4  1.276e+05
     228.5   9.09e+04
     232.5  2.031e+05
     236.6  1.123e+05
     240.6  8.262e+04
     244.7  1.057e+05
     248.7  3.013e+04
     252.8   3.21e+04
     256.8  7.632e+04
     260.8   2.33e+04
     264.9  3.282e+04
     268.9  2.663e+04
       273  2.206e+04
       277          0
     281.1  1.029e+04
     285.1   1.56e+04
     289.1       4890
     293.2       9905
     297.2       4757
     301.3       4934
     305.3          0
     309.4          0
     313.4          0
     317.5          0
     321.5          0
     325.5          0
     329.6          0
     333.6          0
     337.7          0
     341.7          0
     345.8          0
     349.8          0
