     2.022  4.233e+08
     6.066   3.85e+09
     10.11  1.057e+10
     14.15  2.047e+10
      18.2  3.535e+10
     22.24  5.217e+10
     26.29  7.059e+10
     30.33  9.324e+10
     34.37  1.189e+11
     38.42  1.703e+11
     42.46  2.608e+11
     46.51  2.906e+11
     50.55  3.131e+11
     54.59  3.322e+11
     58.64  3.524e+11
     62.68  3.743e+11
     66.73  3.929e+11
     70.77  4.118e+11
     74.81  4.312e+11
     78.86  4.497e+11
      82.9  4.648e+11
     86.95  4.799e+11
     90.99  4.938e+11
     95.03  5.067e+11
     99.08   5.18e+11
     103.1  5.278e+11
     107.2  5.367e+11
     111.2  5.449e+11
     115.3  5.525e+11
     119.3  5.599e+11
     123.3  5.654e+11
     127.4  5.703e+11
     131.4  5.777e+11
     135.5   5.85e+11
     139.5   5.92e+11
     143.6  6.001e+11
     147.6  6.094e+11
     151.7  6.156e+11
     155.7  6.204e+11
     159.7  6.239e+11
     163.8  6.278e+11
     167.8  6.322e+11
     171.9   6.36e+11
     175.9  6.398e+11
       180  6.432e+11
       184   6.45e+11
       188  6.466e+11
     192.1  6.488e+11
     196.1   6.51e+11
     200.2  6.528e+11
     204.2  6.543e+11
     208.3  6.557e+11
     212.3  6.573e+11
     216.4  6.585e+11
     220.4  6.593e+11
     224.4  6.601e+11
     228.5  6.606e+11
     232.5  6.618e+11
     236.6  6.625e+11
     240.6   6.63e+11
     244.7  6.636e+11
     248.7  6.638e+11
     252.8   6.64e+11
     256.8  6.645e+11
     260.8  6.647e+11
     264.9  6.649e+11
     268.9  6.651e+11
       273  6.652e+11
       277  6.652e+11
     281.1  6.653e+11
     285.1  6.654e+11
     289.1  6.655e+11
     293.2  6.655e+11
     297.2  6.656e+11
     301.3  6.656e+11
     305.3  6.656e+11
     309.4  6.656e+11
     313.4  6.656e+11
     317.5  6.656e+11
     321.5  6.656e+11
     325.5  6.656e+11
     329.6  6.656e+11
     333.6  6.656e+11
     337.7  6.656e+11
     341.7  6.656e+11
     345.8  6.656e+11
     349.8  6.656e+11
