     2.022  3.362e-18
     6.066  5.429e-18
     10.11  4.113e-18
     14.15  3.583e-18
      18.2  4.419e-18
     22.24  3.413e-18
     26.29  3.409e-18
     30.33  3.368e-18
     34.37  3.541e-18
     38.42  5.796e-18
     42.46  4.176e-18
     46.51  3.082e-18
     50.55  2.272e-18
     54.59  1.863e-18
     58.64  1.773e-18
     62.68  1.405e-18
     66.73  1.652e-18
     70.77  1.435e-18
     74.81  1.249e-18
     78.86  1.231e-18
      82.9  1.035e-18
     86.95  8.793e-19
     90.99  9.258e-19
     95.03  1.078e-18
     99.08  6.656e-19
     103.1  7.668e-19
     107.2  7.128e-19
     111.2  4.714e-19
     115.3  3.646e-19
     119.3  3.369e-19
     123.3  2.579e-19
     127.4    3.4e-19
     131.4  5.112e-19
     135.5   5.19e-19
     139.5  3.569e-19
     143.6   4.17e-19
     147.6  3.309e-19
     151.7  1.968e-19
     155.7  1.329e-19
     159.7  1.199e-19
     163.8  1.311e-19
     167.8  9.845e-20
     171.9  8.571e-20
     175.9  1.068e-19
       180  6.961e-20
       184   4.47e-20
       188  5.102e-20
     192.1  4.596e-20
     196.1  3.821e-20
     200.2  4.156e-20
     204.2  8.315e-20
     208.3  3.324e-20
     212.3  2.422e-20
     216.4  1.952e-20
     220.4  1.221e-20
     224.4  1.497e-20
     228.5  1.764e-20
     232.5  1.727e-20
     236.6  9.771e-21
     240.6  1.529e-20
     244.7   5.76e-21
     248.7  5.541e-21
     252.8  1.056e-20
     256.8  7.006e-21
     260.8  8.248e-21
     264.9  4.553e-21
     268.9  4.741e-21
       273  2.022e-21
       277  1.012e-21
     281.1  3.347e-21
     285.1  3.211e-21
     289.1  1.492e-21
     293.2  3.599e-21
     297.2  4.553e-22
     301.3  2.579e-21
     305.3  1.128e-23
     309.4      1e-23
     313.4      1e-23
     317.5      1e-23
     321.5      1e-23
     325.5      1e-23
     329.6      1e-23
     333.6      1e-23
     337.7      1e-23
     341.7      1e-23
     345.8      1e-23
     349.8      1e-23
