     2.022       21.7
     6.066      21.18
     10.11      21.48
     14.15      21.63
      18.2       21.4
     22.24      21.68
     26.29      21.68
     30.33       21.7
     34.37      21.64
     38.42      21.11
     42.46      21.46
     46.51      21.79
     50.55      22.13
     54.59      22.34
     58.64      22.39
     62.68      22.65
     66.73      22.47
     70.77      22.62
     74.81      22.77
     78.86      22.79
      82.9      22.98
     86.95      23.16
     90.99       23.1
     95.03      22.93
     99.08      23.46
     103.1       23.3
     107.2      23.38
     111.2      23.83
     115.3      24.11
     119.3       24.2
     123.3      24.49
     127.4      24.19
     131.4      23.74
     135.5      23.73
     139.5      24.13
     143.6      23.97
     147.6      24.22
     151.7      24.78
     155.7      25.21
     159.7      25.32
     163.8      25.22
     167.8      25.53
     171.9      25.68
     175.9      25.44
       180      25.91
       184      26.39
       188      26.25
     192.1      26.36
     196.1      26.56
     200.2      26.47
     204.2      25.72
     208.3      26.71
     212.3      27.06
     216.4      27.29
     220.4       27.8
     224.4      27.58
     228.5       27.4
     232.5      27.42
     236.6      28.04
     240.6      27.55
     244.7      28.62
     248.7      28.66
     252.8      27.96
     256.8       28.4
     260.8      28.23
     264.9      28.87
     268.9      28.83
       273      29.75
       277       30.5
     281.1       29.2
     285.1      29.25
     289.1      30.08
     293.2      29.13
     297.2      31.37
     301.3      29.49
     305.3      35.39
     309.4      35.52
     313.4      35.52
     317.5      35.52
     321.5      35.52
     325.5      35.52
     329.6      35.52
     333.6      35.52
     337.7      35.52
     341.7      35.52
     345.8      35.52
     349.8      35.52
