     2.001  3.894e+10
     6.002  1.639e+11
        10  3.425e+11
        14  5.337e+11
        18  7.196e+11
     22.01  8.909e+11
     26.01  1.069e+12
     30.01   1.26e+12
     34.01  1.447e+12
     38.01   1.62e+12
     42.01  1.778e+12
     46.01  1.923e+12
     50.01  2.048e+12
     54.01  2.167e+12
     58.02  2.273e+12
     62.02  2.375e+12
     66.02  2.471e+12
     70.02  2.562e+12
     74.02  2.649e+12
     78.02  2.732e+12
     82.02  2.806e+12
     86.02  2.883e+12
     90.02  2.963e+12
     94.03  3.032e+12
     98.03  3.102e+12
       102  3.169e+12
       106  3.233e+12
       110  3.298e+12
       114  3.358e+12
       118  3.418e+12
       122   3.48e+12
       126  3.534e+12
       130  3.589e+12
       134  3.643e+12
       138  3.695e+12
       142  3.745e+12
       146  3.794e+12
       150   3.84e+12
       154  3.886e+12
       158  3.932e+12
       162   3.98e+12
       166  4.028e+12
       170  4.073e+12
       174  4.124e+12
       178  4.178e+12
     182.1  4.228e+12
     186.1  4.281e+12
     190.1  4.329e+12
     194.1  4.377e+12
     198.1  4.426e+12
     202.1  4.477e+12
     206.1  4.524e+12
     210.1  4.572e+12
     214.1  4.619e+12
     218.1  4.666e+12
     222.1  4.713e+12
     226.1  4.759e+12
     230.1  4.806e+12
     234.1  4.851e+12
     238.1  4.898e+12
     242.1  4.939e+12
     246.1  4.979e+12
     250.1  5.019e+12
     254.1  5.052e+12
     258.1  5.079e+12
     262.1  5.108e+12
     266.1   5.13e+12
     270.1   5.15e+12
     274.1  5.165e+12
     278.1  5.179e+12
     282.1  5.193e+12
     286.1  5.205e+12
     290.1  5.217e+12
     294.1  5.229e+12
     298.1  5.237e+12
     302.1  5.244e+12
     306.1   5.25e+12
     310.1  5.258e+12
     314.1  5.266e+12
     318.1  5.273e+12
     322.1  5.278e+12
     326.1  5.282e+12
     330.1  5.284e+12
     334.1  5.285e+12
     338.1  5.287e+12
     342.1  5.288e+12
     346.1  5.288e+12
     350.1  5.289e+12
