     2.001         20
     6.002      20.19
        10      20.41
        14      20.63
        18      20.85
     22.01      20.92
     26.01      21.17
     30.01      21.36
     34.01      21.57
     38.01      21.76
     42.01      22.04
     46.01      22.26
     50.01       22.4
     54.01      22.45
     58.02      22.62
     62.02      22.76
     66.02      22.96
     70.02      23.06
     74.02       23.1
     78.02       23.2
     82.02      23.32
     86.02      23.28
     90.02       23.4
     94.03      23.47
     98.03      23.46
       102      23.41
       106       23.4
       110      23.25
       114      23.79
       118      23.97
       122      24.02
       126      24.22
       130      24.18
       134      24.18
       138      24.21
       142      23.99
       146      23.79
       150      24.49
       154      24.53
       158      24.49
       162       24.3
       166      24.54
       170      24.25
       174       24.2
       178      24.31
     182.1      24.72
     186.1      24.71
     190.1       24.9
     194.1      24.81
     198.1      24.67
     202.1       24.9
     206.1       24.9
     210.1      24.73
     214.1      24.84
     218.1      24.99
     222.1      24.98
     226.1      24.97
     230.1      24.81
     234.1      24.86
     238.1       24.7
     242.1      24.46
     246.1      25.09
     250.1      25.21
     254.1      25.38
     258.1      25.29
     262.1      25.31
     266.1      25.22
     270.1      25.51
     274.1      25.55
     278.1      25.48
     282.1      25.66
     286.1      25.65
     290.1      25.51
     294.1       25.7
     298.1      25.81
     302.1      25.65
     306.1      25.33
     310.1      25.28
     314.1      25.72
     318.1       25.6
     322.1      25.98
     326.1      25.99
     330.1      26.41
     334.1      26.16
     338.1      26.42
     342.1      26.49
     346.1      26.68
     350.1      26.16
