     6.002  5.398e+08
        10  2.345e+08
     14.01  1.576e+08
     18.01   1.32e+08
     22.01  1.063e+08
     26.01  9.188e+07
     30.01  7.369e+07
     34.01  6.516e+07
     38.02   5.23e+07
     42.02   4.53e+07
     46.02  3.823e+07
     50.02  3.054e+07
     54.02  2.723e+07
     58.02  2.124e+07
     62.02  1.882e+07
     66.03  1.535e+07
     70.03   1.54e+07
     74.03  1.258e+07
     78.03  1.094e+07
     82.03  1.085e+07
     86.03  8.626e+06
     90.04  6.405e+06
     94.04  6.612e+06
     98.04  6.867e+06
       102  5.888e+06
       106  4.939e+06
       110  5.366e+06
       114  5.429e+06
       118  3.813e+06
       122  3.638e+06
       126  2.851e+06
     130.1  3.813e+06
     134.1  3.003e+06
     138.1  2.462e+06
     142.1  1.994e+06
     146.1  1.555e+06
     150.1  1.718e+06
     154.1  1.242e+06
     158.1  1.286e+06
     162.1   1.35e+06
     166.1  1.352e+06
     170.1  9.294e+05
     174.1  9.956e+05
     178.1   8.78e+05
     182.1  7.555e+05
     186.1  7.365e+05
     190.1   7.62e+05
     194.1  6.723e+05
     198.1  6.995e+05
     202.1  8.709e+05
     206.1  1.267e+06
     210.1  7.337e+05
     214.1  5.359e+05
     218.1  5.409e+05
     222.1  7.453e+05
     226.1  3.948e+05
     230.1  3.367e+05
     234.1  3.617e+05
     238.1  2.843e+05
     242.1    2.6e+05
     246.1  2.518e+05
     250.1  2.523e+05
     254.1  1.942e+05
     258.1   2.52e+05
     262.1  1.537e+05
     266.1    1.5e+05
     270.1  1.924e+05
     274.1  1.651e+05
     278.1  1.454e+05
     282.1  1.338e+05
     286.1  1.382e+05
     290.1  1.185e+05
     294.1  6.454e+04
     298.1  5.818e+04
     302.1  4.818e+04
     306.1  3.014e+04
     310.1  5.768e+04
     314.1  4.249e+04
     318.1  1.421e+04
     322.1  5.682e+04
     326.1  2.736e+04
     330.1       8557
     334.1       8776
     338.1          0
     342.1       4696
     346.1       4208
     350.1          0
