     2.001  3.306e+10
     6.002  1.145e+11
        10  1.735e+11
     14.01   2.29e+11
     18.01  2.887e+11
     22.01  3.476e+11
     26.01  4.076e+11
     30.01  4.632e+11
     34.01   5.19e+11
     38.02   5.69e+11
     42.02  6.168e+11
     46.02   6.61e+11
     50.02  6.995e+11
     54.02  7.364e+11
     58.02  7.674e+11
     62.02  7.968e+11
     66.03  8.223e+11
     70.03  8.494e+11
     74.03  8.728e+11
     78.03  8.943e+11
     82.03  9.166e+11
     86.03  9.353e+11
     90.04  9.498e+11
     94.04  9.654e+11
     98.04  9.824e+11
       102  9.975e+11
       106  1.011e+12
       110  1.025e+12
       114  1.041e+12
       118  1.052e+12
       122  1.064e+12
       126  1.073e+12
     130.1  1.085e+12
     134.1  1.095e+12
     138.1  1.104e+12
     142.1  1.111e+12
     146.1  1.117e+12
     150.1  1.123e+12
     154.1  1.128e+12
     158.1  1.133e+12
     162.1  1.138e+12
     166.1  1.144e+12
     170.1  1.148e+12
     174.1  1.152e+12
     178.1  1.156e+12
     182.1   1.16e+12
     186.1  1.163e+12
     190.1  1.167e+12
     194.1   1.17e+12
     198.1  1.174e+12
     202.1  1.178e+12
     206.1  1.185e+12
     210.1  1.189e+12
     214.1  1.191e+12
     218.1  1.194e+12
     222.1  1.199e+12
     226.1  1.201e+12
     230.1  1.203e+12
     234.1  1.205e+12
     238.1  1.207e+12
     242.1  1.208e+12
     246.1   1.21e+12
     250.1  1.211e+12
     254.1  1.213e+12
     258.1  1.214e+12
     262.1  1.215e+12
     266.1  1.216e+12
     270.1  1.217e+12
     274.1  1.219e+12
     278.1   1.22e+12
     282.1  1.221e+12
     286.1  1.222e+12
     290.1  1.222e+12
     294.1  1.223e+12
     298.1  1.223e+12
     302.1  1.224e+12
     306.1  1.224e+12
     310.1  1.224e+12
     314.1  1.225e+12
     318.1  1.225e+12
     322.1  1.225e+12
     326.1  1.226e+12
     330.1  1.226e+12
     334.1  1.226e+12
     338.1  1.226e+12
     342.1  1.226e+12
     346.1  1.226e+12
     350.1  1.226e+12
