     2.001  5.777e-17
     6.002  1.376e-17
        10   8.11e-18
     14.01  6.388e-18
     18.01  6.291e-18
     22.01    4.8e-18
     26.01  4.539e-18
     30.01  3.518e-18
     34.01  2.985e-18
     38.02  2.402e-18
     42.02  2.088e-18
     46.02  1.594e-18
     50.02  1.224e-18
     54.02   1.11e-18
     58.02  8.621e-19
     62.02  6.827e-19
     66.03  6.656e-19
     70.03  6.064e-19
     74.03  5.245e-19
     78.03   4.95e-19
     82.03  3.944e-19
     86.03   3.38e-19
     90.04  2.763e-19
     94.04  2.575e-19
     98.04  2.781e-19
       102  2.031e-19
       106  2.012e-19
       110  1.932e-19
       114  1.748e-19
       118  1.535e-19
       122  1.318e-19
       126  1.303e-19
     130.1  1.461e-19
     134.1  1.629e-19
     138.1  1.172e-19
     142.1  1.117e-19
     146.1   1.67e-19
     150.1  2.671e-19
     154.1  9.287e-20
     158.1  6.041e-20
     162.1  6.377e-20
     166.1  4.651e-20
     170.1  4.791e-20
     174.1  4.305e-20
     178.1  3.611e-20
     182.1  3.846e-20
     186.1  3.471e-20
     190.1  3.509e-20
     194.1  3.022e-20
     198.1  3.693e-20
     202.1  4.081e-20
     206.1  3.775e-20
     210.1  2.442e-20
     214.1  2.639e-20
     218.1  3.338e-20
     222.1  2.194e-20
     226.1  1.986e-20
     230.1  1.663e-20
     234.1  1.512e-20
     238.1  1.731e-20
     242.1  1.448e-20
     246.1   1.25e-20
     250.1  1.261e-20
     254.1  1.137e-20
     258.1  1.303e-20
     262.1  1.151e-20
     266.1  1.243e-20
     270.1  1.403e-20
     274.1  1.396e-20
     278.1  1.423e-20
     282.1  1.357e-20
     286.1  1.243e-20
     290.1  1.068e-20
     294.1  7.829e-21
     298.1   9.64e-21
     302.1  3.376e-21
     306.1  3.679e-21
     310.1  1.021e-20
     314.1  7.069e-21
     318.1  7.721e-21
     322.1  1.458e-20
     326.1   5.66e-21
     330.1  3.162e-21
     334.1  3.451e-21
     338.1  5.543e-21
     342.1  3.109e-21
     346.1  1.511e-21
     350.1      1e-23
