     2.001      18.61
     6.002      20.17
        10      20.74
     14.01         21
     18.01      21.02
     22.01      21.31
     26.01      21.37
     30.01      21.65
     34.01      21.83
     38.02      22.06
     42.02      22.22
     46.02      22.51
     50.02       22.8
     54.02       22.9
     58.02      23.18
     62.02      23.43
     66.03      23.46
     70.03      23.56
     74.03      23.72
     78.03      23.78
     82.03      24.03
     86.03      24.19
     90.04      24.41
     94.04      24.49
     98.04      24.41
       102      24.75
       106      24.76
       110       24.8
       114      24.91
       118      25.05
       122      25.22
       126      25.23
     130.1       25.1
     134.1      24.99
     138.1      25.34
     142.1       25.4
     146.1      24.96
     150.1      24.45
     154.1       25.6
     158.1      26.06
     162.1         26
     166.1      26.35
     170.1      26.32
     174.1      26.43
     178.1      26.62
     182.1      26.55
     186.1      26.66
     190.1      26.65
     194.1      26.82
     198.1       26.6
     202.1      26.49
     206.1      26.57
     210.1      27.05
     214.1      26.96
     218.1      26.71
     222.1      27.16
     226.1      27.27
     230.1      27.46
     234.1      27.57
     238.1      27.42
     242.1      27.61
     246.1      27.77
     250.1      27.76
     254.1      27.88
     258.1      27.73
     262.1      27.86
     266.1      27.78
     270.1      27.65
     274.1      27.65
     278.1      27.63
     282.1      27.68
     286.1      27.78
     290.1      27.94
     294.1      28.28
     298.1      28.06
     302.1       29.2
     306.1       29.1
     310.1      27.99
     314.1      28.39
     318.1       28.3
     322.1      27.61
     326.1      28.63
     330.1      29.27
     334.1      29.17
     338.1      28.66
     342.1      29.28
     346.1      30.07
     350.1      35.52
