     4.001  1.409e-17
        12  9.799e-18
     20.01  7.104e-18
     28.01  4.998e-18
     36.01   3.46e-18
     44.01  2.233e-18
     52.01  1.725e-18
     60.02   1.35e-18
     68.02  1.008e-18
     76.02   8.84e-19
     84.02  7.687e-19
     92.03  6.799e-19
       100  6.803e-19
       108  7.552e-19
       116   4.53e-19
       124  3.643e-19
       132  3.426e-19
       140  3.709e-19
       148  3.722e-19
       156  2.527e-19
       164  2.754e-19
       172  3.285e-19
       180  2.545e-19
     188.1  1.927e-19
     196.1  2.049e-19
     204.1  1.763e-19
     212.1   1.96e-19
     220.1  1.629e-19
     228.1   1.79e-19
     236.1  1.974e-19
     244.1  2.053e-19
     252.1  1.242e-19
     260.1  1.217e-19
     268.1  1.166e-19
     276.1  9.972e-20
     284.1   8.83e-20
     292.1  9.303e-20
     300.1  8.203e-20
     308.1  1.216e-19
     316.1   8.74e-20
     324.1  6.479e-20
     332.1  4.933e-20
     340.1  4.229e-20
     348.1  3.958e-20
