     4.001    1.7e-16
        12  7.444e-18
     20.01  6.349e-18
     28.01  3.635e-18
     36.01  2.575e-18
     44.01  1.983e-18
     52.01  1.584e-18
     60.02  1.687e-18
     68.02  1.512e-18
     76.02  1.009e-18
     84.02  8.528e-19
     92.03  9.892e-19
       100  6.693e-19
       108  5.717e-19
       116  5.023e-19
       124  5.536e-19
       132  4.082e-19
       140  3.418e-19
       148  2.902e-19
       156  2.621e-19
       164  2.206e-19
       172  2.099e-19
       180   1.85e-19
     188.1  1.773e-19
     196.1  1.756e-19
     204.1  1.632e-19
     212.1  1.727e-19
     220.1  1.573e-19
     228.1   1.43e-19
     236.1  1.242e-19
     244.1  1.337e-19
     252.1  1.288e-19
     260.1   1.18e-19
     268.1  1.061e-19
     276.1  1.496e-19
     284.1  9.194e-20
     292.1  7.639e-20
     300.1  9.002e-20
     308.1  8.364e-20
     316.1  6.829e-20
     324.1   1.22e-19
     332.1  8.219e-20
     340.1  1.102e-19
     348.1  1.139e-19
