     4.001  1.854e-17
        12  7.556e-18
        20  4.451e-18
     28.01   3.88e-18
     36.01  1.558e-18
     44.01  1.006e-18
     52.01  7.736e-19
     60.01  6.882e-19
     68.02  5.155e-19
     76.02  4.794e-19
     84.02    3.3e-19
     92.02  2.621e-19
       100   2.75e-19
       108  2.742e-19
       116  2.054e-19
       124  1.773e-19
       132  1.433e-19
       140  1.358e-19
       148  1.159e-19
       156  1.047e-19
       164  1.022e-19
       172  8.504e-20
       180  8.446e-20
       188  8.303e-20
       196  8.074e-20
       204  5.956e-20
       212  6.808e-20
     220.1  5.036e-20
     228.1  4.666e-20
     236.1  5.244e-20
     244.1  6.921e-20
     252.1  8.281e-20
     260.1  5.181e-20
     268.1  4.294e-20
     276.1  3.667e-20
     284.1  2.947e-20
     292.1  2.567e-20
     300.1  3.492e-20
     308.1  3.252e-20
     316.1  4.545e-20
     324.1  3.624e-20
     332.1    3.9e-20
     340.1  3.431e-20
     348.1  2.038e-20
