     4.001  4.569e-18
        12  2.947e-18
     20.01  2.232e-18
     28.01   1.75e-18
     36.01  1.414e-18
     44.01  1.241e-18
     52.01  9.527e-19
     60.02  7.074e-19
     68.02  5.909e-19
     76.02  5.341e-19
     84.02  5.605e-19
     92.03  5.301e-19
       100  5.379e-19
       108  5.024e-19
       116  5.212e-19
       124  3.926e-19
       132  4.108e-19
       140   2.92e-19
       148  2.298e-19
       156  2.107e-19
       164  1.748e-19
       172  1.737e-19
       180  1.794e-19
     188.1  1.656e-19
     196.1  1.668e-19
     204.1  1.439e-19
     212.1  1.326e-19
     220.1  1.238e-19
     228.1  1.186e-19
     236.1  1.068e-19
     244.1  1.224e-19
     252.1  1.103e-19
     260.1  7.895e-20
     268.1  7.466e-20
     276.1   7.52e-20
     284.1  7.259e-20
     292.1  7.435e-20
     300.1  5.831e-20
     308.1  5.117e-20
     316.1  5.712e-20
     324.1  5.642e-20
     332.1  4.976e-20
     340.1   5.41e-20
     348.1  8.706e-20
