     4.002  5.602e-17
        12  1.743e-17
     20.01  1.151e-17
     28.01  5.813e-18
     36.01  3.747e-18
     44.02  3.023e-18
     52.02  3.152e-18
     60.02  2.795e-18
     68.03  2.379e-18
     76.03  1.552e-18
     84.03   1.88e-18
     92.04  1.156e-18
       100  7.685e-19
       108  6.346e-19
       116  6.147e-19
       124  4.364e-19
     132.1   4.32e-19
     140.1  4.071e-19
     148.1  3.486e-19
     156.1  3.014e-19
     164.1  3.257e-19
     172.1  3.376e-19
     180.1  2.951e-19
     188.1  2.718e-19
     196.1  2.275e-19
     204.1  2.155e-19
     212.1  1.974e-19
     220.1  1.809e-19
     228.1  1.686e-19
     236.1  1.787e-19
     244.1  1.459e-19
     252.1  1.993e-19
     260.1  2.596e-19
     268.1  1.232e-19
     276.1  7.361e-20
     284.1  5.062e-20
     292.1   4.63e-20
     300.1  3.483e-20
     308.1  2.787e-20
     316.1  2.901e-20
     324.1   3.87e-20
     332.1  4.147e-20
     340.1  2.213e-20
     348.1  1.473e-20
