     4.001  1.656e-16
        12   1.21e-17
        20  7.155e-18
     28.01  5.019e-18
     36.01  2.902e-18
     44.01  2.178e-18
     52.01   1.66e-18
     60.01  1.295e-18
     68.02  9.985e-19
     76.02   8.36e-19
     84.02  7.424e-19
     92.02  4.405e-19
       100  3.581e-19
       108  3.343e-19
       116  2.962e-19
       124  2.626e-19
       132  2.167e-19
       140  2.068e-19
       148  2.537e-19
       156  3.398e-19
       164  2.245e-19
       172  1.568e-19
       180  1.578e-19
       188  1.734e-19
       196  1.596e-19
       204  1.792e-19
       212  2.225e-19
     220.1  1.256e-19
     228.1   2.17e-19
     236.1   1.76e-19
     244.1  1.313e-19
     252.1  1.092e-19
     260.1  6.949e-20
     268.1  5.448e-20
     276.1  5.775e-20
     284.1  7.987e-20
     292.1  1.075e-19
     300.1  1.748e-19
     308.1  1.578e-20
     316.1  2.353e-20
     324.1  1.363e-20
     332.1  6.772e-21
     340.1   1.18e-20
     348.1  1.283e-20
