     4.002  7.365e-17
        12  1.198e-17
     20.01  6.891e-18
     28.01  5.137e-18
     36.01  3.873e-18
     44.02  3.028e-18
     52.02  2.954e-18
     60.02  2.876e-18
     68.03  2.083e-18
     76.03  1.881e-18
     84.03  1.294e-18
     92.04  1.321e-18
       100  8.838e-19
       108  7.883e-19
       116  7.845e-19
       124   5.86e-19
     132.1    6.8e-19
     140.1  3.863e-19
     148.1  2.452e-19
     156.1   2.37e-19
     164.1  2.728e-19
     172.1  2.016e-19
     180.1  1.886e-19
     188.1  2.358e-19
     196.1  1.375e-19
     204.1  1.038e-19
     212.1  1.117e-19
     220.1  1.656e-19
     228.1  1.031e-19
     236.1  1.138e-19
     244.1  8.663e-20
     252.1  6.139e-20
     260.1   5.88e-20
     268.1  5.797e-20
     276.1  7.978e-20
     284.1  8.494e-20
     292.1   2.88e-20
     300.1  2.086e-20
     308.1  1.835e-20
     316.1  1.575e-20
     324.1  1.574e-20
     332.1  1.881e-20
     340.1  1.162e-20
     348.1   1.33e-20
