     4.001  1.764e-17
        12  9.357e-18
     20.01  6.446e-18
     28.01  5.674e-18
     36.01  3.545e-18
     44.01  2.438e-18
     52.01  1.854e-18
     60.02   1.44e-18
     68.02  1.209e-18
     76.02  1.087e-18
     84.02  8.338e-19
     92.03  7.026e-19
       100  5.711e-19
       108  5.413e-19
       116  4.454e-19
       124  4.239e-19
       132  4.047e-19
       140  3.286e-19
       148  2.956e-19
       156  2.824e-19
       164  2.539e-19
       172  2.181e-19
       180  1.992e-19
     188.1  1.924e-19
     196.1   1.59e-19
     204.1    1.5e-19
     212.1  1.342e-19
     220.1  1.288e-19
     228.1  1.699e-19
     236.1  1.123e-19
     244.1  1.128e-19
     252.1  2.104e-19
     260.1  9.046e-20
     268.1  6.771e-20
     276.1  6.429e-20
     284.1   6.79e-20
     292.1  5.336e-20
     300.1  4.834e-20
     308.1  4.661e-20
     316.1  3.982e-20
     324.1  3.951e-20
     332.1  3.513e-20
     340.1  2.588e-20
     348.1   2.78e-20
