     4.001  3.436e-17
        12  5.087e-18
     20.01  3.785e-18
     28.01  1.879e-18
     36.01  1.419e-18
     44.01   1.17e-18
     52.01  1.044e-18
     60.02    8.7e-19
     68.02  7.043e-19
     76.02  5.289e-19
     84.02   3.95e-19
     92.03  3.199e-19
       100  2.452e-19
       108  2.022e-19
       116  1.806e-19
       124  1.481e-19
       132  1.327e-19
       140  1.112e-19
       148  1.078e-19
       156      1e-19
       164  8.392e-20
       172  6.619e-20
       180  6.364e-20
     188.1  5.809e-20
     196.1  6.246e-20
     204.1  5.351e-20
     212.1  5.142e-20
     220.1  4.685e-20
     228.1  4.246e-20
     236.1  5.119e-20
     244.1  4.201e-20
     252.1  4.172e-20
     260.1  4.641e-20
     268.1  4.009e-20
     276.1  3.766e-20
     284.1  3.787e-20
     292.1  9.541e-20
     300.1  2.233e-20
     308.1  1.937e-20
     316.1  1.666e-20
     324.1  1.366e-20
     332.1  2.623e-20
     340.1  1.301e-20
     348.1  7.124e-21
