     4.001  7.196e-18
        12  6.513e-18
     20.01  4.749e-18
     28.01  4.167e-18
     36.01  3.029e-18
     44.01  2.578e-18
     52.01  1.767e-18
     60.02  1.328e-18
     68.02  1.244e-18
     76.02  1.012e-18
     84.02  8.819e-19
     92.03   8.71e-19
       100   7.42e-19
       108  6.458e-19
       116   6.19e-19
       124   5.18e-19
       132  4.588e-19
       140  4.749e-19
       148  3.966e-19
       156  3.877e-19
       164  4.084e-19
       172  3.566e-19
       180  3.059e-19
     188.1  2.899e-19
     196.1  2.902e-19
     204.1  2.503e-19
     212.1  2.401e-19
     220.1  2.144e-19
     228.1  2.097e-19
     236.1  2.129e-19
     244.1  1.994e-19
     252.1  2.059e-19
     260.1  1.595e-19
     268.1  1.327e-19
     276.1  1.331e-19
     284.1  1.149e-19
     292.1  1.037e-19
     300.1  9.912e-20
     308.1  8.859e-20
     316.1  8.444e-20
     324.1  8.371e-20
     332.1  8.162e-20
     340.1  9.022e-20
     348.1  7.496e-20
