     4.001  1.865e-17
        12  4.669e-18
     20.01  4.467e-18
     28.01  3.597e-18
     36.01   2.03e-18
     44.01  1.324e-18
     52.01  9.595e-19
     60.02  7.308e-19
     68.02  6.688e-19
     76.02  5.329e-19
     84.02  4.381e-19
     92.03  3.268e-19
       100   2.78e-19
       108  2.362e-19
       116  2.057e-19
       124   1.81e-19
       132  1.503e-19
       140  1.359e-19
       148  9.875e-20
       156  8.917e-20
       164  8.249e-20
       172  7.432e-20
       180  6.434e-20
     188.1  5.961e-20
     196.1  5.259e-20
     204.1  5.345e-20
     212.1  5.159e-20
     220.1  4.013e-20
     228.1  3.724e-20
     236.1  3.242e-20
     244.1  3.399e-20
     252.1  3.157e-20
     260.1  2.519e-20
     268.1  2.832e-20
     276.1   2.38e-20
     284.1  2.182e-20
     292.1  1.931e-20
     300.1  1.632e-20
     308.1  2.374e-20
     316.1  2.046e-20
     324.1   1.12e-20
     332.1   1.04e-20
     340.1   6.06e-21
     348.1  1.916e-20
