     4.001  1.389e-17
        12  1.962e-18
     20.01   1.43e-18
     28.01  9.645e-19
     36.01  6.468e-19
     44.01  4.557e-19
     52.01  3.521e-19
     60.02  2.684e-19
     68.02  1.987e-19
     76.02  1.564e-19
     84.02   1.31e-19
     92.03  1.172e-19
       100  9.902e-20
       108  8.528e-20
       116  7.325e-20
       124  6.046e-20
       132  5.833e-20
       140  4.619e-20
       148   4.13e-20
       156  4.984e-20
       164  8.383e-20
       172  1.094e-19
       180  4.854e-20
     188.1  3.775e-20
     196.1  4.091e-20
     204.1  3.988e-20
     212.1  2.275e-20
     220.1  2.079e-20
     228.1  1.412e-20
     236.1  1.561e-20
     244.1   1.41e-20
     252.1  1.493e-20
     260.1  1.635e-20
     268.1  1.115e-20
     276.1   1.18e-20
     284.1  1.677e-20
     292.1  1.565e-20
     300.1  2.087e-20
     308.1    1.9e-20
     316.1  1.146e-20
     324.1  8.942e-21
     332.1  3.259e-20
     340.1  2.208e-20
     348.1  7.398e-20
