     4.002  1.408e-16
        12  8.725e-18
     20.01  7.018e-18
     28.01    4.3e-18
     36.01  2.685e-18
     44.02  1.959e-18
     52.02  1.509e-18
     60.02  1.071e-18
     68.03  8.226e-19
     76.03  7.221e-19
     84.03  5.636e-19
     92.04   4.22e-19
       100  4.439e-19
       108   3.76e-19
       116  2.419e-19
       124  1.996e-19
     132.1  2.054e-19
     140.1   1.78e-19
     148.1  1.305e-19
     156.1  1.231e-19
     164.1  1.021e-19
     172.1  1.059e-19
     180.1  8.986e-20
     188.1   6.26e-20
     196.1  6.673e-20
     204.1   5.25e-20
     212.1  4.529e-20
     220.1   4.18e-20
     228.1  4.237e-20
     236.1  3.539e-20
     244.1   2.56e-20
     252.1  2.711e-20
     260.1  1.898e-20
     268.1   1.54e-20
     276.1   9.97e-21
     284.1  1.082e-20
     292.1  9.274e-21
     300.1  9.842e-21
     308.1  1.107e-20
     316.1  1.885e-20
     324.1  3.556e-20
     332.1  1.577e-20
     340.1  3.646e-20
     348.1  1.192e-19
