     4.002    2.2e-17
        12  1.018e-17
     20.01  5.903e-18
     28.01  3.508e-18
     36.01  2.456e-18
     44.02  1.722e-18
     52.02  1.392e-18
     60.02  1.178e-18
     68.03  1.016e-18
     76.03  6.575e-19
     84.03  5.071e-19
     92.04  4.653e-19
       100  3.032e-19
       108  3.232e-19
       116   2.77e-19
       124  3.108e-19
     132.1  2.576e-19
     140.1  2.254e-19
     148.1  2.019e-19
     156.1  1.652e-19
     164.1  1.521e-19
     172.1  1.303e-19
     180.1  1.182e-19
     188.1  8.954e-20
     196.1  9.026e-20
     204.1  8.451e-20
     212.1  7.786e-20
     220.1   7.53e-20
     228.1   7.59e-20
     236.1  8.615e-20
     244.1  7.209e-20
     252.1  7.164e-20
     260.1   5.46e-20
     268.1  6.181e-20
     276.1  4.498e-20
     284.1  3.439e-20
     292.1  6.032e-20
     300.1  3.991e-20
     308.1  3.438e-20
     316.1  2.834e-20
     324.1  3.316e-20
     332.1  5.009e-20
     340.1  7.019e-20
     348.1  7.979e-21
