     4.002  3.532e-17
        12  1.246e-17
     20.01  7.621e-18
     28.01  5.311e-18
     36.01  3.684e-18
     44.02   3.07e-18
     52.02  2.384e-18
     60.02  2.207e-18
     68.03  1.426e-18
     76.03  1.079e-18
     84.03  9.617e-19
     92.04  7.639e-19
       100  6.279e-19
       108   5.11e-19
       116  5.159e-19
       124  4.543e-19
     132.1  4.402e-19
     140.1  3.199e-19
     148.1  2.837e-19
     156.1   2.51e-19
     164.1  2.339e-19
     172.1  2.217e-19
     180.1  1.855e-19
     188.1  1.895e-19
     196.1  1.639e-19
     204.1  1.547e-19
     212.1  1.539e-19
     220.1  1.284e-19
     228.1  1.305e-19
     236.1  1.392e-19
     244.1  1.921e-19
     252.1  1.375e-19
     260.1   1.09e-19
     268.1   1.16e-19
     276.1  1.349e-19
     284.1  1.225e-19
     292.1  8.099e-20
     300.1  6.708e-20
     308.1  6.315e-20
     316.1  6.195e-20
     324.1  7.962e-20
     332.1  5.088e-20
     340.1  4.412e-20
     348.1  3.299e-20
