     4.002  1.253e-17
        12  5.763e-18
     20.01  3.857e-18
     28.01  2.759e-18
     36.01  1.616e-18
     44.02  8.608e-19
     52.02  6.423e-19
     60.02  4.803e-19
     68.03  3.738e-19
     76.03  3.165e-19
     84.03  3.843e-19
     92.04   3.88e-19
       100  2.765e-19
       108  2.396e-19
       116  2.455e-19
       124  2.029e-19
     132.1  2.255e-19
     140.1  1.874e-19
     148.1   1.69e-19
     156.1   1.24e-19
     164.1  1.299e-19
     172.1  9.389e-20
     180.1  8.777e-20
     188.1  7.753e-20
     196.1  8.055e-20
     204.1  1.019e-19
     212.1  1.472e-19
     220.1  6.757e-20
     228.1  8.517e-20
     236.1  1.051e-19
     244.1  9.213e-20
     252.1  9.853e-20
     260.1  1.093e-19
     268.1  8.784e-20
     276.1  8.348e-20
     284.1  1.105e-19
     292.1   1.01e-19
     300.1  1.984e-19
     308.1  2.615e-19
     316.1  9.851e-20
     324.1  8.321e-20
     332.1   3.25e-19
     340.1  1.261e-19
     348.1  7.448e-20
