     4.001  1.296e-17
        12  5.074e-18
     20.01   3.65e-18
     28.01  2.638e-18
     36.01  2.533e-18
     44.01  1.479e-18
     52.01  1.166e-18
     60.02   8.94e-19
     68.02  7.834e-19
     76.02  5.454e-19
     84.02  4.486e-19
     92.03  3.975e-19
       100   3.04e-19
       108  2.632e-19
       116  2.321e-19
       124  2.126e-19
       132  1.887e-19
       140  1.488e-19
       148  1.411e-19
       156  1.284e-19
       164  1.147e-19
       172  1.046e-19
       180  8.833e-20
     188.1  9.621e-20
     196.1  8.121e-20
     204.1   8.16e-20
     212.1  8.523e-20
     220.1  6.289e-20
     228.1   6.74e-20
     236.1  6.952e-20
     244.1  1.034e-19
     252.1  4.144e-20
     260.1  3.043e-20
     268.1  2.985e-20
     276.1  3.057e-20
     284.1  2.181e-20
     292.1  2.528e-20
     300.1  2.004e-20
     308.1  1.774e-20
     316.1  1.334e-20
     324.1  1.088e-20
     332.1  1.201e-20
     340.1  9.982e-21
     348.1  1.438e-20
