     4.002  1.759e-17
        12  1.202e-17
     20.01  6.153e-18
     28.01  3.341e-18
     36.01  2.468e-18
     44.02   2.02e-18
     52.02  1.484e-18
     60.02   1.27e-18
     68.03  1.101e-18
     76.03  8.116e-19
     84.03  7.678e-19
     92.04  6.589e-19
       100  6.824e-19
       108  5.695e-19
       116  4.475e-19
       124  4.823e-19
     132.1  4.812e-19
     140.1  3.118e-19
     148.1  2.878e-19
     156.1  2.847e-19
     164.1  2.955e-19
     172.1  2.082e-19
     180.1   2.09e-19
     188.1  1.788e-19
     196.1   1.59e-19
     204.1  1.216e-19
     212.1  1.109e-19
     220.1  1.135e-19
     228.1  1.157e-19
     236.1  1.102e-19
     244.1  1.043e-19
     252.1  6.149e-20
     260.1  5.322e-20
     268.1  4.932e-20
     276.1  5.245e-20
     284.1  4.676e-20
     292.1  4.856e-20
     300.1  7.958e-20
     308.1  5.639e-19
     316.1  3.447e-19
     324.1  6.498e-20
     332.1  3.805e-20
     340.1  2.345e-20
     348.1  8.475e-21
