     4.093  3.609e-18
     12.28  1.312e-18
     20.46  8.801e-19
     28.65  7.224e-19
     36.83  4.916e-19
     45.02  3.871e-19
      53.2  2.807e-19
     61.39  3.602e-19
     69.58  1.463e-19
     77.76   1.44e-19
     85.95  1.139e-19
     94.13  8.679e-20
     102.3  7.087e-20
     110.5  6.345e-20
     118.7  6.153e-20
     126.9  5.831e-20
     135.1  4.591e-20
     143.2  5.415e-20
     151.4  3.727e-20
     159.6   3.79e-20
     167.8  3.406e-20
       176  2.836e-20
     184.2  2.901e-20
     192.4  2.771e-20
     200.5  2.189e-20
     208.7  2.329e-20
     216.9  2.123e-20
     225.1  1.628e-20
     233.3  1.279e-20
     241.5  1.418e-20
     249.7  1.227e-20
     257.8  1.386e-20
       266  1.531e-20
     274.2  1.253e-20
     282.4  1.042e-20
     290.6  1.043e-20
     298.8  1.006e-20
       307  8.844e-21
     315.1  9.169e-21
     323.3  6.853e-21
     331.5  6.175e-21
     339.7  6.234e-21
     347.9  9.613e-21
