     4.002  2.645e-17
        12  4.012e-18
     20.01  2.966e-18
     28.01  1.686e-18
     36.01  1.009e-18
     44.02  7.923e-19
     52.02  4.495e-19
     60.02  3.494e-19
     68.03  2.226e-19
     76.03  2.098e-19
     84.03  1.633e-19
     92.04  1.466e-19
       100  1.081e-19
       108  9.331e-20
       116  7.616e-20
       124  5.219e-20
     132.1  5.233e-20
     140.1  5.494e-20
     148.1  4.459e-20
     156.1  3.008e-20
     164.1   3.26e-20
     172.1  3.454e-20
     180.1   2.93e-20
     188.1  2.703e-20
     196.1  2.567e-20
     204.1  1.706e-20
     212.1  1.385e-20
     220.1  1.524e-20
     228.1  1.928e-20
     236.1  1.077e-20
     244.1  6.408e-21
     252.1  6.772e-21
     260.1  5.977e-21
     268.1  7.521e-21
     276.1  1.282e-20
     284.1  8.882e-21
     292.1  1.012e-20
     300.1  7.592e-21
     308.1  6.262e-21
     316.1  8.141e-21
     324.1  1.606e-21
     332.1   5.64e-21
     340.1   3.27e-21
     348.1  1.216e-20
