     4.002  3.641e-18
        12   2.22e-18
     20.01  1.931e-18
     28.01  1.869e-18
     36.01  1.338e-18
     44.02  9.714e-19
     52.02  7.913e-19
     60.02  8.156e-19
     68.03   1.36e-18
     76.03  9.498e-19
     84.03  1.151e-18
     92.04  8.031e-19
       100  6.958e-19
       108  8.408e-19
       116  9.392e-19
       124   4.05e-19
     132.1  3.607e-19
     140.1  4.395e-19
     148.1  4.014e-19
     156.1  4.228e-19
     164.1  4.555e-19
     172.1  4.678e-19
     180.1   4.62e-19
     188.1   4.18e-19
     196.1  4.044e-19
     204.1  4.076e-19
     212.1  3.205e-19
     220.1  3.529e-19
     228.1   3.55e-19
     236.1  2.675e-19
     244.1  2.651e-19
     252.1  2.158e-19
     260.1   1.99e-19
     268.1  2.242e-19
     276.1  2.599e-19
     284.1  3.957e-19
     292.1  3.316e-19
     300.1  2.484e-19
     308.1  2.604e-19
     316.1  2.866e-19
     324.1  2.639e-19
     332.1   1.77e-19
     340.1  1.285e-19
     348.1  1.127e-19
