     4.002  5.571e-16
        12  1.576e-17
     20.01  9.808e-18
     28.01  5.391e-18
     36.01  3.446e-18
     44.02  2.406e-18
     52.02  2.022e-18
     60.02  1.493e-18
     68.03  1.175e-18
     76.03  9.543e-19
     84.03  9.207e-19
     92.04  7.075e-19
       100  6.915e-19
       108  5.642e-19
       116  4.147e-19
       124  3.579e-19
     132.1  3.297e-19
     140.1  2.437e-19
     148.1  2.019e-19
     156.1  1.922e-19
     164.1  1.721e-19
     172.1  1.532e-19
     180.1  1.417e-19
     188.1  1.268e-19
     196.1  1.038e-19
     204.1  1.061e-19
     212.1  9.729e-20
     220.1  7.766e-20
     228.1  7.301e-20
     236.1  5.265e-20
     244.1  4.792e-20
     252.1  5.706e-20
     260.1  4.048e-20
     268.1  5.838e-20
     276.1  6.069e-20
     284.1  4.393e-20
     292.1  4.873e-20
     300.1  4.078e-20
     308.1  3.546e-20
     316.1  3.147e-20
     324.1  2.666e-20
     332.1  1.454e-20
     340.1  1.353e-20
     348.1  3.768e-20
