     4.001  9.362e-18
        12  6.334e-18
     20.01  4.948e-18
     28.01  3.579e-18
     36.01   2.66e-18
     44.01  2.118e-18
     52.01  1.497e-18
     60.02  1.464e-18
     68.02   1.04e-18
     76.02  7.807e-19
     84.02  7.288e-19
     92.03  6.633e-19
       100  5.454e-19
       108  4.658e-19
       116  3.973e-19
       124  3.736e-19
       132  3.412e-19
       140  3.305e-19
       148  2.729e-19
       156  2.665e-19
       164  2.251e-19
       172  2.091e-19
       180  2.123e-19
     188.1  2.026e-19
     196.1  1.673e-19
     204.1  1.591e-19
     212.1  1.387e-19
     220.1   1.29e-19
     228.1  1.353e-19
     236.1  1.423e-19
     244.1  1.089e-19
     252.1  1.005e-19
     260.1  9.138e-20
     268.1  8.263e-20
     276.1  7.235e-20
     284.1  6.031e-20
     292.1  7.111e-20
     300.1  6.251e-20
     308.1  5.517e-20
     316.1  5.077e-20
     324.1  5.498e-20
     332.1  4.028e-20
     340.1  3.899e-20
     348.1  3.756e-20
