     4.001  8.623e-18
        12   4.74e-18
     20.01  3.157e-18
     28.01  2.484e-18
     36.01  1.816e-18
     44.01  1.477e-18
     52.01  1.717e-18
     60.02  1.124e-18
     68.02  9.611e-19
     76.02  7.029e-19
     84.02  6.841e-19
     92.03  6.033e-19
       100  5.562e-19
       108  4.258e-19
       116   3.81e-19
       124  3.436e-19
       132  3.128e-19
       140  2.765e-19
       148  2.662e-19
       156  2.735e-19
       164  2.467e-19
       172  2.499e-19
       180  2.769e-19
     188.1  2.662e-19
     196.1  2.714e-19
     204.1  1.639e-19
     212.1  1.422e-19
     220.1  1.233e-19
     228.1  1.067e-19
     236.1  9.761e-20
     244.1  1.088e-19
     252.1  1.253e-19
     260.1  8.799e-20
     268.1  7.989e-20
     276.1  1.392e-19
     284.1  6.034e-20
     292.1  4.611e-20
     300.1  4.734e-20
     308.1  2.872e-20
     316.1  3.809e-20
     324.1  3.568e-20
     332.1  1.957e-20
     340.1  2.609e-20
     348.1  1.269e-20
