     4.001  7.049e-18
        12  4.925e-18
     20.01  4.223e-18
     28.01  3.302e-18
     36.01  3.113e-18
     44.01  2.271e-18
     52.01  1.874e-18
     60.02  1.433e-18
     68.02  1.702e-18
     76.02  1.104e-18
     84.02  7.902e-19
     92.03  7.096e-19
       100  6.449e-19
       108  5.911e-19
       116  5.991e-19
       124  4.941e-19
       132  3.928e-19
       140  3.932e-19
       148  3.738e-19
       156  3.513e-19
       164   2.98e-19
       172  3.236e-19
       180  2.894e-19
     188.1  2.328e-19
     196.1  2.103e-19
     204.1  1.875e-19
     212.1  1.776e-19
     220.1  1.616e-19
     228.1  1.547e-19
     236.1  1.461e-19
     244.1  1.396e-19
     252.1   1.29e-19
     260.1  1.184e-19
     268.1  1.065e-19
     276.1  1.005e-19
     284.1  8.842e-20
     292.1  7.936e-20
     300.1   8.33e-20
     308.1   8.35e-20
     316.1  7.929e-20
     324.1  6.239e-20
     332.1  6.031e-20
     340.1  5.934e-20
     348.1  8.433e-20
