     4.001  5.418e-18
        12  4.155e-18
     20.01   2.67e-18
     28.01  1.723e-18
     36.01  1.162e-18
     44.01  8.613e-19
     52.01  8.499e-19
     60.02  1.364e-18
     68.02   6.93e-19
     76.02   4.44e-19
     84.02  4.567e-19
     92.03  3.266e-19
       100  2.549e-19
       108  2.067e-19
       116  1.784e-19
       124  1.598e-19
       132  1.363e-19
       140  1.183e-19
       148   1.17e-19
       156  1.003e-19
       164  8.094e-20
       172  8.658e-20
       180  7.368e-20
     188.1  7.374e-20
     196.1  7.081e-20
     204.1  5.925e-20
     212.1  5.509e-20
     220.1  4.996e-20
     228.1   5.88e-20
     236.1  4.689e-20
     244.1  4.495e-20
     252.1  4.919e-20
     260.1  4.283e-20
     268.1  4.799e-20
     276.1  4.735e-20
     284.1  4.511e-20
     292.1  4.641e-20
     300.1  4.291e-20
     308.1  4.544e-20
     316.1  3.466e-20
     324.1   4.06e-20
     332.1  2.939e-20
     340.1  2.959e-20
     348.1  2.093e-20
