      4.09  1.749e-17
     12.27  3.938e-18
     20.45  4.145e-18
     28.63  2.351e-18
     36.81  1.435e-18
     44.99  6.579e-19
     53.17  4.275e-19
     61.36   2.88e-19
     69.54  2.763e-19
     77.72  2.162e-19
      85.9  1.692e-19
     94.08  1.279e-19
     102.3  7.704e-20
     110.4  5.659e-20
     118.6  5.722e-20
     126.8  5.306e-20
       135  3.631e-20
     143.2  3.697e-20
     151.3  3.907e-20
     159.5  1.966e-20
     167.7  1.442e-20
     175.9  1.594e-20
     184.1  9.447e-21
     192.2  7.079e-21
     200.4  4.588e-21
     208.6   4.65e-21
     216.8  4.265e-21
       225  4.411e-21
     233.2  1.479e-21
     241.3  3.895e-21
     249.5   2.57e-21
     257.7   3.34e-21
     265.9  5.536e-21
     274.1  4.876e-21
     282.2  4.566e-21
     290.4  3.783e-21
     298.6   2.58e-21
     306.8  4.669e-21
       315  1.242e-21
     323.1  4.137e-22
     331.3  1.603e-21
     339.5  5.236e-21
     347.7  1.045e-23
