     4.001  1.042e-17
        12  7.101e-18
     20.01  5.188e-18
     28.01  4.392e-18
     36.01  3.374e-18
     44.01  3.004e-18
     52.02  1.763e-18
     60.02  1.142e-18
     68.02  8.727e-19
     76.02  6.581e-19
     84.03  7.704e-19
     92.03   5.85e-19
       100   4.94e-19
       108  5.665e-19
       116  4.802e-19
       124  4.143e-19
       132  3.451e-19
       140  2.974e-19
       148   2.57e-19
       156  2.227e-19
     164.1  1.949e-19
     172.1  1.582e-19
     180.1  1.464e-19
     188.1  1.305e-19
     196.1  1.346e-19
     204.1  1.446e-19
     212.1   2.45e-19
     220.1  8.058e-20
     228.1  6.386e-20
     236.1  6.306e-20
     244.1  5.921e-20
     252.1  5.125e-20
     260.1   4.52e-20
     268.1  4.029e-20
     276.1  3.306e-20
     284.1  3.208e-20
     292.1  2.156e-20
     300.1  2.886e-20
     308.1  4.215e-20
     316.1  4.633e-20
     324.1  1.759e-20
     332.1  8.817e-21
     340.1  1.474e-20
     348.1  5.619e-21
