     4.002   4.15e-17
        12  1.486e-17
     20.01  9.195e-18
     28.01  6.142e-18
     36.01  6.376e-18
     44.02  3.365e-18
     52.02  2.159e-18
     60.02  1.731e-18
     68.03  1.614e-18
     76.03  1.307e-18
     84.03   1.08e-18
     92.04  8.787e-19
       100  6.648e-19
       108  5.462e-19
       116  4.502e-19
       124   3.94e-19
     132.1  3.564e-19
     140.1  2.625e-19
     148.1  2.136e-19
     156.1  1.716e-19
     164.1  1.459e-19
     172.1  1.329e-19
     180.1  1.208e-19
     188.1  1.085e-19
     196.1   8.78e-20
     204.1  8.905e-20
     212.1  8.185e-20
     220.1   7.28e-20
     228.1  6.774e-20
     236.1  5.657e-20
     244.1  4.773e-20
     252.1  4.284e-20
     260.1  4.815e-20
     268.1  3.341e-20
     276.1  3.269e-20
     284.1  3.742e-20
     292.1  2.095e-20
     300.1  2.391e-20
     308.1  2.931e-20
     316.1  2.209e-20
     324.1  1.862e-20
     332.1  1.167e-20
     340.1  7.476e-21
     348.1  2.346e-20
