     4.002  2.392e-17
        12   7.05e-18
     20.01  5.471e-18
     28.01  3.989e-18
     36.01  2.671e-18
     44.02  1.835e-18
     52.02  1.165e-18
     60.02  7.691e-19
     68.03   6.36e-19
     76.03  5.099e-19
     84.03  3.659e-19
     92.04   2.67e-19
       100  2.403e-19
       108  1.971e-19
       116  1.641e-19
       124   1.31e-19
     132.1  1.546e-19
     140.1  1.145e-19
     148.1   2.18e-19
     156.1  7.595e-20
     164.1  5.493e-20
     172.1  4.544e-20
     180.1  3.731e-20
     188.1   3.49e-20
     196.1  3.366e-20
     204.1  3.926e-20
     212.1  2.543e-20
     220.1  2.758e-20
     228.1  1.824e-20
     236.1   1.62e-20
     244.1  1.348e-20
     252.1  1.205e-20
     260.1  1.232e-20
     268.1  1.319e-20
     276.1  1.409e-20
     284.1  1.301e-20
     292.1  9.338e-21
     300.1  6.679e-21
     308.1  6.878e-21
     316.1  7.377e-21
     324.1  1.052e-20
     332.1  3.298e-21
     340.1  4.518e-21
     348.1  1.136e-21
