     4.001  2.394e-17
        12  5.925e-18
     20.01  3.673e-18
     28.01  4.011e-18
     36.01  3.756e-18
     44.01  1.742e-18
     52.02  1.216e-18
     60.02  1.029e-18
     68.02  8.437e-19
     76.02   6.11e-19
     84.03  4.077e-19
     92.03  3.176e-19
       100   2.66e-19
       108  2.753e-19
       116  2.063e-19
       124  1.645e-19
       132  1.151e-19
       140  8.832e-20
       148  9.613e-20
       156  1.274e-19
     164.1  8.857e-20
     172.1  9.052e-20
     180.1  9.631e-20
     188.1  1.502e-19
     196.1      1e-19
     204.1   8.28e-20
     212.1  2.922e-20
     220.1  2.392e-20
     228.1  1.968e-20
     236.1   1.93e-20
     244.1  1.883e-20
     252.1  1.326e-20
     260.1  1.271e-20
     268.1  1.121e-20
     276.1  6.616e-21
     284.1  7.526e-21
     292.1  5.423e-21
     300.1   2.65e-21
     308.1  5.225e-21
     316.1  3.582e-21
     324.1  4.095e-21
     332.1  1.475e-21
     340.1  2.168e-20
     348.1  7.368e-20
