     4.002  1.584e-17
        12  7.548e-18
     20.01  4.627e-18
     28.01  4.349e-18
     36.01  2.409e-18
     44.02  1.995e-18
     52.02  1.267e-18
     60.02  9.007e-19
     68.03  7.504e-19
     76.03  6.483e-19
     84.03  5.355e-19
     92.04  4.235e-19
       100  4.778e-19
       108  3.636e-19
       116  3.883e-19
       124  4.668e-19
     132.1  3.955e-19
     140.1  1.978e-19
     148.1   1.75e-19
     156.1  1.701e-19
     164.1  1.224e-19
     172.1   1.17e-19
     180.1  1.188e-19
     188.1  1.304e-19
     196.1  1.061e-19
     204.1  9.615e-20
     212.1  9.255e-20
     220.1  1.116e-19
     228.1  9.053e-20
     236.1  1.701e-19
     244.1  1.018e-19
     252.1  5.018e-20
     260.1  4.672e-20
     268.1  4.344e-20
     276.1   4.31e-20
     284.1  4.571e-20
     292.1  3.478e-20
     300.1  4.188e-20
     308.1  3.633e-20
     316.1  2.411e-20
     324.1  2.436e-20
     332.1   2.98e-20
     340.1  2.227e-20
     348.1  2.733e-21
