     4.001  7.295e-18
        12   4.49e-18
     20.01  3.124e-18
     28.01  2.064e-18
     36.01  1.688e-18
     44.01  1.176e-18
     52.01  1.051e-18
     60.02  8.878e-19
     68.02    7.6e-19
     76.02  6.371e-19
     84.02   5.85e-19
     92.03  5.836e-19
       100  4.779e-19
       108  3.798e-19
       116  3.306e-19
       124  3.115e-19
       132  2.902e-19
       140  2.819e-19
       148  2.702e-19
       156  2.515e-19
       164  2.474e-19
       172  2.489e-19
       180  2.247e-19
     188.1  2.031e-19
     196.1  2.734e-19
     204.1  1.922e-19
     212.1  1.783e-19
     220.1  2.082e-19
     228.1  1.629e-19
     236.1  1.247e-19
     244.1  1.377e-19
     252.1  1.166e-19
     260.1  1.011e-19
     268.1  1.165e-19
     276.1  1.208e-19
     284.1  9.309e-20
     292.1  1.028e-19
     300.1  9.474e-20
     308.1  1.047e-19
     316.1  9.745e-20
     324.1  5.495e-20
     332.1   6.04e-20
     340.1  8.155e-20
     348.1  2.744e-20
