     4.001  3.271e-17
        12  1.006e-17
     20.01  4.563e-18
     28.01  2.727e-18
     36.01  1.817e-18
     44.01  1.295e-18
     52.02  9.268e-19
     60.02  6.215e-19
     68.02  5.324e-19
     76.02  7.138e-19
     84.03  3.457e-19
     92.03  3.376e-19
       100  2.087e-19
       108  1.562e-19
       116  1.552e-19
       124  1.159e-19
       132  1.481e-19
       140  9.899e-20
       148  8.105e-20
       156  9.307e-20
     164.1  6.342e-20
     172.1  1.195e-19
     180.1  1.348e-19
     188.1  9.896e-20
     196.1  7.897e-20
     204.1  5.496e-20
     212.1  5.353e-20
     220.1  3.283e-20
     228.1   1.72e-20
     236.1  2.087e-20
     244.1  1.754e-20
     252.1  2.202e-20
     260.1  2.816e-20
     268.1  1.866e-20
     276.1  1.736e-20
     284.1  1.908e-20
     292.1  2.005e-20
     300.1   7.25e-21
     308.1  5.467e-21
     316.1  1.081e-21
     324.1  1.293e-21
     332.1  1.355e-21
     340.1  2.199e-21
     348.1  6.636e-21
