     4.002  1.536e-17
        12  6.357e-18
     20.01  3.522e-18
     28.01  2.374e-18
     36.01  1.506e-18
     44.02  9.853e-19
     52.02    8.2e-19
     60.02  6.708e-19
     68.03  5.036e-19
     76.03  4.313e-19
     84.03  3.479e-19
     92.04  2.503e-19
       100  2.386e-19
       108  2.079e-19
       116  1.881e-19
       124  2.196e-19
     132.1  1.904e-19
     140.1  1.451e-19
     148.1  1.231e-19
     156.1  1.013e-19
     164.1  1.057e-19
     172.1  1.322e-19
     180.1  1.105e-19
     188.1  8.771e-20
     196.1  7.295e-20
     204.1  6.482e-20
     212.1  6.372e-20
     220.1  6.778e-20
     228.1  5.941e-20
     236.1  5.248e-20
     244.1  9.704e-20
     252.1  5.683e-20
     260.1  3.713e-20
     268.1  3.422e-20
     276.1      3e-20
     284.1   3.64e-20
     292.1  3.078e-20
     300.1  2.731e-20
     308.1  2.467e-20
     316.1  1.604e-20
     324.1  2.398e-20
     332.1  2.257e-20
     340.1  2.414e-20
     348.1  3.711e-20
