     4.001  5.273e-17
        12   9.08e-18
     20.01   6.96e-18
     28.01  4.719e-18
     36.01  3.751e-18
     44.01  2.533e-18
     52.01  2.479e-18
     60.02  2.145e-18
     68.02  1.479e-18
     76.02  1.439e-18
     84.02  1.042e-18
     92.03  7.026e-19
       100  6.033e-19
       108  5.391e-19
       116  4.041e-19
       124  3.356e-19
       132  3.044e-19
       140  2.781e-19
       148  2.679e-19
       156  2.317e-19
       164  2.133e-19
       172  1.887e-19
       180  1.613e-19
     188.1  1.373e-19
     196.1  1.229e-19
     204.1  1.246e-19
     212.1   1.12e-19
     220.1  1.009e-19
     228.1  9.926e-20
     236.1  9.281e-20
     244.1  7.494e-20
     252.1   7.04e-20
     260.1  7.374e-20
     268.1  6.269e-20
     276.1   5.49e-20
     284.1  6.282e-20
     292.1  4.481e-20
     300.1  4.981e-20
     308.1  3.857e-20
     316.1  2.459e-20
     324.1  2.455e-20
     332.1  2.661e-20
     340.1  2.166e-20
     348.1  4.677e-20
