     4.001  2.819e-17
        12  9.033e-18
     20.01  6.018e-18
     28.01  2.982e-18
     36.01  1.796e-18
     44.01  1.046e-18
     52.02  9.746e-19
     60.02  7.046e-19
     68.02  5.715e-19
     76.02  5.336e-19
     84.03   4.45e-19
     92.03   2.91e-19
       100  3.003e-19
       108  2.804e-19
       116  2.513e-19
       124  2.388e-19
       132   2.68e-19
       140  1.619e-19
       148  1.608e-19
       156  1.324e-19
     164.1  1.582e-19
     172.1  1.155e-19
     180.1  9.169e-20
     188.1  9.084e-20
     196.1  9.481e-20
     204.1  7.808e-20
     212.1  7.008e-20
     220.1  6.474e-20
     228.1  6.001e-20
     236.1  4.899e-20
     244.1  4.804e-20
     252.1  3.896e-20
     260.1  4.488e-20
     268.1  4.884e-20
     276.1  4.894e-20
     284.1  1.057e-19
     292.1  3.559e-20
     300.1  3.362e-20
     308.1  2.292e-20
     316.1  2.924e-20
     324.1  1.767e-20
     332.1   8.41e-21
     340.1  4.755e-21
     348.1      1e-23
