     4.001   5.79e-18
        12  4.263e-18
     20.01  3.025e-18
     28.01  2.874e-18
     36.01  2.952e-18
     44.01  3.347e-18
     52.01  2.301e-18
     60.02   1.82e-18
     68.02  1.243e-18
     76.02  1.085e-18
     84.02  8.929e-19
     92.03  7.584e-19
       100  6.457e-19
       108  6.606e-19
       116  6.108e-19
       124  4.489e-19
       132  4.045e-19
       140  4.124e-19
       148  3.808e-19
       156  3.607e-19
       164  3.039e-19
       172  2.066e-19
       180  1.711e-19
     188.1   1.58e-19
     196.1  1.403e-19
     204.1  1.201e-19
     212.1  1.089e-19
     220.1  1.007e-19
     228.1  9.498e-20
     236.1   9.23e-20
     244.1   8.49e-20
     252.1  6.968e-20
     260.1  6.218e-20
     268.1  5.238e-20
     276.1  5.026e-20
     284.1  3.743e-20
     292.1  3.342e-20
     300.1  3.335e-20
     308.1  3.196e-20
     316.1  3.504e-20
     324.1  5.291e-20
     332.1  3.617e-20
     340.1  5.196e-20
     348.1  5.376e-20
