     4.001   5.91e-17
        12  6.236e-18
     20.01  6.588e-18
     28.01  4.094e-18
     36.01  3.467e-18
     44.01  2.435e-18
     52.01  1.707e-18
     60.02  1.841e-18
     68.02  1.231e-18
     76.02  1.161e-18
     84.02  7.705e-19
     92.03  7.572e-19
       100  6.933e-19
       108  5.829e-19
       116  5.352e-19
       124  5.145e-19
       132  3.842e-19
       140  4.146e-19
       148  3.205e-19
       156  3.675e-19
       164    2.8e-19
       172  2.423e-19
       180  2.274e-19
     188.1   2.16e-19
     196.1  2.066e-19
     204.1  1.907e-19
     212.1  2.169e-19
     220.1  1.553e-19
     228.1  1.533e-19
     236.1  1.376e-19
     244.1  1.351e-19
     252.1  1.193e-19
     260.1  1.185e-19
     268.1  1.143e-19
     276.1  1.558e-19
     284.1  1.435e-19
     292.1  9.172e-20
     300.1  8.226e-20
     308.1   6.58e-20
     316.1  5.662e-20
     324.1  6.208e-20
     332.1  3.709e-20
     340.1  4.617e-20
     348.1  3.881e-20
