      4.09  1.069e-17
     12.27  3.062e-18
     20.45  1.876e-18
     28.63  1.173e-18
     36.81  9.244e-19
     44.99  6.676e-19
     53.17  7.673e-19
     61.35  4.027e-19
     69.53  3.027e-19
     77.71   2.55e-19
     85.89  2.137e-19
     94.07  2.141e-19
     102.3  1.896e-19
     110.4  1.394e-19
     118.6  1.001e-19
     126.8   7.43e-20
       135  6.195e-20
     143.2  6.731e-20
     151.3    5.1e-20
     159.5  4.435e-20
     167.7  3.346e-20
     175.9  3.373e-20
     184.1  6.115e-20
     192.2  1.093e-19
     200.4  4.278e-20
     208.6   2.38e-20
     216.8  1.601e-20
       225  1.362e-20
     233.1  1.514e-20
     241.3  7.802e-21
     249.5  4.633e-21
     257.7  5.711e-21
     265.9  5.045e-21
       274  4.264e-21
     282.2  5.562e-21
     290.4  6.717e-21
     298.6  4.812e-21
     306.8  9.559e-22
     314.9  2.934e-21
     323.1  1.364e-21
     331.3  9.984e-24
     339.5  1.641e-21
     347.7  1.059e-23
