     4.002  2.151e-17
        12  6.719e-18
     20.01  4.122e-18
     28.01  3.165e-18
     36.01  2.598e-18
     44.02  2.058e-18
     52.02  1.677e-18
     60.02  1.481e-18
     68.03  1.445e-18
     76.03  1.155e-18
     84.03   7.24e-19
     92.04  5.825e-19
       100  5.307e-19
       108  4.289e-19
       116  3.932e-19
       124  3.728e-19
     132.1   2.91e-19
     140.1  2.935e-19
     148.1  3.885e-19
     156.1  2.814e-19
     164.1  2.854e-19
     172.1  3.415e-19
     180.1  2.715e-19
     188.1  3.169e-19
     196.1  1.871e-19
     204.1  1.555e-19
     212.1  1.647e-19
     220.1   1.78e-19
     228.1  1.845e-19
     236.1  1.079e-19
     244.1  9.379e-20
     252.1  8.919e-20
     260.1  6.131e-20
     268.1  7.664e-20
     276.1  6.345e-20
     284.1  5.881e-20
     292.1  5.277e-20
     300.1  4.095e-20
     308.1  3.985e-20
     316.1  3.495e-20
     324.1  4.455e-20
     332.1  4.547e-20
     340.1  4.442e-20
     348.1  3.962e-20
