     4.001  8.931e-18
        12  4.438e-18
     20.01  2.779e-18
     28.01  2.024e-18
     36.01  1.808e-18
     44.01  1.482e-18
     52.01  1.286e-18
     60.02  1.507e-18
     68.02  1.706e-18
     76.02  1.591e-18
     84.02  8.869e-19
     92.03  6.427e-19
       100  6.083e-19
       108  6.552e-19
       116   5.14e-19
       124  4.422e-19
       132  4.047e-19
       140  3.373e-19
       148  2.852e-19
       156    2.3e-19
       164  2.327e-19
       172  2.216e-19
       180  2.065e-19
     188.1  2.245e-19
     196.1  2.149e-19
     204.1  1.499e-19
     212.1  1.231e-19
     220.1  1.198e-19
     228.1  1.114e-19
     236.1  1.061e-19
     244.1  1.001e-19
     252.1  1.006e-19
     260.1  7.686e-20
     268.1  7.596e-20
     276.1  6.995e-20
     284.1   6.73e-20
     292.1  6.176e-20
     300.1  4.759e-20
     308.1  4.225e-20
     316.1  3.477e-20
     324.1   4.32e-20
     332.1  4.097e-20
     340.1   3.89e-20
     348.1  2.124e-20
