     4.001  4.894e-17
        12  8.591e-18
        20  5.734e-18
     28.01  4.642e-18
     36.01  2.974e-18
     44.01   2.27e-18
     52.01  1.821e-18
     60.01  1.311e-18
     68.02  8.343e-19
     76.02  9.295e-19
     84.02  6.984e-19
     92.02  6.044e-19
       100    6.2e-19
       108  5.057e-19
       116  4.462e-19
       124  4.207e-19
       132  3.849e-19
       140  3.716e-19
       148   3.55e-19
       156  2.761e-19
       164  1.984e-19
       172  1.606e-19
       180  1.411e-19
       188  1.353e-19
       196  1.119e-19
       204  1.127e-19
       212  1.637e-19
     220.1  2.197e-19
     228.1  1.904e-19
     236.1  1.008e-19
     244.1    7.5e-20
     252.1  7.409e-20
     260.1  7.092e-20
     268.1  4.238e-20
     276.1  3.743e-20
     284.1   2.86e-20
     292.1  2.934e-20
     300.1  1.973e-20
     308.1  2.188e-20
     316.1  1.603e-20
     324.1  3.468e-21
     332.1  7.159e-21
     340.1  5.017e-21
     348.1  3.948e-21
