     4.001   2.69e-17
        12  6.062e-18
     20.01   3.67e-18
     28.01  2.825e-18
     36.01  2.679e-18
     44.01  1.795e-18
     52.01  1.673e-18
     60.02  1.121e-18
     68.02  9.034e-19
     76.02  7.612e-19
     84.02  6.689e-19
     92.03  6.653e-19
       100  5.278e-19
       108  4.732e-19
       116  4.161e-19
       124  3.652e-19
       132  3.371e-19
       140  3.219e-19
       148  2.836e-19
       156  2.892e-19
       164    2.5e-19
       172  2.213e-19
       180  2.612e-19
     188.1  1.771e-19
     196.1  1.839e-19
     204.1  1.721e-19
     212.1  1.529e-19
     220.1  1.392e-19
     228.1  1.303e-19
     236.1   1.28e-19
     244.1   1.15e-19
     252.1  1.168e-19
     260.1  1.052e-19
     268.1  1.122e-19
     276.1  8.748e-20
     284.1  7.458e-20
     292.1  8.019e-20
     300.1   7.82e-20
     308.1  6.564e-20
     316.1  6.843e-20
     324.1  8.691e-20
     332.1  9.117e-20
     340.1  5.762e-20
     348.1  6.022e-20
