     4.001  9.083e-18
        12  6.094e-18
     20.01  5.036e-18
     28.01  3.299e-18
     36.01  2.534e-18
     44.01  2.002e-18
     52.01  1.661e-18
     60.02  1.293e-18
     68.02  1.065e-18
     76.02  9.644e-19
     84.02  6.991e-19
     92.03  7.089e-19
       100  6.055e-19
       108  5.676e-19
       116  4.583e-19
       124  6.542e-19
       132  4.435e-19
       140  2.855e-19
       148  2.237e-19
       156  1.868e-19
       164   1.68e-19
       172  1.359e-19
       180  1.207e-19
     188.1  1.085e-19
     196.1  1.063e-19
     204.1  9.149e-20
     212.1  9.715e-20
     220.1  8.658e-20
     228.1  7.888e-20
     236.1   7.64e-20
     244.1  6.573e-20
     252.1  5.523e-20
     260.1  4.872e-20
     268.1  4.054e-20
     276.1  3.847e-20
     284.1  3.739e-20
     292.1  4.727e-20
     300.1  2.697e-20
     308.1  2.798e-20
     316.1  2.343e-20
     324.1  2.189e-20
     332.1  2.555e-20
     340.1  2.414e-20
     348.1  2.063e-20
