     4.002  2.798e-16
        12  1.112e-17
     20.01  6.462e-18
     28.01  4.642e-18
     36.01  3.742e-18
     44.02  2.713e-18
     52.02  1.991e-18
     60.02  2.003e-18
     68.03  1.176e-18
     76.03  1.046e-18
     84.03  9.709e-19
     92.04  1.182e-18
       100  1.233e-18
       108  6.378e-19
       116   4.62e-19
       124  3.619e-19
     132.1  3.693e-19
     140.1  3.671e-19
     148.1  4.326e-19
     156.1  2.606e-19
     164.1  2.104e-19
     172.1  2.197e-19
     180.1  2.309e-19
     188.1  1.991e-19
     196.1  1.762e-19
     204.1  1.548e-19
     212.1  1.289e-19
     220.1  1.162e-19
     228.1  1.124e-19
     236.1   9.39e-20
     244.1  9.187e-20
     252.1  1.246e-19
     260.1  7.672e-20
     268.1  5.679e-20
     276.1  5.076e-20
     284.1  4.844e-20
     292.1   4.45e-20
     300.1  4.883e-20
     308.1  4.405e-20
     316.1  2.974e-20
     324.1  2.371e-20
     332.1  2.846e-20
     340.1  1.944e-20
     348.1  2.673e-20
