     4.001  2.217e-15
        12  8.215e-18
     20.01  5.147e-18
     28.01  4.003e-18
     36.01  3.142e-18
     44.01  2.316e-18
     52.01   1.77e-18
     60.02  1.441e-18
     68.02  1.073e-18
     76.02  8.952e-19
     84.02  7.044e-19
     92.03  6.231e-19
       100   5.15e-19
       108  5.483e-19
       116  4.252e-19
       124  3.502e-19
       132  3.218e-19
       140  3.008e-19
       148  2.562e-19
       156   2.19e-19
       164  1.961e-19
       172  2.228e-19
       180  1.797e-19
     188.1  1.864e-19
     196.1  2.286e-19
     204.1  1.128e-19
     212.1  1.129e-19
     220.1  1.268e-19
     228.1  1.246e-19
     236.1  7.394e-20
     244.1   7.69e-20
     252.1  7.067e-20
     260.1  5.921e-20
     268.1  5.808e-20
     276.1  5.187e-20
     284.1  6.936e-20
     292.1  5.293e-20
     300.1  5.879e-20
     308.1  4.778e-20
     316.1  4.264e-20
     324.1  4.338e-20
     332.1  5.956e-20
     340.1   7.07e-20
     348.1  2.361e-20
