     4.001  5.747e-18
        12  3.335e-18
     20.01   2.46e-18
     28.01  1.917e-18
     36.01  1.511e-18
     44.01  1.307e-18
     52.01  9.783e-19
     60.02  9.103e-19
     68.02  8.312e-19
     76.02   7.28e-19
     84.02  7.763e-19
     92.03  9.697e-19
       100  7.929e-19
       108    6.9e-19
       116  5.535e-19
       124  4.912e-19
       132  4.278e-19
       140  4.205e-19
       148  3.452e-19
       156  3.526e-19
       164  2.824e-19
       172  2.903e-19
       180  2.379e-19
     188.1  2.141e-19
     196.1  2.739e-19
     204.1  3.651e-19
     212.1  2.172e-19
     220.1  1.626e-19
     228.1  1.219e-19
     236.1  1.094e-19
     244.1  1.223e-19
     252.1  1.088e-19
     260.1  8.058e-20
     268.1   7.84e-20
     276.1  7.486e-20
     284.1  6.971e-20
     292.1  6.084e-20
     300.1   6.76e-20
     308.1  1.026e-19
     316.1  1.715e-19
     324.1  6.444e-20
     332.1  4.486e-20
     340.1  3.219e-20
     348.1  4.348e-20
