     4.001  1.994e-17
        12   1.16e-17
     20.01  7.833e-18
     28.01  4.888e-18
     36.01  3.195e-18
     44.01  2.644e-18
     52.02  1.832e-18
     60.02  1.245e-18
     68.02   1.05e-18
     76.02   8.45e-19
     84.03  9.181e-19
     92.03  7.409e-19
       100  4.446e-19
       108  4.274e-19
       116  3.739e-19
       124  4.549e-19
       132  4.073e-19
       140  3.551e-19
       148  4.955e-19
       156  2.641e-19
     164.1  2.082e-19
     172.1  2.037e-19
     180.1  1.825e-19
     188.1  1.502e-19
     196.1  1.485e-19
     204.1  1.497e-19
     212.1   8.64e-20
     220.1   9.43e-20
     228.1   9.42e-20
     236.1  8.693e-20
     244.1  8.352e-20
     252.1  8.467e-20
     260.1  1.579e-19
     268.1  1.915e-19
     276.1  1.491e-19
     284.1  3.059e-19
     292.1  4.184e-19
     300.1   1.39e-19
     308.1  1.194e-19
     316.1  6.221e-20
     324.1  3.762e-20
     332.1  4.629e-20
     340.1   1.25e-20
     348.1  1.741e-20
