         4  2.975e-17
        12   4.18e-18
        20  3.592e-18
        28   2.58e-18
        36  1.472e-18
     44.01  8.388e-19
     52.01  6.445e-19
     60.01  4.499e-19
     68.01  3.887e-19
     76.01  2.913e-19
     84.01  3.263e-19
     92.01  3.778e-19
       100  5.463e-19
       108  2.817e-19
       116  1.841e-19
       124  1.811e-19
       132  1.338e-19
       140  1.006e-19
       148  1.799e-19
       156  1.461e-19
       164  8.159e-20
       172  1.203e-19
       180  1.785e-19
       188  1.184e-19
       196  7.228e-20
       204  5.518e-20
       212  5.642e-20
       220  4.858e-20
       228  4.422e-20
       236  3.555e-20
       244  2.884e-20
       252  2.742e-20
       260  2.565e-20
       268  1.635e-20
       276  1.007e-20
       284  8.238e-21
       292  9.533e-21
       300  4.953e-21
       308  4.627e-21
       316  6.666e-21
       324  9.573e-22
       332  5.493e-21
       340  4.409e-21
       348  1.831e-21
