     4.001  3.038e-17
        12  5.237e-18
     20.01  3.254e-18
     28.01  2.986e-18
     36.01    1.9e-18
     44.01  1.536e-18
     52.01   1.57e-18
     60.02  1.356e-18
     68.02  1.282e-18
     76.02  1.488e-18
     84.02  8.279e-19
     92.03  9.754e-19
       100   7.64e-19
       108  6.824e-19
       116  6.017e-19
       124  4.116e-19
       132  3.199e-19
       140  2.978e-19
       148  3.003e-19
       156  3.049e-19
       164  3.405e-19
       172  2.626e-19
       180  2.342e-19
     188.1  2.335e-19
     196.1  2.443e-19
     204.1  2.445e-19
     212.1  2.542e-19
     220.1   3.54e-19
     228.1  2.518e-19
     236.1  1.833e-19
     244.1  2.101e-19
     252.1  2.268e-19
     260.1   1.48e-19
     268.1  1.442e-19
     276.1  1.561e-19
     284.1  1.369e-19
     292.1  1.333e-19
     300.1  1.341e-19
     308.1    1.1e-19
     316.1   1.01e-19
     324.1  5.722e-20
     332.1  5.344e-20
     340.1  7.048e-20
     348.1  7.034e-20
