     4.001  3.942e-17
        12  1.325e-17
        20  6.817e-18
     28.01  3.322e-18
     36.01   2.57e-18
     44.01  1.875e-18
     52.01  1.214e-18
     60.01  1.029e-18
     68.02  7.843e-19
     76.02  8.105e-19
     84.02  7.766e-19
     92.02  5.234e-19
       100  4.053e-19
       108  3.003e-19
       116  2.512e-19
       124  2.213e-19
       132  1.931e-19
       140  1.426e-19
       148   9.41e-20
       156  7.272e-20
       164  7.038e-20
       172   6.91e-20
       180  7.944e-20
       188  7.048e-20
       196  7.418e-20
       204  5.693e-20
       212  4.338e-20
     220.1  3.827e-20
     228.1  3.453e-20
     236.1  2.715e-20
     244.1  2.106e-20
     252.1  2.925e-20
     260.1   1.69e-20
     268.1  1.683e-20
     276.1  2.174e-20
     284.1  1.661e-20
     292.1  1.765e-20
     300.1  1.806e-20
     308.1  1.821e-20
     316.1  1.834e-20
     324.1  2.562e-20
     332.1  2.424e-20
     340.1  1.951e-20
     348.1  6.758e-21
