     4.002  3.909e-17
        12  1.135e-17
     20.01  7.712e-18
     28.01  5.334e-18
     36.01  3.336e-18
     44.02  2.545e-18
     52.02  1.765e-18
     60.02  1.262e-18
     68.03  1.026e-18
     76.03  8.176e-19
     84.03  6.595e-19
     92.04  5.301e-19
       100   4.41e-19
       108  5.205e-19
       116  2.973e-19
       124  2.567e-19
     132.1  2.376e-19
     140.1  2.264e-19
     148.1  3.229e-19
     156.1  2.058e-19
     164.1   2.02e-19
     172.1  2.108e-19
     180.1   1.63e-19
     188.1  1.018e-19
     196.1  1.416e-19
     204.1  1.693e-19
     212.1  8.415e-20
     220.1  7.952e-20
     228.1  6.818e-20
     236.1  4.631e-20
     244.1  3.759e-20
     252.1  4.136e-20
     260.1  4.071e-20
     268.1  3.419e-20
     276.1  2.657e-20
     284.1  2.119e-20
     292.1  2.155e-20
     300.1  1.985e-20
     308.1  1.383e-20
     316.1  1.297e-20
     324.1  1.015e-20
     332.1  3.777e-21
     340.1  2.911e-21
     348.1  9.971e-24
