     4.001  6.274e-18
        12  4.314e-18
     20.01  3.108e-18
     28.01  2.262e-18
     36.01  1.813e-18
     44.01  1.579e-18
     52.01  1.179e-18
     60.02  8.859e-19
     68.02  8.326e-19
     76.02  7.467e-19
     84.02  6.993e-19
     92.03  7.297e-19
       100  6.508e-19
       108  5.834e-19
       116  5.097e-19
       124  4.118e-19
       132  4.401e-19
       140  4.166e-19
       148  3.132e-19
       156  2.988e-19
       164  2.646e-19
       172  2.402e-19
       180  2.181e-19
     188.1  2.677e-19
     196.1  2.178e-19
     204.1  1.451e-19
     212.1  1.533e-19
     220.1   1.45e-19
     228.1  1.421e-19
     236.1  1.202e-19
     244.1  1.101e-19
     252.1  9.282e-20
     260.1  9.343e-20
     268.1  9.375e-20
     276.1  9.269e-20
     284.1   9.78e-20
     292.1  7.973e-20
     300.1  7.657e-20
     308.1  6.881e-20
     316.1  5.914e-20
     324.1  5.635e-20
     332.1  6.499e-20
     340.1  5.824e-20
     348.1  4.508e-20
