     4.001  6.239e-18
        12  3.163e-18
     20.01  1.866e-18
     28.01  1.229e-18
     36.01  8.887e-19
     44.01  6.941e-19
     52.01  5.277e-19
     60.02  4.288e-19
     68.02  4.015e-19
     76.02  3.404e-19
     84.02   3.43e-19
     92.03  4.833e-19
       100  3.153e-19
       108  2.657e-19
       116  3.221e-19
       124  3.235e-19
       132  2.033e-19
       140  1.848e-19
       148  1.723e-19
       156  1.758e-19
       164  1.507e-19
       172  1.277e-19
       180  1.358e-19
     188.1  1.446e-19
     196.1  1.124e-19
     204.1  2.153e-19
     212.1  1.044e-19
     220.1  8.643e-20
     228.1  8.096e-20
     236.1  7.327e-20
     244.1  7.206e-20
     252.1  5.462e-20
     260.1  4.734e-20
     268.1  3.762e-20
     276.1  3.835e-20
     284.1  2.522e-20
     292.1  2.106e-20
     300.1  2.091e-20
     308.1  1.995e-20
     316.1  1.588e-20
     324.1  1.333e-20
     332.1  1.618e-20
     340.1  9.356e-21
     348.1  4.659e-21
