     4.001  2.326e-17
        12   3.27e-18
     20.01  2.151e-18
     28.01  1.526e-18
     36.01  1.037e-18
     44.01  9.615e-19
     52.01  6.009e-19
     60.02  4.865e-19
     68.02  4.056e-19
     76.02   3.41e-19
     84.02   2.67e-19
     92.03  2.312e-19
       100  1.968e-19
       108  1.782e-19
       116  1.653e-19
       124  1.462e-19
       132  1.436e-19
       140  1.251e-19
       148   1.36e-19
       156  1.533e-19
       164  9.888e-20
       172  8.162e-20
       180  8.538e-20
     188.1  7.724e-20
     196.1  6.493e-20
     204.1  6.802e-20
     212.1  7.236e-20
     220.1  5.881e-20
     228.1  4.522e-20
     236.1  4.644e-20
     244.1  4.147e-20
     252.1  3.762e-20
     260.1  3.268e-20
     268.1  2.748e-20
     276.1  2.764e-20
     284.1  2.143e-20
     292.1  1.652e-20
     300.1   1.66e-20
     308.1    2.1e-20
     316.1  1.536e-20
     324.1  1.033e-20
     332.1  1.046e-20
     340.1  7.859e-21
     348.1  1.234e-20
