     4.001  8.499e-17
        12  1.079e-17
     20.01   5.64e-18
     28.01  4.129e-18
     36.01  2.964e-18
     44.01  2.338e-18
     52.01  1.763e-18
     60.02  1.372e-18
     68.02  1.154e-18
     76.02  9.701e-19
     84.02  8.981e-19
     92.03  8.099e-19
       100  6.709e-19
       108  6.052e-19
       116  5.109e-19
       124   4.29e-19
       132  3.908e-19
       140  3.532e-19
       148  3.698e-19
       156  3.857e-19
       164  3.244e-19
       172   2.56e-19
       180   2.24e-19
     188.1  2.085e-19
     196.1  1.854e-19
     204.1  1.744e-19
     212.1  1.702e-19
     220.1  1.595e-19
     228.1  1.488e-19
     236.1  1.288e-19
     244.1  1.638e-19
     252.1  1.213e-19
     260.1  1.022e-19
     268.1  9.781e-20
     276.1  9.168e-20
     284.1  9.099e-20
     292.1  7.197e-20
     300.1  6.419e-20
     308.1  5.627e-20
     316.1  5.303e-20
     324.1  5.749e-20
     332.1  4.778e-20
     340.1  4.981e-20
     348.1  4.354e-20
