     4.001  3.855e-17
        12  7.758e-18
     20.01  5.574e-18
     28.01  4.911e-18
     36.01  3.998e-18
     44.01    2.7e-18
     52.01  1.989e-18
     60.02  1.355e-18
     68.02  1.169e-18
     76.02  1.087e-18
     84.02  8.872e-19
     92.03  7.049e-19
       100  6.041e-19
       108    4.7e-19
       116  4.219e-19
       124  4.578e-19
       132  4.061e-19
       140  3.661e-19
       148  3.291e-19
       156  2.999e-19
       164  2.617e-19
       172  2.248e-19
       180  2.324e-19
     188.1  1.856e-19
     196.1  1.888e-19
     204.1  1.941e-19
     212.1  2.041e-19
     220.1  1.705e-19
     228.1   1.23e-19
     236.1  1.157e-19
     244.1  1.224e-19
     252.1  1.021e-19
     260.1  1.035e-19
     268.1   9.12e-20
     276.1  8.074e-20
     284.1  6.963e-20
     292.1  6.523e-20
     300.1  7.233e-20
     308.1  7.969e-20
     316.1  7.523e-20
     324.1  5.863e-20
     332.1  5.993e-20
     340.1  6.683e-20
     348.1  5.519e-20
