     4.001      18.79
        12      20.68
        20      21.12
     28.01      21.35
     36.01      21.83
     44.01      22.13
     52.01      22.37
     60.01      22.72
     68.02      23.21
     76.02       23.1
     84.02      23.41
     92.02      23.56
       100      23.54
       108      23.76
       116      23.89
       124      23.96
       132      24.05
       140      24.09
       148      24.14
       156      24.41
       164      24.77
       172         25
       180      25.14
       188      25.19
       196      25.39
       204      25.39
       212      24.98
     220.1      24.66
     228.1      24.82
     236.1      25.51
     244.1      25.83
     252.1      25.84
     260.1      25.89
     268.1      26.45
     276.1      26.58
     284.1      26.88
     292.1      26.85
     300.1      27.28
     308.1      27.17
     316.1       27.5
     324.1      29.17
     332.1      28.38
     340.1      28.76
     348.1      29.03
