     4.001      17.44
        12      20.84
     20.01      21.01
     28.01      21.61
     36.01      21.99
     44.01      22.27
     52.01      22.52
     60.02      22.45
     68.02      22.57
     76.02      23.01
     84.02      23.19
     92.03      23.03
       100      23.45
       108      23.62
       116      23.76
       124      23.66
       132      23.99
       140      24.18
       148      24.36
       156      24.47
       164      24.66
       172      24.71
       180      24.85
     188.1      24.89
     196.1       24.9
     204.1      24.98
     212.1      24.92
     220.1      25.02
     228.1      25.13
     236.1      25.28
     244.1       25.2
     252.1      25.24
     260.1      25.34
     268.1      25.45
     276.1      25.08
     284.1      25.61
     292.1      25.81
     300.1      25.63
     308.1      25.71
     316.1      25.93
     324.1       25.3
     332.1      25.73
     340.1      25.41
     348.1      25.37
