     4.002      20.02
        12      20.82
     20.01      21.35
     28.01      21.42
     36.01      22.06
     44.02      22.27
     52.02      22.76
     60.02      23.13
     68.03      23.33
     76.03      23.49
     84.03      23.69
     92.04      23.95
       100      23.82
       108      24.11
       116      24.04
       124      23.84
     132.1      24.02
     140.1      24.78
     148.1      24.91
     156.1      24.94
     164.1       25.3
     172.1      25.35
     180.1      25.33
     188.1      25.23
     196.1      25.45
     204.1      25.56
     212.1       25.6
     220.1       25.4
     228.1      25.62
     236.1      24.94
     244.1       25.5
     252.1      26.26
     260.1      26.34
     268.1      26.42
     276.1      26.43
     284.1      26.37
     292.1      26.66
     300.1      26.46
     308.1      26.62
     316.1      27.06
     324.1      27.05
     332.1      26.83
     340.1      27.15
     348.1      29.42
