     4.001      19.84
        12      21.34
     20.01      21.39
     28.01      21.63
     36.01      22.25
     44.01      22.71
     52.01      23.06
     60.02      23.36
     68.02      23.45
     76.02       23.7
     84.02      23.91
     92.03      24.23
       100      24.41
       108      24.58
       116      24.73
       124      24.87
       132      25.07
       140      25.18
       148      25.53
       156      25.64
       164      25.73
       172      25.84
       180         26
     188.1      26.08
     196.1      26.21
     204.1       26.2
     212.1      26.23
     220.1      26.51
     228.1      26.59
     236.1      26.74
     244.1      26.69
     252.1      26.77
     260.1      27.01
     268.1      26.89
     276.1      27.07
     284.1      27.17
     292.1       27.3
     300.1      27.48
     308.1      27.08
     316.1      27.24
     324.1      27.89
     332.1      27.97
     340.1      28.56
     348.1      27.31
