     4.001      21.11
        12      21.44
     20.01      21.81
     28.01      21.87
     36.01      21.84
     44.01       21.7
     52.01      22.11
     60.02      22.37
     68.02      22.78
     76.02      22.93
     84.02      23.14
     92.03      23.32
       100      23.49
       108      23.47
       116      23.55
       124      23.89
       132         24
       140      23.98
       148      24.06
       156      24.12
       164      24.31
       172      24.73
       180      24.93
     188.1      25.02
     196.1      25.15
     204.1      25.32
     212.1      25.42
     220.1      25.51
     228.1      25.57
     236.1       25.6
     244.1      25.69
     252.1      25.91
     260.1      26.03
     268.1      26.22
     276.1      26.26
     284.1      26.58
     292.1      26.71
     300.1      26.71
     308.1      26.75
     316.1      26.65
     324.1      26.21
     332.1      26.62
     340.1      26.23
     348.1      26.19
