     4.002      18.97
        12      20.09
     20.01      20.61
     28.01      21.05
     36.01         21
     44.02       21.7
     52.02      22.18
     60.02      22.42
     68.03       22.5
     76.03      22.73
     84.03      22.93
     92.04      23.16
       100      23.46
       108      23.67
       116      23.88
       124      24.03
     132.1      24.14
     140.1      24.47
     148.1      24.69
     156.1      24.93
     164.1      25.11
     172.1      25.21
     180.1      25.31
     188.1      25.43
     196.1      25.66
     204.1      25.64
     212.1      25.73
     220.1      25.86
     228.1      25.94
     236.1      26.13
     244.1      26.32
     252.1      26.44
     260.1      26.31
     268.1      26.71
     276.1      26.73
     284.1      26.58
     292.1      27.21
     300.1      27.07
     308.1      26.85
     316.1      27.16
     324.1      27.34
     332.1      27.85
     340.1      28.33
     348.1      27.09
