      4.09      19.91
     12.27      21.53
     20.45      21.47
     28.63      22.09
     36.81      22.62
     44.99      23.47
     53.17      23.94
     61.36      24.37
     69.54      24.41
     77.72      24.68
      85.9      24.95
     94.08      25.25
     102.3       25.8
     110.4      26.13
     118.6      26.12
     126.8       26.2
       135      26.62
     143.2       26.6
     151.3      26.54
     159.5      27.28
     167.7      27.62
     175.9      27.51
     184.1      28.08
     192.2      28.39
     200.4      28.86
     208.6      28.85
     216.8      28.94
       225       28.9
     233.2      30.09
     241.3      29.04
     249.5      29.49
     257.7      29.21
     265.9      28.66
     274.1       28.8
     282.2      28.87
     290.4      29.07
     298.6      29.49
     306.8      28.84
       315      30.28
     323.1      31.47
     331.3         30
     339.5      28.72
     347.7      35.47
