     4.001      19.77
        12      20.36
     20.01      20.78
     28.01      21.29
     36.01      21.75
     44.01      21.96
     52.02      22.36
     60.02      22.78
     68.02      22.96
     76.02       23.2
     84.03      23.11
     92.03      23.34
       100       23.9
       108      23.94
       116      24.08
       124      23.87
       132      23.99
       140      24.14
       148      23.78
       156      24.46
     164.1      24.72
     172.1      24.74
     180.1      24.86
     188.1      25.07
     196.1      25.09
     204.1      25.08
     212.1      25.67
     220.1      25.58
     228.1      25.58
     236.1      25.67
     244.1      25.71
     252.1       25.7
     260.1      25.02
     268.1      24.81
     276.1      25.08
     284.1       24.3
     292.1      23.96
     300.1      25.16
     308.1      25.32
     316.1      26.03
     324.1      26.58
     332.1      26.35
     340.1      27.77
     348.1      27.41
