     4.002       19.9
        12      20.32
     20.01      21.04
     28.01      21.71
     36.01      22.04
     44.02      22.25
     52.02      22.59
     60.02      22.76
     68.03      22.91
     76.03      23.24
     84.03       23.3
     92.04      23.47
       100      23.43
       108      23.63
       116      23.89
       124      23.81
     132.1      23.81
     140.1      24.28
     148.1      24.37
     156.1      24.38
     164.1      24.34
     172.1      24.72
     180.1      24.72
     188.1      24.89
     196.1      25.01
     204.1       25.3
     212.1       25.4
     220.1      25.38
     228.1      25.36
     236.1      25.41
     244.1      25.47
     252.1      26.04
     260.1       26.2
     268.1      26.28
     276.1      26.22
     284.1      26.34
     292.1       26.3
     300.1      25.76
     308.1      23.64
     316.1      24.17
     324.1      25.98
     332.1      26.57
     340.1      27.09
     348.1       28.2
