     4.002      18.35
        12      20.32
     20.01      20.92
     28.01      21.24
     36.01      21.55
     44.02      21.81
     52.02      21.84
     60.02      21.87
     68.03      22.22
     76.03      22.33
     84.03      22.74
     92.04      22.71
       100      23.15
       108      23.27
       116      23.28
       124       23.6
     132.1      23.43
     140.1      24.05
     148.1      24.54
     156.1      24.58
     164.1      24.43
     172.1      24.75
     180.1      24.83
     188.1      24.58
     196.1      25.17
     204.1      25.48
     212.1       25.4
     220.1      24.97
     228.1      25.48
     236.1      25.38
     244.1      25.67
     252.1      26.05
     260.1      26.09
     268.1      26.11
     276.1      25.76
     284.1      25.69
     292.1      26.87
     300.1      27.22
     308.1      27.36
     316.1      27.52
     324.1      27.52
     332.1      27.33
     340.1      27.85
     348.1      27.71
