     4.001      20.47
        12      20.89
     20.01      21.23
     28.01      21.41
     36.01       21.7
     44.01      21.82
     52.02       22.4
     60.02      22.87
     68.02      23.16
     76.02      23.47
     84.03       23.3
     92.03       23.6
       100      23.78
       108      23.63
       116      23.81
       124      23.97
       132      24.17
       140      24.33
       148      24.49
       156      24.65
     164.1      24.79
     172.1      25.02
     180.1       25.1
     188.1      25.23
     196.1      25.19
     204.1      25.12
     212.1      24.54
     220.1      25.75
     228.1         26
     236.1      26.02
     244.1      26.09
     252.1      26.24
     260.1      26.38
     268.1       26.5
     276.1      26.72
     284.1      26.75
     292.1      27.18
     300.1      26.87
     308.1      26.45
     316.1      26.35
     324.1       27.4
     332.1      28.15
     340.1       27.6
     348.1      28.64
