     4.001      19.18
        12      21.25
     20.01      21.57
     28.01      22.33
     36.01      22.64
     44.01      22.85
     52.01      22.97
     60.02      23.17
     68.02       23.4
     76.02      23.71
     84.02      24.02
     92.03      24.25
       100      24.54
       108      24.75
       116      24.87
       124      25.09
       132      25.21
       140       25.4
       148      25.43
       156      25.52
       164      25.71
       172      25.96
       180      26.01
     188.1      26.11
     196.1      26.03
     204.1      26.19
     212.1      26.24
     220.1      26.34
     228.1      26.45
     236.1      26.24
     244.1      26.46
     252.1      26.47
     260.1      26.35
     268.1      26.51
     276.1      26.58
     284.1      26.57
     292.1      25.57
     300.1      27.14
     308.1       27.3
     316.1      27.46
     324.1      27.68
     332.1      26.97
     340.1      27.73
     348.1      28.38
