     4.002      19.68
        12      20.95
     20.01      21.48
     28.01      21.77
     36.01      21.98
     44.02      22.23
     52.02      22.45
     60.02      22.59
     68.03      22.62
     76.03      22.86
     84.03      23.37
     92.04       23.6
       100       23.7
       108      23.94
       116      24.03
       124      24.09
     132.1      24.36
     140.1      24.35
     148.1      24.04
     156.1      24.39
     164.1      24.38
     172.1      24.18
     180.1      24.43
     188.1      24.26
     196.1      24.84
     204.1      25.04
     212.1      24.97
     220.1      24.89
     228.1      24.85
     236.1      25.43
     244.1      25.59
     252.1      25.64
     260.1      26.05
     268.1       25.8
     276.1      26.01
     284.1      26.09
     292.1      26.21
     300.1      26.49
     308.1      26.52
     316.1      26.66
     324.1      26.39
     332.1      26.37
     340.1       26.4
     348.1      26.52
