     4.001      21.18
        12      21.47
     20.01      21.95
     28.01      22.43
     36.01      22.85
     44.01      23.18
     52.01      23.19
     60.02      22.68
     68.02      23.41
     76.02       23.9
     84.02      23.87
     92.03      24.23
       100       24.5
       108      24.73
       116      24.89
       124      25.01
       132      25.18
       140      25.33
       148      25.35
       156      25.51
       164      25.75
       172      25.67
       180      25.85
     188.1      25.85
     196.1      25.89
     204.1      26.08
     212.1      26.16
     220.1      26.27
     228.1      26.09
     236.1      26.34
     244.1      26.38
     252.1      26.29
     260.1      26.44
     268.1      26.31
     276.1      26.33
     284.1      26.38
     292.1      26.35
     300.1      26.43
     308.1      26.37
     316.1      26.67
     324.1      26.49
     332.1      26.85
     340.1      26.84
     348.1      27.21
