     4.001      19.39
        12      20.63
     20.01      21.07
     28.01      21.83
     36.01      22.38
     44.01      22.97
     52.02      23.04
     60.02       23.4
     68.02      23.62
     76.02       23.7
     84.03       23.9
     92.03      24.36
       100      24.32
       108       24.4
       116      24.52
       124      24.57
       132      24.45
       140      24.99
       148         25
       156      25.21
     164.1      25.02
     172.1      25.36
     180.1      25.61
     188.1      25.62
     196.1      25.57
     204.1      25.78
     212.1       25.9
     220.1      25.99
     228.1      26.07
     236.1      26.29
     244.1      26.31
     252.1      26.54
     260.1      26.39
     268.1      26.29
     276.1      26.29
     284.1      25.46
     292.1      26.64
     300.1       26.7
     308.1      27.12
     316.1      26.85
     324.1       27.4
     332.1       28.2
     340.1      28.82
     348.1      35.52
