     4.001      18.59
        12      21.03
     20.01      20.97
     28.01      21.49
     36.01      21.67
     44.01      22.05
     52.01      22.44
     60.02      22.35
     68.02      22.79
     76.02      22.85
     84.02       23.3
     92.03      23.32
       100      23.41
       108       23.6
       116      23.69
       124      23.74
       132      24.05
       140      23.97
       148      24.25
       156       24.1
       164       24.4
       172      24.56
       180      24.62
     188.1      24.68
     196.1      24.73
     204.1      24.82
     212.1      24.68
     220.1      25.04
     228.1      25.05
     236.1      25.17
     244.1      25.19
     252.1      25.32
     260.1      25.33
     268.1      25.37
     276.1      25.03
     284.1      25.12
     292.1      25.61
     300.1      25.73
     308.1      25.97
     316.1      26.13
     324.1      26.03
     332.1      26.59
     340.1      26.36
     348.1      26.54
