     4.002       16.9
        12       20.4
     20.01      20.99
     28.01      21.35
     36.01      21.58
     44.02      21.93
     52.02      22.27
     60.02      22.26
     68.03      22.84
     76.03      22.97
     84.03      23.05
     92.04      22.83
       100      22.79
       108       23.5
       116      23.85
       124      24.12
     132.1       24.1
     140.1       24.1
     148.1      23.93
     156.1      24.48
     164.1      24.71
     172.1      24.66
     180.1      24.61
     188.1      24.77
     196.1       24.9
     204.1      25.04
     212.1      25.24
     220.1      25.35
     228.1      25.39
     236.1      25.58
     244.1      25.61
     252.1      25.28
     260.1       25.8
     268.1      26.13
     276.1      26.25
     284.1       26.3
     292.1       26.4
     300.1      26.29
     308.1      26.41
     316.1      26.83
     324.1      27.08
     332.1      26.88
     340.1      27.29
     348.1      26.95
