     4.001      20.64
        12       21.4
     20.01      21.91
     28.01      22.25
     36.01      22.37
     44.01      22.59
     52.01      22.74
     60.02      22.57
     68.02      22.44
     76.02      22.51
     84.02      23.15
     92.03       23.5
       100      23.56
       108      23.48
       116      23.74
       124       23.9
       132         24
       140       24.2
       148      24.38
       156      24.61
       164       24.6
       172      24.65
       180      24.73
     188.1      24.64
     196.1      24.69
     204.1      25.08
     212.1      25.29
     220.1      25.32
     228.1       25.4
     236.1      25.45
     244.1      25.51
     252.1      25.51
     260.1       25.8
     268.1      25.81
     276.1       25.9
     284.1      25.95
     292.1      26.04
     300.1      26.32
     308.1      26.45
     316.1      26.66
     324.1      26.43
     332.1      26.48
     340.1      26.54
     348.1       27.2
