     4.001      17.47
        12      20.31
        20      20.88
     28.01      21.26
     36.01      21.86
     44.01      22.17
     52.01      22.47
     60.01      22.74
     68.02      23.02
     76.02      23.21
     84.02      23.34
     92.02      23.91
       100      24.13
       108      24.21
       116      24.34
       124      24.47
       132      24.68
       140      24.73
       148      24.51
       156      24.19
       164      24.64
       172      25.03
       180      25.02
       188      24.92
       196      25.01
       204      24.88
       212      24.65
     220.1      25.27
     228.1      24.67
     236.1       24.9
     244.1      25.22
     252.1      25.42
     260.1      25.91
     268.1      26.18
     276.1      26.11
     284.1      25.76
     292.1      25.44
     300.1      24.91
     308.1      27.52
     316.1      27.09
     324.1      27.68
     332.1      28.44
     340.1      27.84
     348.1      27.75
