     4.002      20.05
        12      21.01
     20.01      21.65
     28.01      22.08
     36.01      22.57
     44.02      23.03
     52.02      23.23
     60.02      23.45
     68.03      23.76
     76.03      23.93
     84.03      24.16
     92.04      24.52
       100      24.57
       108      24.72
       116      24.83
       124      24.66
     132.1      24.82
     140.1      25.11
     148.1      25.29
     156.1       25.5
     164.1      25.46
     172.1      25.21
     180.1      25.41
     188.1      25.66
     196.1      25.86
     204.1      25.99
     212.1      26.01
     220.1      25.94
     228.1      26.08
     236.1      26.22
     244.1      25.55
     252.1      26.13
     260.1      26.59
     268.1      26.68
     276.1      26.82
     284.1      26.61
     292.1       26.8
     300.1      26.93
     308.1      27.04
     316.1       27.5
     324.1      27.07
     332.1      27.13
     340.1      27.06
     348.1      26.59
