     4.002      19.57
        12       20.9
     20.01      21.17
     28.01      21.51
     36.01      21.95
     44.02      22.36
     52.02      22.85
     60.02       23.3
     68.03      23.51
     76.03      23.75
     84.03      24.11
     92.04      24.45
       100      24.56
       108      24.78
       116      24.98
       124      25.22
     132.1      25.04
     140.1      25.37
     148.1      24.67
     156.1      25.81
     164.1      26.17
     172.1      26.37
     180.1      26.59
     188.1      26.66
     196.1       26.7
     204.1      26.53
     212.1         27
     220.1      26.91
     228.1      27.36
     236.1      27.49
     244.1      27.69
     252.1      27.81
     260.1      27.79
     268.1      27.72
     276.1      27.64
     284.1      27.73
     292.1      28.09
     300.1      28.45
     308.1      28.42
     316.1      28.35
     324.1      27.96
     332.1      29.22
     340.1      28.88
     348.1      30.38
