     4.001      19.23
        12      20.51
     20.01      21.37
     28.01      21.93
     36.01      22.37
     44.01      22.74
     52.02       23.1
     60.02      23.53
     68.02       23.7
     76.02      23.38
     84.03      24.17
     92.03      24.19
       100      24.72
       108      25.03
       116      25.04
       124      25.36
       132      25.09
       140      25.53
       148      25.74
       156      25.59
     164.1      26.01
     172.1      25.32
     180.1      25.19
     188.1      25.53
     196.1      25.77
     204.1      26.17
     212.1      26.19
     220.1      26.73
     228.1      27.43
     236.1      27.22
     244.1      27.41
     252.1      27.16
     260.1      26.89
     268.1      27.34
     276.1      27.42
     284.1      27.31
     292.1      27.26
     300.1      28.37
     308.1      28.67
     316.1      30.43
     324.1      30.24
     332.1      30.19
     340.1      29.66
     348.1      28.46
