     4.001      19.44
        12      21.06
     20.01       21.6
     28.01      21.89
     36.01      21.95
     44.01      22.38
     52.01      22.46
     60.02      22.89
     68.02      23.13
     76.02      23.31
     84.02      23.45
     92.03      23.46
       100      23.71
       108      23.83
       116      23.97
       124      24.11
       132       24.2
       140      24.25
       148      24.38
       156      24.36
       164      24.52
       172      24.65
       180      24.47
     188.1       24.9
     196.1      24.85
     204.1      24.93
     212.1      25.06
     220.1      25.16
     228.1      25.23
     236.1      25.25
     244.1      25.36
     252.1      25.35
     260.1      25.46
     268.1      25.39
     276.1      25.66
     284.1      25.83
     292.1      25.76
     300.1      25.78
     308.1      25.97
     316.1      25.93
     324.1      25.67
     332.1      25.62
     340.1      26.11
     348.1      26.07
