     4.001      20.16
        12      22.28
     20.01      22.63
     28.01      23.06
     36.01      23.49
     44.01      23.87
     52.01      24.15
     60.02      24.44
     68.02      24.77
     76.02      25.03
     84.02      25.22
     92.03      25.34
       100      25.53
       108      25.69
       116      25.85
       124      26.06
       132       26.1
       140      26.35
       148      26.48
       156      26.27
       164      25.71
       172      25.42
       180       26.3
     188.1      26.57
     196.1      26.49
     204.1      26.51
     212.1      27.12
     220.1      27.22
     228.1      27.64
     236.1      27.53
     244.1      27.64
     252.1      27.58
     260.1      27.48
     268.1       27.9
     276.1      27.84
     284.1      27.46
     292.1      27.53
     300.1      27.22
     308.1      27.32
     316.1      27.87
     324.1      28.14
     332.1      26.73
     340.1      27.16
     348.1      25.84
