     4.001      20.62
        12      21.05
     20.01      21.26
     28.01      21.72
     36.01      22.01
     44.01      22.26
     52.01      22.47
     60.02      22.74
     68.02      22.95
     76.02      23.06
     84.02       23.4
     92.03      23.39
       100      23.56
       108      23.63
       116      23.86
       124      23.48
       132       23.9
       140      24.38
       148      24.64
       156      24.84
       164      24.95
       172      25.18
       180      25.31
     188.1      25.43
     196.1      25.45
     204.1      25.61
     212.1      25.55
     220.1      25.67
     228.1      25.77
     236.1      25.81
     244.1      25.97
     252.1      26.16
     260.1       26.3
     268.1       26.5
     276.1      26.55
     284.1      26.58
     292.1      26.33
     300.1      26.94
     308.1       26.9
     316.1      27.09
     324.1      27.17
     332.1         27
     340.1      27.06
     348.1      27.23
