      4.09      20.44
     12.27       21.8
     20.45      22.33
     28.63      22.84
     36.81       23.1
     44.99      23.45
     53.17       23.3
     61.35         24
     69.53      24.31
     77.71       24.5
     85.89      24.69
     94.07      24.69
     102.3      24.82
     110.4      25.16
     118.6      25.51
     126.8      25.84
       135      26.04
     143.2      25.95
     151.3      26.25
     159.5       26.4
     167.7       26.7
     175.9       26.7
     184.1      26.05
     192.2      25.42
     200.4      26.44
     208.6      27.07
     216.8       27.5
       225      27.68
     233.1      27.57
     241.3      28.29
     249.5      28.85
     257.7      28.62
     265.9      28.76
       274      28.94
     282.2      28.65
     290.4      28.45
     298.6      28.81
     306.8      30.57
     314.9      29.35
     323.1      30.18
     331.3      35.52
     339.5      29.98
     347.7      35.45
