     4.001      19.57
        12      21.08
     20.01       21.6
     28.01      21.51
     36.01      21.58
     44.01      22.41
     52.02       22.8
     60.02      22.98
     68.02       23.2
     76.02      23.55
     84.03      23.99
     92.03      24.26
       100      24.45
       108      24.42
       116      24.73
       124      24.98
       132      25.36
       140      25.65
       148      25.56
       156      25.25
     164.1      25.65
     172.1      25.62
     180.1      25.56
     188.1      25.07
     196.1      25.52
     204.1      25.72
     212.1      26.85
     220.1      27.07
     228.1      27.28
     236.1       27.3
     244.1      27.33
     252.1      27.71
     260.1      27.76
     268.1      27.89
     276.1      28.46
     284.1      28.32
     292.1      28.68
     300.1      29.46
     308.1      28.72
     316.1      29.13
     324.1      28.99
     332.1      30.09
     340.1      27.18
     348.1      25.85
