     4.001       19.6
        12      21.73
     20.01      22.18
     28.01      22.56
     36.01      22.98
     44.01      23.06
     52.01      23.57
     60.02       23.8
     68.02         24
     76.02      24.18
     84.02      24.45
     92.03      24.61
       100      24.78
       108      24.89
       116      24.97
       124       25.1
       132      25.12
       140      25.27
       148      25.18
       156      25.05
       164      25.53
       172      25.74
       180      25.69
     188.1       25.8
     196.1      25.98
     204.1      25.93
     212.1      25.87
     220.1      26.09
     228.1      26.38
     236.1      26.35
     244.1      26.47
     252.1      26.58
     260.1      26.73
     268.1      26.92
     276.1      26.91
     284.1      27.19
     292.1      27.47
     300.1      27.47
     308.1      27.21
     316.1      27.55
     324.1      27.98
     332.1      27.97
     340.1      28.28
     348.1      27.79
