     4.002      20.27
        12      21.11
     20.01      21.55
     28.01      21.91
     36.01      22.49
     44.02      23.18
     52.02       23.5
     60.02      23.81
     68.03      24.08
     76.03      24.27
     84.03      24.05
     92.04      24.04
       100      24.41
       108      24.57
       116      24.54
       124      24.75
     132.1      24.63
     140.1      24.83
     148.1      24.95
     156.1      25.28
     164.1      25.23
     172.1      25.58
     180.1      25.66
     188.1      25.79
     196.1      25.75
     204.1       25.5
     212.1       25.1
     220.1      25.94
     228.1      25.69
     236.1      25.46
     244.1      25.61
     252.1      25.53
     260.1      25.42
     268.1      25.66
     276.1      25.71
     284.1      25.41
     292.1      25.51
     300.1      24.77
     308.1      24.47
     316.1      25.53
     324.1      25.72
     332.1      24.24
     340.1      25.26
     348.1      25.84
