     4.001      14.65
        12      20.73
     20.01      21.24
     28.01      21.51
     36.01      21.77
     44.01       22.1
     52.01       22.4
     60.02      22.62
     68.02      22.94
     76.02      23.14
     84.02       23.4
     92.03      23.53
       100      23.74
       108      23.67
       116      23.94
       124      24.16
       132      24.25
       140      24.32
       148      24.49
       156      24.67
       164      24.78
       172      24.65
       180      24.88
     188.1      24.84
     196.1      24.62
     204.1      25.39
     212.1      25.38
     220.1      25.26
     228.1      25.28
     236.1      25.84
     244.1       25.8
     252.1      25.89
     260.1      26.09
     268.1      26.11
     276.1      26.23
     284.1      25.91
     292.1      26.21
     300.1      26.09
     308.1      26.32
     316.1      26.44
     324.1      26.42
     332.1      26.08
     340.1      25.89
     348.1      27.08
