     4.001      18.19
        12      20.43
     20.01      21.14
     28.01      21.48
     36.01      21.84
     44.01      22.09
     52.01       22.4
     60.02      22.67
     68.02      22.86
     76.02      23.05
     84.02      23.13
     92.03      23.25
       100      23.45
       108      23.56
       116      23.75
       124      23.94
       132      24.04
       140      24.15
       148       24.1
       156      24.05
       164      24.24
       172       24.5
       180      24.64
     188.1      24.72
     196.1      24.85
     204.1      24.91
     212.1      24.94
     220.1      25.01
     228.1      25.08
     236.1      25.24
     244.1      24.98
     252.1      25.31
     260.1      25.49
     268.1      25.54
     276.1      25.61
     284.1      25.62
     292.1      25.87
     300.1         26
     308.1      26.14
     316.1       26.2
     324.1      26.12
     332.1      26.32
     340.1      26.27
     348.1      26.42
