     4.001      21.03
        12      21.77
     20.01      22.34
     28.01      22.79
     36.01      23.14
     44.01      23.41
     52.01      23.71
     60.02      23.94
     68.02      24.01
     76.02      24.19
     84.02      24.18
     92.03      23.81
       100      24.27
       108      24.46
       116      24.25
       124      24.24
       132      24.75
       140      24.85
       148      24.93
       156       24.9
       164      25.07
       172      25.25
       180      25.18
     188.1      25.12
     196.1      25.39
     204.1      24.68
     212.1      25.47
     220.1      25.67
     228.1      25.75
     236.1      25.85
     244.1      25.87
     252.1      26.17
     260.1      26.33
     268.1      26.58
     276.1      26.56
     284.1      27.01
     292.1      27.21
     300.1      27.22
     308.1      27.27
     316.1      27.51
     324.1       27.7
     332.1      27.49
     340.1      28.09
     348.1      28.85
