     4.001      20.59
        12      21.01
     20.01      21.28
     28.01      21.63
     36.01      21.95
     44.01       22.2
     52.01      22.58
     60.02       22.6
     68.02      22.97
     76.02      23.28
     84.02      23.36
     92.03      23.46
       100      23.67
       108      23.85
       116      24.02
       124      24.09
       132      24.18
       140      24.22
       148      24.43
       156      24.45
       164      24.64
       172      24.72
       180       24.7
     188.1      24.75
     196.1      24.96
     204.1      25.01
     212.1      25.16
     220.1      25.24
     228.1      25.19
     236.1      25.13
     244.1      25.42
     252.1      25.51
     260.1      25.61
     268.1      25.72
     276.1      25.87
     284.1      26.07
     292.1      25.89
     300.1      26.03
     308.1      26.16
     316.1      26.25
     324.1      26.17
     332.1       26.5
     340.1      26.54
     348.1      26.58
