     4.002      19.46
        12      21.51
     20.01      21.84
     28.01      22.45
     36.01      23.01
     44.02      23.27
     52.02      23.88
     60.02      24.16
     68.03      24.65
     76.03      24.71
     84.03      24.98
     92.04       25.1
       100      25.43
       108      25.59
       116      25.81
       124      26.22
     132.1      26.22
     140.1      26.17
     148.1      26.39
     156.1      26.82
     164.1      26.73
     172.1      26.67
     180.1      26.85
     188.1      26.94
     196.1      26.99
     204.1      27.44
     212.1      27.66
     220.1      27.56
     228.1       27.3
     236.1      27.94
     244.1       28.5
     252.1      28.44
     260.1      28.57
     268.1      28.33
     276.1      27.75
     284.1      28.14
     292.1         28
     300.1      28.32
     308.1      28.52
     316.1      28.24
     324.1         30
     332.1      28.64
     340.1      29.23
     348.1       27.8
