     4.002      19.04
        12      20.38
     20.01       20.8
     28.01       21.2
     36.01      21.71
     44.02         22
     52.02       22.4
     60.02      22.76
     68.03      22.99
     76.03      23.23
     84.03      23.47
     92.04      23.71
       100       23.9
       108      23.73
       116      24.33
       124      24.49
     132.1      24.58
     140.1      24.63
     148.1      24.24
     156.1      24.73
     164.1      24.75
     172.1      24.71
     180.1      24.99
     188.1       25.5
     196.1      25.14
     204.1      24.94
     212.1       25.7
     220.1      25.76
     228.1      25.93
     236.1      26.35
     244.1      26.58
     252.1      26.47
     260.1      26.49
     268.1      26.68
     276.1      26.96
     284.1       27.2
     292.1      27.18
     300.1      27.27
     308.1      27.66
     316.1      27.73
     324.1         28
     332.1      29.07
     340.1      29.36
     348.1      35.52
