     4.001       19.9
        12      20.59
     20.01      20.99
     28.01      21.13
     36.01      21.64
     44.01      22.05
     52.01      22.35
     60.02      22.62
     68.02      22.81
     76.02      22.93
     84.02      23.21
     92.03       23.4
       100      23.62
       108      23.68
       116      23.89
       124      23.95
       132         24
       140      24.22
       148      24.34
       156      24.39
       164       24.5
       172      24.67
       180      24.77
     188.1      24.81
     196.1      25.01
     204.1      25.08
     212.1       25.2
     220.1      25.24
     228.1      24.94
     236.1      25.39
     244.1      25.39
     252.1      24.71
     260.1      25.63
     268.1      25.94
     276.1         26
     284.1      25.94
     292.1       26.2
     300.1      26.31
     308.1      26.34
     316.1      26.52
     324.1      26.52
     332.1      26.65
     340.1      26.98
     348.1      26.91
