     4.001      20.87
        12      20.98
     20.01      21.32
     28.01      21.47
     36.01      21.81
     44.01      21.99
     52.01       22.4
     60.02      22.71
     68.02      22.78
     76.02         23
     84.02      23.15
     92.03      23.17
       100      23.34
       108      23.49
       116      23.54
       124      23.73
       132      23.86
       140      23.82
       148      24.02
       156      24.04
       164      23.99
       172      24.14
       180       24.3
     188.1      24.36
     196.1      24.36
     204.1      24.52
     212.1      24.57
     220.1      24.69
     228.1      24.71
     236.1       24.7
     244.1      24.77
     252.1      24.73
     260.1      25.01
     268.1      25.21
     276.1      25.21
     284.1      25.37
     292.1      25.48
     300.1      25.53
     308.1      25.65
     316.1       25.7
     324.1      25.71
     332.1      25.74
     340.1      25.63
     348.1      25.83
