     4.001      18.71
        12      20.62
     20.01      20.91
     28.01      21.33
     36.01      21.58
     44.01      22.01
     52.01      22.03
     60.02      22.19
     68.02      22.59
     76.02      22.62
     84.02      22.97
     92.03       23.4
       100      23.56
       108      23.69
       116         24
       124       24.2
       132      24.31
       140      24.41
       148      24.45
       156       24.6
       164      24.69
       172      24.83
       180         25
     188.1      25.17
     196.1      25.29
     204.1      25.28
     212.1      25.39
     220.1      25.51
     228.1      25.52
     236.1       25.6
     244.1      25.83
     252.1       25.9
     260.1      25.85
     268.1      26.02
     276.1      26.17
     284.1      26.02
     292.1      26.39
     300.1      26.27
     308.1      26.55
     316.1      27.04
     324.1      27.04
     332.1      26.95
     340.1      27.18
     348.1      26.34
