     4.001      19.05
        12      20.79
     20.01      21.15
     28.01      21.29
     36.01      21.51
     44.01      21.94
     52.01      22.27
     60.02      22.69
     68.02      22.85
     76.02      22.93
     84.02      23.15
     92.03       23.4
       100      23.56
       108      23.84
       116      23.95
       124      23.86
       132      23.99
       140      24.11
       148      24.22
       156      24.32
       164      24.47
       172      24.64
       180       24.6
     188.1      24.84
     196.1      24.83
     204.1       24.8
     212.1      24.74
     220.1      24.94
     228.1      25.29
     236.1      25.36
     244.1       25.3
     252.1      25.49
     260.1      25.48
     268.1      25.62
     276.1      25.75
     284.1      25.91
     292.1      25.98
     300.1      25.87
     308.1      25.76
     316.1      25.83
     324.1       26.1
     332.1      26.07
     340.1      25.95
     348.1      26.16
