         4      19.33
        12      21.46
        20      21.63
        28      21.99
        36       22.6
     44.01      23.21
     52.01      23.49
     60.01      23.88
     68.01      24.04
     76.01      24.36
     84.01      24.23
     92.01      24.07
       100      23.67
       108      24.39
       116      24.85
       124      24.87
       132       25.2
       140      25.51
       148      24.88
       156       25.1
       164      25.74
       172      25.32
       180      24.89
       188      25.33
       196      25.87
       204      26.16
       212      26.14
       220       26.3
       228       26.4
       236      26.64
       244      26.87
       252      26.92
       260      26.99
       268      27.48
       276      28.01
       284      28.23
       292      28.07
       300      28.78
       308      28.85
       316      28.46
       324      30.56
       332      28.67
       340      28.91
       348      29.86
