     4.001      21.02
        12      21.43
     20.01      21.78
     28.01      22.13
     36.01      22.37
     44.01      22.52
     52.01      22.84
     60.02      23.15
     68.02      23.22
     76.02      23.33
     84.02       23.4
     92.03      23.36
       100      23.48
       108       23.6
       116      23.75
       124      23.98
       132      23.91
       140      23.97
       148      24.28
       156      24.33
       164      24.46
       172      24.56
       180      24.67
     188.1      24.45
     196.1      24.67
     204.1      25.11
     212.1      25.05
     220.1      25.11
     228.1      25.13
     236.1      25.32
     244.1      25.41
     252.1       25.6
     260.1      25.59
     268.1      25.59
     276.1       25.6
     284.1      25.54
     292.1      25.76
     300.1      25.81
     308.1      25.92
     316.1      26.09
     324.1      26.14
     332.1      25.98
     340.1       26.1
     348.1      26.38
