     4.002      18.65
        12      19.91
     20.01      20.36
     28.01      21.11
     36.01      21.58
     44.02      21.81
     52.02      21.77
     60.02       21.9
     68.03      22.08
     76.03      22.54
     84.03      22.33
     92.04      22.86
       100       23.3
       108      23.51
       116      23.54
       124      23.92
     132.1      23.93
     140.1      23.99
     148.1      24.16
     156.1      24.32
     164.1      24.23
     172.1       24.2
     180.1      24.34
     188.1      24.43
     196.1      24.62
     204.1      24.68
     212.1      24.78
     220.1      24.87
     228.1      24.95
     236.1      24.89
     244.1      25.11
     252.1      24.77
     260.1      24.48
     268.1      25.29
     276.1      25.85
     284.1      26.26
     292.1      26.35
     300.1      26.66
     308.1       26.9
     316.1      26.86
     324.1      26.55
     332.1      26.47
     340.1      27.15
     348.1       27.6
