     4.002      17.64
        12      20.66
     20.01       20.9
     28.01      21.43
     36.01      21.94
     44.02      22.29
     52.02      22.57
     60.02      22.94
     68.03      23.23
     76.03      23.37
     84.03      23.64
     92.04      23.95
       100       23.9
       108      24.08
       116      24.56
       124      24.77
     132.1      24.73
     140.1      24.89
     148.1      25.23
     156.1      25.29
     164.1      25.49
     172.1      25.45
     180.1      25.63
     188.1      26.02
     196.1      25.96
     204.1      26.22
     212.1      26.38
     220.1      26.46
     228.1      26.45
     236.1      26.64
     244.1         27
     252.1      26.93
     260.1      27.32
     268.1      27.55
     276.1      28.02
     284.1      27.93
     292.1       28.1
     300.1      28.03
     308.1      27.91
     316.1      27.33
     324.1      26.64
     332.1      27.52
     340.1      26.61
     348.1      25.33
