     4.002      19.66
        12       20.5
     20.01      21.09
     28.01      21.65
     36.01      22.04
     44.02      22.43
     52.02      22.66
     60.02      22.84
     68.03         23
     76.03      23.47
     84.03      23.75
     92.04      23.85
       100      24.31
       108      24.24
       116      24.41
       124      24.29
     132.1      24.49
     140.1      24.63
     148.1      24.75
     156.1      24.97
     164.1      25.06
     172.1      25.23
     180.1      25.33
     188.1      25.64
     196.1      25.63
     204.1       25.7
     212.1      25.79
     220.1      25.82
     228.1      25.82
     236.1      25.68
     244.1      25.87
     252.1      25.88
     260.1      26.17
     268.1      26.04
     276.1      26.38
     284.1      26.68
     292.1      26.06
     300.1      26.51
     308.1      26.68
     316.1      26.89
     324.1      26.71
     332.1      26.27
     340.1       25.9
     348.1      28.26
