     4.002      21.61
        12      22.15
     20.01       22.3
     28.01      22.34
     36.01       22.7
     44.02      23.05
     52.02      23.27
     60.02      23.24
     68.03      22.68
     76.03      23.07
     84.03      22.86
     92.04      23.25
       100      23.41
       108       23.2
       116      23.08
       124         24
     132.1      24.12
     140.1      23.91
     148.1      24.01
     156.1      23.95
     164.1      23.87
     172.1      23.84
     180.1      23.85
     188.1      23.96
     196.1         24
     204.1      23.99
     212.1      24.25
     220.1      24.15
     228.1      24.14
     236.1      24.45
     244.1      24.46
     252.1      24.68
     260.1      24.77
     268.1      24.64
     276.1      24.48
     284.1      24.02
     292.1      24.21
     300.1      24.53
     308.1      24.48
     316.1      24.37
     324.1      24.46
     332.1       24.9
     340.1      25.24
     348.1      25.39
