     4.001      21.37
        12      21.84
     20.01      22.14
     28.01      22.41
     36.01      22.64
     44.01      22.78
     52.01      23.07
     60.02      23.39
     68.02      23.59
     76.02       23.7
     84.02      23.64
     92.03      23.71
       100      23.69
       108      23.76
       116      23.72
       124      24.03
       132      23.98
       140      24.35
       148      24.61
       156      24.71
       164      24.91
       172      24.92
       180      24.88
     188.1      24.97
     196.1      24.96
     204.1      25.12
     212.1      25.21
     220.1      25.28
     228.1      25.33
     236.1      25.44
     244.1       25.3
     252.1      25.41
     260.1      25.77
     268.1      25.83
     276.1      25.83
     284.1      25.86
     292.1      25.84
     300.1       26.1
     308.1      26.24
     316.1      26.12
     324.1      26.14
     332.1      26.27
     340.1      26.18
     348.1      25.67
