     4.001      19.03
        12      20.21
        20      20.93
     28.01      21.71
     36.01      21.99
     44.01      22.33
     52.01      22.81
     60.01      22.99
     68.02      23.28
     76.02      23.24
     84.02      23.29
     92.02      23.72
       100         24
       108      24.32
       116      24.52
       124      24.65
       132       24.8
       140      25.13
       148      25.58
       156      25.86
       164       25.9
       172      25.92
       180      25.77
       188       25.9
       196      25.84
       204      26.13
       212      26.42
     220.1      26.56
     228.1      26.67
     236.1      26.93
     244.1      27.21
     252.1      26.85
     260.1      27.45
     268.1      27.45
     276.1      27.17
     284.1      27.47
     292.1       27.4
     300.1      27.37
     308.1      27.37
     316.1      27.36
     324.1      26.99
     332.1      27.05
     340.1      27.29
     348.1      28.44
