     4.001      19.85
        12      20.82
        20      21.39
     28.01      21.54
     36.01      22.53
     44.01      23.01
     52.01      23.29
     60.01      23.42
     68.02      23.74
     76.02      23.81
     84.02      24.22
     92.02      24.47
       100      24.42
       108      24.42
       116      24.73
       124      24.89
       132      25.13
       140      25.18
       148      25.36
       156      25.47
       164      25.49
       172      25.69
       180       25.7
       188      25.72
       196      25.75
       204      26.08
       212      25.93
     220.1      26.26
     228.1      26.34
     236.1      26.22
     244.1      25.92
     252.1      25.72
     260.1      26.23
     268.1      26.43
     276.1      26.61
     284.1      26.84
     292.1      26.99
     300.1      26.66
     308.1      26.74
     316.1      26.37
     324.1      26.62
     332.1      26.54
     340.1      26.68
     348.1      27.24
