     4.093      21.62
     12.28      22.72
     20.46      23.15
     28.65      23.37
     36.83      23.79
     45.02      24.05
      53.2       24.4
     61.39      24.12
     69.58       25.1
     77.76      25.12
     85.95      25.37
     94.13      25.67
     102.3      25.89
     110.5      26.01
     118.7      26.04
     126.9       26.1
     135.1      26.36
     143.2      26.18
     151.4      26.59
     159.6      26.57
     167.8      26.69
       176      26.88
     184.2      26.86
     192.4      26.91
     200.5      27.17
     208.7       27.1
     216.9       27.2
     225.1      27.49
     233.3      27.75
     241.5      27.64
     249.7      27.79
     257.8      27.66
       266      27.55
     274.2      27.77
     282.4      27.97
     290.6      27.97
     298.8      28.01
       307      28.15
     315.1      28.11
     323.3      28.43
     331.5      28.54
     339.7      28.53
     347.9      28.06
