     4.001       20.9
        12      21.29
     20.01      21.45
     28.01      21.72
     36.01      21.78
     44.01      22.13
     52.01      22.33
     60.02      22.63
     68.02      22.44
     76.02      22.91
     84.02      23.27
     92.03      23.39
       100      23.49
       108      23.59
       116      23.57
       124      23.78
       132      24.03
       140      24.03
       148      24.08
       156      24.15
       164      24.33
       172      24.24
       180      24.36
     188.1       24.6
     196.1      24.71
     204.1      24.83
     212.1      24.89
     220.1      24.99
     228.1      25.04
     236.1       25.1
     244.1      25.15
     252.1      25.24
     260.1      25.33
     268.1      25.45
     276.1      25.51
     284.1      25.65
     292.1      25.77
     300.1      25.71
     308.1      25.71
     316.1      25.77
     324.1      26.03
     332.1      26.07
     340.1      26.08
     348.1       25.7
