     4.002      19.15
        12      20.28
     20.01      20.81
     28.01       21.2
     36.01       21.6
     44.02       21.8
     52.02      22.07
     60.02      22.16
     68.03      22.63
     76.03      22.93
     84.03      23.06
     92.04      23.31
       100      23.52
       108      23.74
       116      23.73
       124      23.87
     132.1      23.91
     140.1      24.25
     148.1      24.38
     156.1      24.52
     164.1      24.59
     172.1      24.65
     180.1      24.85
     188.1      24.82
     196.1      24.98
     204.1      25.04
     212.1      25.05
     220.1      25.24
     228.1      25.23
     236.1      25.16
     244.1      24.81
     252.1      25.17
     260.1      25.42
     268.1      25.36
     276.1      25.19
     284.1       25.3
     292.1      25.75
     300.1      25.95
     308.1      26.02
     316.1      26.04
     324.1      25.76
     332.1      26.25
     340.1       26.4
     348.1      26.72
