     4.002      16.15
        12      20.02
     20.01      20.54
     28.01      21.19
     36.01      21.67
     44.02      22.06
     52.02      22.25
     60.02      22.58
     68.03      22.84
     76.03      23.07
     84.03      23.11
     92.04      23.39
       100      23.42
       108      23.64
       116      23.97
       124      24.13
     132.1      24.22
     140.1      24.55
     148.1      24.75
     156.1      24.81
     164.1      24.93
     172.1      25.05
     180.1      25.14
     188.1      25.26
     196.1      25.48
     204.1      25.45
     212.1      25.55
     220.1      25.79
     228.1      25.86
     236.1      26.21
     244.1      26.31
     252.1      26.13
     260.1       26.5
     268.1       26.1
     276.1      26.06
     284.1      26.41
     292.1       26.3
     300.1      26.49
     308.1      26.64
     316.1      26.77
     324.1      26.95
     332.1      27.61
     340.1      27.69
     348.1      26.58
