     6.032  2.573e+08
     10.05  1.559e+08
     14.08  9.713e+07
      18.1  5.257e+07
     22.12  2.879e+07
     26.14   1.42e+07
     30.16  1.173e+07
     34.18  9.808e+06
      38.2  7.323e+06
     42.23  4.993e+06
     46.25  4.635e+06
     50.27  3.819e+06
     54.29  2.674e+06
     58.31  1.979e+06
     62.33   1.19e+06
     66.35   1.18e+06
     70.38  1.346e+06
      74.4   1.02e+06
     78.42  1.262e+06
     82.44  1.367e+06
     86.46  1.158e+06
     90.48  1.041e+06
      94.5  1.192e+06
     98.53  1.182e+06
     102.5  1.218e+06
     106.6  1.206e+06
     110.6  1.002e+06
     114.6  8.468e+05
     118.6      9e+05
     122.7  8.961e+05
     126.7  7.951e+05
     130.7  6.958e+05
     134.7  4.704e+05
     138.7  6.246e+05
     142.8  9.211e+05
     146.8  9.898e+05
     150.8  1.535e+06
     154.8  1.074e+06
     158.8  1.062e+06
     162.9  1.028e+06
     166.9    6.6e+05
     170.9  5.789e+05
     174.9  3.517e+05
       179  2.524e+05
       183  1.691e+05
       187  1.369e+05
       191  9.659e+04
       195  2.285e+04
     199.1  9.924e+04
     203.1  9.871e+04
     207.1  1.184e+05
     211.1   1.28e+05
     215.1  8.292e+04
     219.2  1.572e+05
     223.2  7.343e+04
     227.2  7.292e+04
     231.2  2.839e+04
     235.3  3.771e+04
     239.3  1.859e+04
     243.3       6201
     247.3  3.105e+04
     251.3  1.801e+04
     255.4  1.312e+04
     259.4  1.718e+04
     263.4  1.718e+04
     267.4          0
     271.4       6018
     275.5  1.094e+04
     279.5  1.067e+04
     283.5  1.071e+04
     287.5  2.061e+04
     291.6       6284
     295.6          0
     299.6          0
     303.6       4957
     307.6  1.082e+04
     311.7          0
     315.7          0
     319.7  1.967e+04
     323.7       4493
     327.7          0
     331.8       4659
     335.8       4627
     339.8       9191
     343.8          0
