     2.011  2.945e+10
     6.032  6.867e+10
     10.05  1.083e+11
     14.08  1.428e+11
      18.1  1.668e+11
     22.12  1.829e+11
     26.14  1.923e+11
     30.16  2.013e+11
     34.18  2.097e+11
      38.2  2.168e+11
     42.23  2.221e+11
     46.25  2.275e+11
     50.27  2.324e+11
     54.29  2.361e+11
     58.31   2.39e+11
     62.33  2.408e+11
     66.35  2.428e+11
     70.38  2.452e+11
      74.4  2.471e+11
     78.42  2.496e+11
     82.44  2.525e+11
     86.46   2.55e+11
     90.48  2.574e+11
      94.5  2.602e+11
     98.53  2.632e+11
     102.5  2.663e+11
     106.6  2.696e+11
     110.6  2.724e+11
     114.6  2.748e+11
     118.6  2.775e+11
     122.7  2.803e+11
     126.7  2.829e+11
     130.7  2.852e+11
     134.7  2.868e+11
     138.7  2.889e+11
     142.8  2.923e+11
     146.8  2.959e+11
     150.8  3.018e+11
     154.8   3.06e+11
     158.8  3.102e+11
     162.9  3.145e+11
     166.9  3.173e+11
     170.9  3.198e+11
     174.9  3.213e+11
       179  3.225e+11
       183  3.232e+11
       187  3.239e+11
       191  3.243e+11
       195  3.245e+11
     199.1   3.25e+11
     203.1  3.255e+11
     207.1  3.261e+11
     211.1  3.268e+11
     215.1  3.272e+11
     219.2  3.281e+11
     223.2  3.285e+11
     227.2  3.289e+11
     231.2  3.291e+11
     235.3  3.293e+11
     239.3  3.294e+11
     243.3  3.295e+11
     247.3  3.297e+11
     251.3  3.298e+11
     255.4  3.299e+11
     259.4    3.3e+11
     263.4  3.301e+11
     267.4  3.301e+11
     271.4  3.301e+11
     275.5  3.302e+11
     279.5  3.303e+11
     283.5  3.304e+11
     287.5  3.305e+11
     291.6  3.305e+11
     295.6  3.305e+11
     299.6  3.305e+11
     303.6  3.306e+11
     307.6  3.307e+11
     311.7  3.307e+11
     315.7  3.307e+11
     319.7  3.308e+11
     323.7  3.309e+11
     327.7  3.309e+11
     331.8  3.309e+11
     335.8  3.309e+11
     339.8   3.31e+11
     343.8   3.31e+11
