     2.011  1.132e-16
     6.032  3.372e-17
     10.05  2.546e-17
     14.08  2.159e-17
      18.1  1.058e-17
     22.12  4.553e-18
     26.14  2.865e-18
     30.16  2.842e-18
     34.18  2.387e-18
      38.2  2.297e-18
     42.23  1.141e-18
     46.25  9.908e-19
     50.27  7.538e-19
     54.29  5.949e-19
     58.31   4.65e-19
     62.33  2.254e-19
     66.35  2.431e-19
     70.38  2.179e-19
      74.4  2.483e-19
     78.42  2.577e-19
     82.44  2.309e-19
     86.46  2.037e-19
     90.48  2.346e-19
      94.5  2.358e-19
     98.53  1.736e-19
     102.5  2.885e-19
     106.6  2.436e-19
     110.6  2.742e-19
     114.6  2.225e-19
     118.6  2.377e-19
     122.7  2.422e-19
     126.7   1.71e-19
     130.7  1.128e-19
     134.7  1.153e-19
     138.7  1.447e-19
     142.8  1.339e-19
     146.8  2.306e-19
     150.8  2.374e-19
     154.8  1.783e-19
     158.8  3.004e-19
     162.9  1.835e-19
     166.9  1.228e-19
     170.9  7.328e-20
     174.9  4.471e-20
       179  3.367e-20
       183  2.515e-20
       187    2.7e-20
       191  5.606e-21
       195  9.075e-21
     199.1  1.306e-20
     203.1  1.415e-20
     207.1  1.983e-20
     211.1  1.189e-20
     215.1  1.454e-20
     219.2  1.623e-20
     223.2  8.237e-21
     227.2  5.615e-21
     231.2  8.224e-21
     235.3  2.147e-21
     239.3  1.584e-21
     243.3  3.242e-21
     247.3  2.539e-21
     251.3  4.998e-21
     255.4  2.519e-21
     259.4  5.328e-21
     263.4  8.831e-22
     267.4  1.245e-21
     271.4  5.446e-22
     275.5  4.564e-21
     279.5  4.877e-21
     283.5  5.738e-21
     287.5  6.875e-21
     291.6  3.858e-22
     295.6      1e-23
     299.6  3.551e-22
     303.6   3.67e-21
     307.6  1.111e-20
     311.7  4.529e-22
     315.7  1.803e-20
     319.7  1.013e-20
     323.7  4.725e-21
     327.7  4.225e-21
     331.8  1.636e-20
     335.8  2.849e-20
     339.8  2.523e-20
     343.8      1e-23
