     2.011      17.88
     6.032       19.2
     10.05       19.5
     14.08      19.68
      18.1      20.45
     22.12      21.37
     26.14      21.87
     30.16      21.88
     34.18      22.07
      38.2      22.11
     42.23      22.87
     46.25      23.03
     50.27      23.32
     54.29      23.58
     58.31      23.85
     62.33      24.63
     66.35      24.55
     70.38      24.67
      74.4      24.53
     78.42      24.49
     82.44      24.61
     86.46      24.74
     90.48      24.59
      94.5      24.58
     98.53      24.92
     102.5      24.37
     106.6      24.55
     110.6      24.42
     114.6      24.65
     118.6      24.58
     122.7      24.56
     126.7      24.93
     130.7      25.38
     134.7      25.36
     138.7      25.11
     142.8       25.2
     146.8      24.61
     150.8      24.58
     154.8      24.89
     158.8      24.32
     162.9      24.86
     166.9      25.29
     170.9      25.85
     174.9      26.39
       179       26.7
       183      27.01
       187      26.94
       191      28.64
       195      28.12
     199.1      27.73
     203.1      27.64
     207.1      27.27
     211.1      27.83
     215.1      27.61
     219.2      27.49
     223.2      28.23
     227.2      28.64
     231.2      28.23
     235.3      29.69
     239.3      30.02
     243.3      29.24
     247.3       29.5
     251.3      28.77
     255.4      29.51
     259.4       28.7
     263.4      30.65
     267.4      30.28
     271.4      31.18
     275.5      28.87
     279.5       28.8
     283.5      28.62
     287.5      28.42
     291.6      31.55
     295.6      35.52
     299.6      31.64
     303.6       29.1
     307.6       27.9
     311.7      31.38
     315.7      27.38
     319.7         28
     323.7      28.83
     327.7      28.95
     331.8      27.48
     335.8      26.88
     339.8      27.01
     343.8      35.52
