     6.003  7.992e+08
        10  3.549e+08
     14.01  2.093e+08
     18.01  1.446e+08
     22.01  1.202e+08
     26.01  9.704e+07
     30.01  8.199e+07
     34.01  6.663e+07
     38.02  5.014e+07
     42.02  4.819e+07
     46.02  4.321e+07
     50.02  3.442e+07
     54.02  2.887e+07
     58.03   2.45e+07
     62.03  2.195e+07
     66.03  1.853e+07
     70.03  1.764e+07
     74.03  1.541e+07
     78.03  1.341e+07
     82.04  1.266e+07
     86.04  1.101e+07
     90.04  9.979e+06
     94.04  8.247e+06
     98.04  8.388e+06
       102  9.021e+06
       106  8.136e+06
       110  8.372e+06
       114  8.372e+06
     118.1  7.498e+06
     122.1  6.458e+06
     126.1  5.342e+06
     130.1  4.778e+06
     134.1   3.84e+06
     138.1  3.404e+06
     142.1   4.06e+06
     146.1  5.773e+06
     150.1  3.504e+06
     154.1  3.229e+06
     158.1   3.62e+06
     162.1  2.446e+06
     166.1  3.084e+06
     170.1   4.21e+06
     174.1  2.875e+06
     178.1  1.978e+06
     182.1   1.73e+06
     186.1  1.513e+06
     190.1  1.422e+06
     194.1  1.539e+06
     198.1  1.493e+06
     202.1  1.601e+06
     206.1  1.384e+06
     210.1  1.158e+06
     214.1  9.895e+05
     218.1  1.018e+06
     222.1  9.482e+05
     226.1  9.064e+05
     230.1  9.601e+05
     234.1  9.076e+05
     238.1  8.829e+05
     242.1  9.627e+05
     246.1  7.847e+05
     250.1  8.051e+05
     254.1   6.17e+05
     258.1  4.469e+05
     262.1  3.736e+05
     266.1  3.903e+05
     270.1  2.072e+05
     274.1  1.776e+05
     278.1  2.247e+05
     282.1  1.594e+05
     286.1  1.229e+05
     290.1  1.777e+05
     294.1  1.143e+05
     298.1  1.008e+05
     302.1  6.487e+04
     306.1  6.348e+04
     310.1  6.074e+04
     314.1  4.582e+04
     318.1  3.003e+04
     322.1       8889
     326.1  1.861e+04
     330.1  2.649e+04
     334.1  1.918e+04
     338.1       4304
     342.1       8363
     346.2          0
     350.2          0
