     2.001  5.993e+10
     6.003  1.806e+11
        10  2.698e+11
     14.01  3.435e+11
     18.01   4.09e+11
     22.01  4.756e+11
     26.01   5.39e+11
     30.01  6.009e+11
     34.01  6.579e+11
     38.02  7.058e+11
     42.02  7.567e+11
     46.02  8.067e+11
     50.02    8.5e+11
     54.02  8.892e+11
     58.03   9.25e+11
     62.03  9.592e+11
     66.03    9.9e+11
     70.03  1.021e+12
     74.03   1.05e+12
     78.03  1.076e+12
     82.04  1.102e+12
     86.04  1.126e+12
     90.04  1.149e+12
     94.04  1.168e+12
     98.04  1.189e+12
       102  1.212e+12
       106  1.234e+12
       110  1.257e+12
       114  1.281e+12
     118.1  1.303e+12
     122.1  1.323e+12
     126.1   1.34e+12
     130.1  1.355e+12
     134.1  1.368e+12
     138.1   1.38e+12
     142.1  1.395e+12
     146.1  1.416e+12
     150.1  1.429e+12
     154.1  1.442e+12
     158.1  1.456e+12
     162.1  1.466e+12
     166.1  1.479e+12
     170.1  1.497e+12
     174.1  1.509e+12
     178.1  1.518e+12
     182.1  1.526e+12
     186.1  1.533e+12
     190.1   1.54e+12
     194.1  1.548e+12
     198.1  1.555e+12
     202.1  1.563e+12
     206.1   1.57e+12
     210.1  1.576e+12
     214.1  1.582e+12
     218.1  1.587e+12
     222.1  1.593e+12
     226.1  1.598e+12
     230.1  1.603e+12
     234.1  1.609e+12
     238.1  1.614e+12
     242.1   1.62e+12
     246.1  1.625e+12
     250.1   1.63e+12
     254.1  1.634e+12
     258.1  1.637e+12
     262.1  1.639e+12
     266.1  1.642e+12
     270.1  1.643e+12
     274.1  1.644e+12
     278.1  1.646e+12
     282.1  1.647e+12
     286.1  1.648e+12
     290.1  1.649e+12
     294.1   1.65e+12
     298.1  1.651e+12
     302.1  1.651e+12
     306.1  1.652e+12
     310.1  1.652e+12
     314.1  1.653e+12
     318.1  1.653e+12
     322.1  1.653e+12
     326.1  1.653e+12
     330.1  1.653e+12
     334.1  1.653e+12
     338.1  1.653e+12
     342.1  1.654e+12
     346.2  1.654e+12
     350.2  1.654e+12
