     2.001  2.032e-15
     6.003  3.874e-17
        10   2.81e-17
     14.01  1.564e-17
     18.01  1.155e-17
     22.01  1.158e-17
     26.01  8.925e-18
     30.01  7.132e-18
     34.01  5.832e-18
     38.02  4.405e-18
     42.02  4.335e-18
     46.02  3.451e-18
     50.02  2.972e-18
     54.02   2.64e-18
     58.03  2.839e-18
     62.03  2.194e-18
     66.03  1.736e-18
     70.03  1.958e-18
     74.03  1.527e-18
     78.03   1.52e-18
     82.04  1.418e-18
     86.04  1.156e-18
     90.04  8.769e-19
     94.04  9.181e-19
     98.04  9.111e-19
       102  1.179e-18
       106  9.591e-19
       110  1.256e-18
       114  1.273e-18
     118.1  1.401e-18
     122.1   1.05e-18
     126.1  7.122e-19
     130.1   5.02e-19
     134.1  3.861e-19
     138.1  4.245e-19
     142.1  6.739e-19
     146.1  7.801e-19
     150.1  7.547e-19
     154.1  6.273e-19
     158.1   4.72e-19
     162.1  2.755e-19
     166.1  3.571e-19
     170.1  2.922e-19
     174.1  2.623e-19
     178.1  2.396e-19
     182.1  2.137e-19
     186.1  2.261e-19
     190.1   3.65e-19
     194.1  3.084e-19
     198.1  3.392e-19
     202.1  3.324e-19
     206.1  2.044e-19
     210.1  1.394e-19
     214.1  1.291e-19
     218.1  1.359e-19
     222.1  1.132e-19
     226.1  1.254e-19
     230.1  9.792e-20
     234.1   1.12e-19
     238.1  9.302e-20
     242.1  1.126e-19
     246.1  1.133e-19
     250.1   1.15e-19
     254.1  1.141e-19
     258.1  1.252e-19
     262.1  2.392e-19
     266.1  2.716e-19
     270.1  4.929e-20
     274.1  5.365e-20
     278.1  7.261e-20
     282.1  5.308e-20
     286.1  4.524e-20
     290.1  6.799e-20
     294.1  4.832e-20
     298.1  3.813e-20
     302.1  3.683e-20
     306.1  3.968e-20
     310.1  3.416e-20
     314.1  3.548e-20
     318.1  5.714e-21
     322.1  1.748e-20
     326.1  4.294e-20
     330.1  1.561e-20
     334.1   2.39e-20
     338.1  1.243e-20
     342.1  6.801e-21
     346.2  2.984e-23
     350.2  5.791e-20
