     2.001      14.75
     6.003      19.05
        10      19.39
     14.01      20.03
     18.01      20.36
     22.01      20.36
     26.01      20.64
     30.01      20.88
     34.01       21.1
     38.02      21.41
     42.02      21.42
     46.02      21.67
     50.02      21.83
     54.02      21.96
     58.03      21.88
     62.03      22.16
     66.03      22.42
     70.03      22.29
     74.03      22.56
     78.03      22.56
     82.04      22.64
     86.04      22.86
     90.04      23.16
     94.04      23.11
     98.04      23.12
       102      22.84
       106      23.06
       110      22.77
       114      22.75
     118.1      22.65
     122.1      22.96
     126.1      23.38
     130.1      23.76
     134.1      24.05
     138.1      23.95
     142.1      23.44
     146.1      23.29
     150.1      23.32
     154.1      23.52
     158.1      23.83
     162.1      24.42
     166.1      24.13
     170.1      24.35
     174.1      24.47
     178.1      24.57
     182.1      24.69
     186.1      24.63
     190.1      24.11
     194.1      24.29
     198.1      24.19
     202.1      24.21
     206.1      24.74
     210.1      25.16
     214.1      25.24
     218.1      25.18
     222.1      25.38
     226.1      25.27
     230.1      25.54
     234.1      25.39
     238.1      25.59
     242.1      25.39
     246.1      25.38
     250.1      25.36
     254.1      25.37
     258.1      25.27
     262.1      24.57
     266.1      24.43
     270.1      26.28
     274.1      26.19
     278.1      25.86
     282.1       26.2
     286.1      26.38
     290.1      25.94
     294.1      26.31
     298.1      26.56
     302.1       26.6
     306.1      26.52
     310.1      26.68
     314.1      26.64
     318.1      28.62
     322.1      27.41
     326.1      26.43
     330.1      27.53
     334.1      27.07
     338.1      27.78
     342.1      28.43
     346.2      34.33
     350.2      26.11
