     6.055  1.505e+08
     10.09  2.526e+07
     14.13  1.023e+07
     18.16    7.8e+06
      22.2  3.419e+06
     26.24  1.584e+06
     30.27  1.365e+06
     34.31  1.353e+06
     38.35  6.324e+05
     42.38  2.881e+05
     46.42  1.008e+05
     50.46  6.243e+04
     54.49  2.303e+05
     58.53  8.222e+04
     62.57  2.524e+04
      66.6          0
     70.64          0
     74.68  6.269e+04
     78.71  2.012e+04
     82.75          0
     86.79          0
     90.82          0
     94.86          0
      98.9          0
     102.9          0
       107          0
       111          0
       115          0
     119.1          0
     123.1          0
     127.2          0
     131.2          0
     135.2          0
     139.3          0
     143.3          0
     147.3          0
     151.4          0
     155.4          0
     159.4          0
     163.5          0
     167.5          0
     171.6          0
     175.6          0
     179.6          0
     183.7          0
     187.7          0
     191.7          0
     195.8          0
     199.8          0
     203.8          0
     207.9          0
     211.9          0
       216          0
       220          0
       224          0
     228.1          0
