     2.018  3.327e+10
     6.055  5.638e+10
     10.09  6.285e+10
     14.13  6.652e+10
     18.16  7.011e+10
      22.2  7.203e+10
     26.24  7.309e+10
     30.27  7.414e+10
     34.31  7.531e+10
     38.35  7.593e+10
     42.38  7.624e+10
     46.42  7.636e+10
     50.46  7.644e+10
     54.49  7.675e+10
     58.53  7.688e+10
     62.57  7.692e+10
      66.6  7.692e+10
     70.64  7.692e+10
     74.68  7.704e+10
     78.71  7.708e+10
     82.75  7.708e+10
     86.79  7.708e+10
     90.82  7.708e+10
     94.86  7.708e+10
      98.9  7.708e+10
     102.9  7.708e+10
       107  7.708e+10
       111  7.708e+10
       115  7.708e+10
     119.1  7.708e+10
     123.1  7.708e+10
     127.2  7.708e+10
     131.2  7.708e+10
     135.2  7.708e+10
     139.3  7.708e+10
     143.3  7.708e+10
     147.3  7.708e+10
     151.4  7.708e+10
     155.4  7.708e+10
     159.4  7.708e+10
     163.5  7.708e+10
     167.5  7.708e+10
     171.6  7.708e+10
     175.6  7.708e+10
     179.6  7.708e+10
     183.7  7.708e+10
     187.7  7.708e+10
     191.7  7.708e+10
     195.8  7.708e+10
     199.8  7.708e+10
     203.8  7.708e+10
     207.9  7.708e+10
     211.9  7.708e+10
       216  7.708e+10
       220  7.708e+10
       224  7.708e+10
     228.1  7.708e+10
