     2.018  2.405e-16
     6.055  9.159e-18
     10.09  1.475e-18
     14.13  8.898e-19
     18.16  6.607e-19
      22.2  2.127e-19
     26.24  1.943e-19
     30.27  1.209e-19
     34.31  7.833e-20
     38.35  3.063e-20
     42.38  2.147e-20
     46.42  5.831e-21
     50.46  1.433e-20
     54.49  1.628e-20
     58.53  6.216e-21
     62.57  1.709e-21
      66.6      1e-23
     70.64  3.538e-21
     74.68  2.817e-21
     78.71  1.802e-21
     82.75      1e-23
     86.79      1e-23
     90.82      1e-23
     94.86      1e-23
      98.9      1e-23
     102.9      1e-23
       107      1e-23
       111      1e-23
       115      1e-23
     119.1      1e-23
     123.1      1e-23
     127.2      1e-23
     131.2      1e-23
     135.2      1e-23
     139.3      1e-23
     143.3      1e-23
     147.3      1e-23
     151.4      1e-23
     155.4      1e-23
     159.4      1e-23
     163.5      1e-23
     167.5      1e-23
     171.6      1e-23
     175.6      1e-23
     179.6      1e-23
     183.7      1e-23
     187.7      1e-23
     191.7      1e-23
     195.8      1e-23
     199.8      1e-23
     203.8      1e-23
     207.9      1e-23
     211.9      1e-23
       216      1e-23
       220      1e-23
       224      1e-23
     228.1      1e-23
