     2.018      17.06
     6.055      20.61
     10.09      22.59
     14.13      23.14
     18.16      23.47
      22.2       24.7
     26.24      24.79
     30.27      25.31
     34.31      25.78
     38.35       26.8
     42.38      27.19
     46.42       28.6
     50.46      27.63
     54.49      27.49
     58.53      28.53
     62.57      29.93
      66.6      35.52
     70.64      29.14
     74.68      29.39
     78.71      29.88
     82.75      35.52
     86.79      35.52
     90.82      35.52
     94.86      35.52
      98.9      35.52
     102.9      35.52
       107      35.52
       111      35.52
       115      35.52
     119.1      35.52
     123.1      35.52
     127.2      35.52
     131.2      35.52
     135.2      35.52
     139.3      35.52
     143.3      35.52
     147.3      35.52
     151.4      35.52
     155.4      35.52
     159.4      35.52
     163.5      35.52
     167.5      35.52
     171.6      35.52
     175.6      35.52
     179.6      35.52
     183.7      35.52
     187.7      35.52
     191.7      35.52
     195.8      35.52
     199.8      35.52
     203.8      35.52
     207.9      35.52
     211.9      35.52
       216      35.52
       220      35.52
       224      35.52
     228.1      35.52
