     6.066  2.492e+08
     10.11  1.429e+08
     14.15  9.549e+07
      18.2  7.764e+07
     22.24  6.146e+07
     26.28  4.784e+07
     30.33  3.625e+07
     34.37  3.192e+07
     38.42  2.584e+07
     42.46   2.12e+07
      46.5  1.964e+07
     50.55  1.557e+07
     54.59  1.254e+07
     58.63  1.224e+07
     62.68  1.068e+07
     66.72  9.229e+06
     70.76  8.075e+06
     74.81  6.569e+06
     78.85  6.617e+06
      82.9  6.556e+06
     86.94  5.934e+06
     90.98  5.898e+06
     95.03  5.263e+06
     99.07  4.277e+06
     103.1  3.914e+06
     107.2  3.101e+06
     111.2  3.062e+06
     115.2  2.792e+06
     119.3  2.643e+06
     123.3   2.45e+06
     127.4  1.919e+06
     131.4  1.728e+06
     135.5  1.863e+06
     139.5  1.732e+06
     143.6  1.555e+06
     147.6  1.557e+06
     151.6   1.42e+06
     155.7  1.278e+06
     159.7  1.264e+06
     163.8  1.182e+06
     167.8    1.4e+06
     171.9  1.395e+06
     175.9  1.324e+06
     179.9  1.087e+06
       184  1.007e+06
       188  8.303e+05
     192.1   6.61e+05
     196.1   6.28e+05
     200.2  6.278e+05
     204.2  6.344e+05
     208.3  6.456e+05
     212.3  6.035e+05
     216.3  5.208e+05
     220.4  5.356e+05
     224.4  5.075e+05
     228.5  4.823e+05
     232.5  4.346e+05
     236.6  4.659e+05
     240.6  3.543e+05
     244.6  3.152e+05
     248.7  4.099e+05
     252.7  3.003e+05
     256.8  2.965e+05
     260.8  1.898e+05
     264.9  1.874e+05
     268.9  1.833e+05
     272.9  1.662e+05
       277  1.793e+05
       281  1.909e+05
     285.1  1.665e+05
     289.1  1.142e+05
     293.2  1.024e+05
     297.2  1.278e+05
     301.3  9.941e+04
     305.3  2.257e+04
     309.3  5.467e+04
     313.4  2.647e+04
     317.4  5.042e+04
     321.5       4594
     325.5  1.226e+04
     329.6  1.884e+04
     333.6  1.669e+04
     337.6  1.331e+04
     341.7       3836
     345.7          0
     349.8       9025
