     2.022  8.897e+09
     6.066   4.73e+10
     10.11  8.401e+10
     14.15  1.184e+11
      18.2  1.542e+11
     22.24   1.89e+11
     26.28  2.209e+11
     30.33  2.489e+11
     34.37  2.767e+11
     38.42   3.02e+11
     42.46  3.248e+11
      46.5   3.48e+11
     50.55   3.68e+11
     54.59  3.854e+11
     58.63  4.036e+11
     62.68  4.207e+11
     66.72  4.363e+11
     70.76  4.508e+11
     74.81  4.633e+11
     78.85  4.766e+11
      82.9  4.904e+11
     86.94  5.035e+11
     90.98  5.171e+11
     95.03  5.298e+11
     99.07  5.406e+11
     103.1  5.508e+11
     107.2  5.593e+11
     111.2  5.679e+11
     115.2  5.761e+11
     119.3  5.841e+11
     123.3  5.918e+11
     127.4   5.98e+11
     131.4  6.038e+11
     135.5  6.102e+11
     139.5  6.163e+11
     143.6   6.22e+11
     147.6  6.278e+11
     151.6  6.333e+11
     155.7  6.384e+11
     159.7  6.435e+11
     163.8  6.484e+11
     167.8  6.544e+11
     171.9  6.605e+11
     175.9  6.664e+11
     179.9  6.713e+11
       184  6.761e+11
       188    6.8e+11
     192.1  6.832e+11
     196.1  6.864e+11
     200.2  6.896e+11
     204.2  6.929e+11
     208.3  6.963e+11
     212.3  6.995e+11
     216.3  7.024e+11
     220.4  7.054e+11
     224.4  7.083e+11
     228.5  7.111e+11
     232.5  7.137e+11
     236.6  7.165e+11
     240.6  7.186e+11
     244.6  7.206e+11
     248.7  7.232e+11
     252.7  7.251e+11
     256.8   7.27e+11
     260.8  7.283e+11
     264.9  7.296e+11
     268.9  7.308e+11
     272.9   7.32e+11
       277  7.332e+11
       281  7.346e+11
     285.1  7.358e+11
     289.1  7.366e+11
     293.2  7.374e+11
     297.2  7.384e+11
     301.3  7.391e+11
     305.3  7.393e+11
     309.3  7.397e+11
     313.4  7.399e+11
     317.4  7.403e+11
     321.5  7.404e+11
     325.5  7.405e+11
     329.6  7.406e+11
     333.6  7.408e+11
     337.6  7.409e+11
     341.7  7.409e+11
     345.7  7.409e+11
     349.8   7.41e+11
