     2.022       17.2
     6.066      19.37
     10.11      20.07
     14.15      20.55
      18.2      20.84
     22.24      21.02
     26.28      21.18
     30.33      21.39
     34.37      21.33
     38.42         22
     42.46      22.09
      46.5      22.44
     50.55      22.69
     54.59      22.76
     58.63      22.75
     62.68      22.54
     66.72      22.96
     70.76      23.17
     74.81      23.35
     78.85      23.46
      82.9      23.53
     86.94      23.61
     90.98      23.44
     95.03      23.49
     99.07      23.38
     103.1      23.57
     107.2      23.68
     111.2       23.8
     115.2      24.05
     119.3      24.12
     123.3      24.34
     127.4      24.23
     131.4      23.89
     135.5      24.05
     139.5       24.4
     143.6      24.37
     147.6      24.61
     151.6      24.66
     155.7      24.81
     159.7      25.05
     163.8      25.07
     167.8      25.24
     171.9      25.16
     175.9      25.26
     179.9      25.63
       184      25.65
       188       26.1
     192.1      26.25
     196.1      26.15
     200.2       26.2
     204.2      26.11
     208.3      26.58
     212.3       26.1
     216.3      25.48
     220.4      25.93
     224.4      26.87
     228.5      27.53
     232.5      27.11
     236.6      26.84
     240.6      27.42
     244.6       27.2
     248.7      27.07
     252.7       27.3
     256.8      27.15
     260.8      27.24
     264.9      26.85
     268.9      27.49
     272.9      27.13
       277       27.9
       281      28.25
     285.1      28.31
     289.1         29
     293.2      28.21
     297.2      28.52
     301.3      29.53
     305.3       28.5
     309.3      29.08
     313.4       28.6
     317.4      27.77
     321.5      28.99
     325.5      32.59
     329.6      35.52
     333.6      35.52
     337.6      30.14
     341.7      29.41
     345.7      35.52
     349.8      35.52
