     6.002  6.573e+08
        10  3.738e+08
     14.01  2.636e+08
     18.01  1.922e+08
     22.01  1.521e+08
     26.01  1.323e+08
     30.01  1.141e+08
     34.01  9.907e+07
     38.02  8.308e+07
     42.02  7.618e+07
     46.02  7.046e+07
     50.02  6.038e+07
     54.02  6.351e+07
     58.02  6.205e+07
     62.02  4.843e+07
     66.03  4.075e+07
     70.03  3.893e+07
     74.03  4.368e+07
     78.03  4.016e+07
     82.03  2.789e+07
     86.03  2.322e+07
     90.04  2.143e+07
     94.04  2.154e+07
     98.04  1.869e+07
       102  2.045e+07
       106   1.88e+07
       110  1.272e+07
       114  1.143e+07
       118  1.051e+07
       122  8.921e+06
       126  8.073e+06
     130.1  7.893e+06
     134.1  5.533e+06
     138.1  4.881e+06
     142.1  5.057e+06
     146.1  4.691e+06
     150.1  3.963e+06
     154.1  4.378e+06
     158.1  4.155e+06
     162.1  3.845e+06
     166.1  3.496e+06
     170.1  4.024e+06
     174.1  3.383e+06
     178.1  3.217e+06
     182.1  3.221e+06
     186.1  3.762e+06
     190.1  3.862e+06
     194.1  2.849e+06
     198.1  2.532e+06
     202.1  2.219e+06
     206.1  1.873e+06
     210.1  1.757e+06
     214.1  1.948e+06
     218.1  1.611e+06
     222.1  1.438e+06
     226.1  1.426e+06
     230.1  1.516e+06
     234.1  1.498e+06
     238.1  1.677e+06
     242.1  1.598e+06
     246.1  1.331e+06
     250.1  1.089e+06
     254.1  7.529e+05
     258.1  5.717e+05
     262.1  5.023e+05
     266.1  5.059e+05
     270.1  4.294e+05
     274.1  4.692e+05
     278.1  8.401e+05
     282.1  7.509e+05
     286.1  3.287e+05
     290.1  1.761e+05
     294.1  1.635e+05
     298.1  1.055e+05
     302.1  1.047e+05
     306.1  1.005e+05
     310.1  9.499e+04
     314.1  4.882e+04
     318.1  7.372e+04
     322.1  6.181e+04
     326.1  3.926e+04
     330.1  3.598e+04
     334.1  4.333e+04
     338.1  2.655e+04
     342.1  1.764e+04
     346.1  2.124e+04
     350.1       8296
