     2.001   3.58e+10
     6.002   1.35e+11
        10   2.29e+11
     14.01  3.218e+11
     18.01  4.088e+11
     22.01   4.93e+11
     26.01  5.796e+11
     30.01  6.656e+11
     34.01  7.504e+11
     38.02  8.298e+11
     42.02  9.102e+11
     46.02  9.918e+11
     50.02  1.068e+12
     54.02  1.154e+12
     58.02  1.244e+12
     62.02   1.32e+12
     66.03  1.388e+12
     70.03  1.456e+12
     74.03  1.538e+12
     78.03  1.616e+12
     82.03  1.674e+12
     86.03  1.724e+12
     90.04  1.773e+12
     94.04  1.823e+12
     98.04   1.87e+12
       102  1.922e+12
       106  1.972e+12
       110  2.007e+12
       114   2.04e+12
       118  2.071e+12
       122  2.099e+12
       126  2.124e+12
     130.1   2.15e+12
     134.1  2.169e+12
     138.1  2.186e+12
     142.1  2.204e+12
     146.1  2.221e+12
     150.1  2.236e+12
     154.1  2.253e+12
     158.1  2.269e+12
     162.1  2.285e+12
     166.1    2.3e+12
     170.1  2.317e+12
     174.1  2.332e+12
     178.1  2.346e+12
     182.1  2.361e+12
     186.1  2.378e+12
     190.1  2.397e+12
     194.1  2.411e+12
     198.1  2.423e+12
     202.1  2.435e+12
     206.1  2.444e+12
     210.1  2.454e+12
     214.1  2.464e+12
     218.1  2.473e+12
     222.1  2.481e+12
     226.1  2.489e+12
     230.1  2.498e+12
     234.1  2.507e+12
     238.1  2.517e+12
     242.1  2.526e+12
     246.1  2.535e+12
     250.1  2.542e+12
     254.1  2.546e+12
     258.1   2.55e+12
     262.1  2.553e+12
     266.1  2.557e+12
     270.1   2.56e+12
     274.1  2.563e+12
     278.1  2.569e+12
     282.1  2.574e+12
     286.1  2.576e+12
     290.1  2.578e+12
     294.1  2.579e+12
     298.1   2.58e+12
     302.1  2.581e+12
     306.1  2.581e+12
     310.1  2.582e+12
     314.1  2.582e+12
     318.1  2.583e+12
     322.1  2.584e+12
     326.1  2.584e+12
     330.1  2.584e+12
     334.1  2.585e+12
     338.1  2.585e+12
     342.1  2.585e+12
     346.1  2.585e+12
     350.1  2.585e+12
