     2.001  2.393e-16
     6.002  2.395e-17
        10  1.473e-17
     14.01  1.026e-17
     18.01  7.724e-18
     22.01   6.21e-18
     26.01  5.346e-18
     30.01  4.958e-18
     34.01  4.394e-18
     38.02   3.43e-18
     42.02  3.209e-18
     46.02  2.855e-18
     50.02  2.729e-18
     54.02  3.166e-18
     58.02  3.032e-18
     62.02  2.732e-18
     66.03  2.161e-18
     70.03  2.005e-18
     74.03  2.053e-18
     78.03  1.708e-18
     82.03  1.466e-18
     86.03  1.125e-18
     90.04  1.399e-18
     94.04  1.241e-18
     98.04  8.552e-19
       102  9.119e-19
       106  7.909e-19
       110  7.858e-19
       114  8.489e-19
       118    7.2e-19
       122  6.302e-19
       126  5.411e-19
     130.1   7.53e-19
     134.1  6.094e-19
     138.1  4.508e-19
     142.1  3.221e-19
     146.1  2.534e-19
     150.1  2.372e-19
     154.1  2.402e-19
     158.1  2.341e-19
     162.1  3.056e-19
     166.1  2.414e-19
     170.1   2.19e-19
     174.1  1.848e-19
     178.1  2.052e-19
     182.1  1.726e-19
     186.1  2.035e-19
     190.1   2.67e-19
     194.1  1.463e-19
     198.1  1.291e-19
     202.1  1.075e-19
     206.1  1.001e-19
     210.1   1.12e-19
     214.1  1.115e-19
     218.1  1.554e-19
     222.1  1.755e-19
     226.1  1.071e-19
     230.1  9.918e-20
     234.1  1.053e-19
     238.1  1.224e-19
     242.1  1.011e-19
     246.1  7.224e-20
     250.1  6.112e-20
     254.1  6.173e-20
     258.1  6.266e-20
     262.1  5.444e-20
     266.1  5.909e-20
     270.1  5.673e-20
     274.1  7.122e-20
     278.1  8.923e-20
     282.1  9.026e-20
     286.1  7.944e-20
     290.1  2.682e-20
     294.1  3.102e-20
     298.1   2.19e-20
     302.1   1.97e-20
     306.1  2.241e-20
     310.1  1.412e-20
     314.1  1.543e-20
     318.1  1.611e-20
     322.1  1.843e-20
     326.1  1.253e-20
     330.1  2.008e-20
     334.1  1.738e-20
     338.1  1.098e-20
     342.1   1.25e-20
     346.1   1.73e-20
     350.1   1.32e-21
