     2.001      17.07
     6.002      19.57
        10       20.1
     14.01      20.49
     18.01       20.8
     22.01      21.03
     26.01       21.2
     30.01      21.28
     34.01      21.41
     38.02      21.68
     42.02      21.75
     46.02      21.88
     50.02      21.93
     54.02      21.76
     58.02      21.81
     62.02      21.92
     66.03      22.18
     70.03      22.26
     74.03      22.24
     78.03      22.43
     82.03       22.6
     86.03      22.89
     90.04      22.65
     94.04      22.78
     98.04      23.19
       102      23.12
       106      23.27
       110      23.28
       114      23.19
       118      23.37
       122      23.52
       126      23.68
     130.1      23.32
     134.1      23.55
     138.1      23.88
     142.1      24.25
     146.1      24.51
     150.1      24.58
     154.1      24.56
     158.1      24.59
     162.1       24.3
     166.1      24.56
     170.1      24.67
     174.1      24.85
     178.1      24.74
     182.1      24.92
     186.1      24.74
     190.1      24.45
     194.1       25.1
     198.1      25.24
     202.1      25.44
     206.1      25.52
     210.1      25.39
     214.1       25.4
     218.1      25.04
     222.1      24.91
     226.1      25.44
     230.1      25.53
     234.1      25.46
     238.1       25.3
     242.1       25.5
     246.1      25.87
     250.1      26.05
     254.1      26.04
     258.1      26.02
     262.1      26.18
     266.1      26.09
     270.1      26.13
     274.1      25.88
     278.1      25.64
     282.1      25.63
     286.1      25.77
     290.1      26.94
     294.1      26.79
     298.1      27.17
     302.1      27.28
     306.1      27.14
     310.1      27.64
     314.1      27.55
     318.1       27.5
     322.1      27.35
     326.1      27.77
     330.1      27.26
     334.1      27.42
     338.1      27.91
     342.1      27.77
     346.1      27.42
     350.1      30.21
