         2       18.1
     6.001      19.39
        10      20.15
        14      20.68
        18      21.02
        22       21.3
        26      21.65
        30       22.1
        34      22.36
        38      22.79
        42      23.15
     46.01      23.16
     50.01      23.34
     54.01      23.39
     58.01       23.4
     62.01       23.4
     66.01      23.57
     70.01      23.52
     74.01       23.8
     78.01      23.95
     82.01      24.12
     86.01      24.38
     90.01      24.42
     94.01       24.7
     98.01      24.83
       102      24.94
       106      24.89
       110      25.26
       114      25.22
       118      25.42
       122      24.69
       126      25.05
       130      24.69
       134      25.55
       138      26.13
       142      26.24
       146      26.33
       150      26.24
       154      26.14
       158      26.13
       162      25.96
       166      26.43
       170      26.31
       174      26.18
       178      25.76
       182      26.12
       186      26.45
       190      26.72
       194      26.88
       198      26.73
       202      26.76
       206       26.8
       210      26.85
       214       26.9
       218      26.55
       222      26.46
       226      26.61
       230      27.11
       234      27.35
       238      27.55
       242      28.31
       246      28.12
       250      28.12
       254      28.39
       258       28.6
       262      28.92
       266      28.77
       270      28.16
       274      28.61
       278      28.29
       282      28.64
       286      28.85
       290      28.47
       294      28.64
       298       31.5
       302      30.11
       306      29.07
       310      29.48
       314      27.95
       318      28.87
       322      27.84
       326      29.03
       330      28.19
       334      27.56
       338      27.99
       342      28.57
       346      28.56
       350      33.93
