     6.001  3.802e+08
        10  2.063e+08
        14  1.073e+08
        18  7.533e+07
        22  5.356e+07
        26  4.434e+07
        30  2.953e+07
        34   2.02e+07
        38  1.476e+07
        42  9.944e+06
     46.01  8.991e+06
     50.01  8.177e+06
     54.01  7.081e+06
     58.01  6.588e+06
     62.01  5.962e+06
     66.01  5.839e+06
     70.01  5.122e+06
     74.01  4.667e+06
     78.01  3.968e+06
     82.01  3.157e+06
     86.01  3.014e+06
     90.01  2.666e+06
     94.01  2.232e+06
     98.01  2.086e+06
       102  1.627e+06
       106  1.558e+06
       110  1.327e+06
       114  1.162e+06
       118  8.643e+05
       122  9.169e+05
       126  8.876e+05
       130  8.125e+05
       134  7.072e+05
       138  5.696e+05
       142   5.37e+05
       146   5.52e+05
       150  4.926e+05
       154  5.115e+05
       158  4.982e+05
       162   4.66e+05
       166   3.95e+05
       170  3.365e+05
       174   4.07e+05
       178  4.058e+05
       182  4.482e+05
       186  4.145e+05
       190  4.175e+05
       194  3.385e+05
       198  3.833e+05
       202  3.659e+05
       206  3.619e+05
       210  2.991e+05
       214  2.922e+05
       218  2.605e+05
       222  2.621e+05
       226  2.575e+05
       230  1.811e+05
       234  1.878e+05
       238  2.176e+05
       242  1.018e+05
       246  8.739e+04
       250  8.684e+04
       254  6.422e+04
       258  4.924e+04
       262  2.732e+04
       266  2.532e+04
       270  2.536e+04
       274  3.154e+04
       278  2.137e+04
       282   1.96e+04
       286  2.178e+04
       290  1.142e+04
       294  1.969e+04
       298       4495
       302       2967
       306       1506
       310       4509
       314       3053
       318       3247
       322       3483
       326       1346
       330       6816
       334       1366
       338       6927
       342       2600
       346       2559
       350          0
