         2  9.263e-17
     6.001  2.828e-17
        10  1.403e-17
        14  8.579e-18
        18  6.279e-18
        22  4.871e-18
        26  3.524e-18
        30  2.315e-18
        34  1.832e-18
        38  1.236e-18
        42  8.848e-19
     46.01  8.746e-19
     50.01   7.42e-19
     54.01   7.11e-19
     58.01  7.047e-19
     62.01  7.047e-19
     66.01  5.987e-19
     70.01  6.296e-19
     74.01   4.87e-19
     78.01  4.242e-19
     82.01  3.608e-19
     86.01   2.84e-19
     90.01  2.752e-19
     94.01  2.113e-19
     98.01  1.877e-19
       102  1.707e-19
       106  1.787e-19
       110  1.262e-19
       114  1.314e-19
       118  1.091e-19
       122  2.146e-19
       126  1.533e-19
       130  2.131e-19
       134  9.665e-20
       138  5.677e-20
       142  5.153e-20
       146  4.714e-20
       150  5.141e-20
       154  5.617e-20
       158    5.7e-20
       162  6.664e-20
       166  4.291e-20
       170  4.797e-20
       174  5.403e-20
       178   7.99e-20
       182  5.744e-20
       186  4.228e-20
       190  3.293e-20
       194  2.843e-20
       198  3.265e-20
       202  3.168e-20
       206  3.052e-20
       210  2.914e-20
       214  2.786e-20
       218  3.869e-20
       222  4.211e-20
       226  3.649e-20
       230  2.313e-20
       234  1.845e-20
       238  1.531e-20
       242  7.629e-21
       246  9.046e-21
       250  9.098e-21
       254  7.116e-21
       258  5.858e-21
       262  4.365e-21
       266  4.979e-21
       270  8.798e-21
       274  5.764e-21
       278  7.777e-21
       282  5.652e-21
       286  4.638e-21
       290  6.559e-21
       294  5.653e-21
       298  4.033e-22
       302  1.452e-21
       306  3.806e-21
       310  2.609e-21
       314   1.06e-20
       318  4.548e-21
       322  1.171e-20
       326  3.934e-21
       330  8.536e-21
       334  1.528e-20
       338  1.023e-20
       342  5.986e-21
       346  6.084e-21
       350  4.327e-23
