         2  2.316e+10
     6.001   8.05e+10
        10  1.324e+11
        14  1.701e+11
        18  2.042e+11
        22  2.338e+11
        26  2.628e+11
        30  2.851e+11
        34  3.024e+11
        38  3.165e+11
        42   3.27e+11
     46.01  3.374e+11
     50.01  3.476e+11
     54.01  3.572e+11
     58.01  3.669e+11
     62.01  3.761e+11
     66.01  3.858e+11
     70.01  3.948e+11
     74.01  4.035e+11
     78.01  4.113e+11
     82.01  4.178e+11
     86.01  4.243e+11
     90.01  4.304e+11
     94.01  4.356e+11
     98.01  4.408e+11
       102  4.449e+11
       106  4.491e+11
       110  4.528e+11
       114  4.561e+11
       118  4.587e+11
       122  4.615e+11
       126  4.643e+11
       130  4.669e+11
       134  4.693e+11
       138  4.713e+11
       142  4.732e+11
       146  4.752e+11
       150  4.771e+11
       154  4.791e+11
       158  4.811e+11
       162   4.83e+11
       166  4.846e+11
       170   4.86e+11
       174  4.878e+11
       178  4.896e+11
       182  4.917e+11
       186  4.936e+11
       190  4.956e+11
       194  4.973e+11
       198  4.992e+11
       202   5.01e+11
       206  5.029e+11
       210  5.045e+11
       214  5.061e+11
       218  5.075e+11
       222   5.09e+11
       226  5.104e+11
       230  5.115e+11
       234  5.126e+11
       238  5.139e+11
       242  5.145e+11
       246   5.15e+11
       250  5.156e+11
       254   5.16e+11
       258  5.163e+11
       262  5.165e+11
       266  5.167e+11
       270  5.168e+11
       274   5.17e+11
       278  5.172e+11
       282  5.173e+11
       286  5.175e+11
       290  5.176e+11
       294  5.177e+11
       298  5.178e+11
       302  5.178e+11
       306  5.178e+11
       310  5.178e+11
       314  5.178e+11
       318  5.179e+11
       322  5.179e+11
       326  5.179e+11
       330   5.18e+11
       334   5.18e+11
       338   5.18e+11
       342  5.181e+11
       346  5.181e+11
       350  5.181e+11
