     6.043  5.505e+08
     10.07  2.535e+08
      14.1  1.459e+08
     18.13  7.603e+07
     22.16  5.004e+07
     26.19  2.399e+07
     30.22  1.623e+07
     34.24  9.444e+06
     38.27  6.262e+06
      42.3  5.181e+06
     46.33  3.521e+06
     50.36  3.275e+06
     54.39  3.762e+06
     58.42  4.259e+06
     62.45  3.562e+06
     66.48  2.305e+06
      70.5  2.042e+06
     74.53  1.909e+06
     78.56  1.655e+06
     82.59  1.839e+06
     86.62  1.874e+06
     90.65  9.814e+05
     94.68  5.487e+05
     98.71  6.485e+05
     102.7  4.319e+05
     106.8  3.713e+05
     110.8  1.142e+05
     114.8  1.704e+05
     118.8  7.991e+04
     122.9  3.893e+04
     126.9  3.442e+04
     130.9   9.84e+04
       135  3.422e+04
       139  1.036e+04
       143  2.249e+04
     147.1  6.435e+04
     151.1  2.112e+04
     155.1  4.964e+04
     159.1  4.655e+04
     163.2  2.878e+04
     167.2  1.851e+04
     171.2  3.498e+04
     175.3  3.526e+04
     179.3  6.054e+04
     183.3  1.621e+04
     187.3       7948
     191.4  2.424e+04
     195.4  2.435e+04
     199.4   1.49e+04
     203.5  3.025e+04
     207.5   1.45e+04
     211.5  2.841e+04
     215.5       7090
     219.6   2.06e+04
     223.6  4.073e+04
     227.6  2.701e+04
     231.7  1.315e+04
     235.7          0
     239.7       6443
     243.7       6022
     247.8          0
     251.8       5858
     255.8          0
     259.9          0
     263.9          0
     267.9       5472
     271.9       6961
       276          0
       280          0
       284          0
     288.1          0
     292.1          0
     296.1          0
     300.1          0
     304.2          0
     308.2          0
     312.2          0
     316.3          0
     320.3          0
     324.3          0
     328.3          0
     332.4          0
     336.4          0
     340.4          0
     344.5          0
