     2.014  6.314e+10
     6.043  1.473e+11
     10.07   2.12e+11
      14.1   2.64e+11
     18.13  2.989e+11
     22.16   3.27e+11
     26.19  3.429e+11
     30.22  3.553e+11
     34.24  3.635e+11
     38.27  3.696e+11
      42.3  3.751e+11
     46.33  3.793e+11
     50.36  3.834e+11
     54.39  3.886e+11
     58.42  3.949e+11
     62.45  4.005e+11
     66.48  4.044e+11
      70.5  4.081e+11
     74.53  4.117e+11
     78.56  4.149e+11
     82.59  4.188e+11
     86.62  4.229e+11
     90.65  4.252e+11
     94.68  4.265e+11
     98.71  4.281e+11
     102.7  4.292e+11
     106.8  4.302e+11
     110.8  4.305e+11
     114.8   4.31e+11
     118.8  4.313e+11
     122.9  4.314e+11
     126.9  4.315e+11
     130.9  4.318e+11
       135  4.319e+11
       139   4.32e+11
       143  4.321e+11
     147.1  4.323e+11
     151.1  4.324e+11
     155.1  4.326e+11
     159.1  4.328e+11
     163.2  4.329e+11
     167.2   4.33e+11
     171.2  4.331e+11
     175.3  4.333e+11
     179.3  4.335e+11
     183.3  4.336e+11
     187.3  4.337e+11
     191.4  4.338e+11
     195.4  4.339e+11
     199.4   4.34e+11
     203.5  4.341e+11
     207.5  4.342e+11
     211.5  4.344e+11
     215.5  4.344e+11
     219.6  4.345e+11
     223.6  4.347e+11
     227.6  4.349e+11
     231.7   4.35e+11
     235.7   4.35e+11
     239.7   4.35e+11
     243.7  4.351e+11
     247.8  4.351e+11
     251.8  4.351e+11
     255.8  4.351e+11
     259.9  4.351e+11
     263.9  4.351e+11
     267.9  4.351e+11
     271.9  4.352e+11
       276  4.352e+11
       280  4.352e+11
       284  4.352e+11
     288.1  4.352e+11
     292.1  4.352e+11
     296.1  4.352e+11
     300.1  4.352e+11
     304.2  4.352e+11
     308.2  4.352e+11
     312.2  4.352e+11
     316.3  4.352e+11
     320.3  4.352e+11
     324.3  4.352e+11
     328.3  4.352e+11
     332.4  4.352e+11
     336.4  4.352e+11
     340.4  4.352e+11
     344.5  4.352e+11
