     2.014  2.266e-16
     6.043  6.461e-17
     10.07  3.675e-17
      14.1  2.263e-17
     18.13  1.791e-17
     22.16   8.37e-18
     26.19  3.499e-18
     30.22  2.344e-18
     34.24  1.303e-18
     38.27  1.195e-18
      42.3  9.929e-19
     46.33  9.092e-19
     50.36  1.291e-18
     54.39  9.523e-19
     58.42  8.309e-19
     62.45  6.715e-19
     66.48  4.005e-19
      70.5  3.402e-19
     74.53  3.256e-19
     78.56  5.661e-19
     82.59  5.836e-19
     86.62  3.665e-19
     90.65  3.022e-19
     94.68  1.683e-19
     98.71  1.221e-19
     102.7  8.859e-20
     106.8  6.683e-20
     110.8  2.803e-20
     114.8  1.814e-20
     118.8  1.258e-20
     122.9  6.182e-21
     126.9  1.657e-20
     130.9  1.497e-20
       135  2.457e-21
       139  1.268e-21
       143  1.459e-20
     147.1  9.981e-21
     151.1    9.7e-21
     155.1  9.495e-21
     159.1    5.4e-21
     163.2  3.698e-21
     167.2  4.842e-21
     171.2  4.363e-21
     175.3  8.585e-21
     179.3  7.035e-21
     183.3  1.074e-21
     187.3  3.041e-21
     191.4   4.96e-21
     195.4  2.306e-21
     199.4  4.412e-21
     203.5  3.761e-21
     207.5  2.178e-21
     211.5  2.378e-21
     215.5  3.292e-21
     219.6  3.487e-21
     223.6  6.111e-21
     227.6   2.35e-21
     231.7  7.945e-22
     235.7  1.048e-21
     239.7  7.777e-22
     243.7  4.016e-23
     247.8  4.549e-22
     251.8  4.629e-22
     255.8      1e-23
     259.9      1e-23
     263.9   2.52e-22
     267.9  8.735e-21
     271.9  1.237e-23
       276      1e-23
       280      1e-23
       284      1e-23
     288.1      1e-23
     292.1      1e-23
     296.1      1e-23
     300.1      1e-23
     304.2      1e-23
     308.2      1e-23
     312.2      1e-23
     316.3      1e-23
     320.3      1e-23
     324.3      1e-23
     328.3      1e-23
     332.4      1e-23
     336.4      1e-23
     340.4      1e-23
     344.5      1e-23
