     2.014      17.13
     6.043      18.49
     10.07       19.1
      14.1      19.63
     18.13      19.88
     22.16      20.71
     26.19      21.66
     30.22      22.09
     34.24      22.73
     38.27      22.82
      42.3      23.02
     46.33      23.12
     50.36      22.74
     54.39      23.07
     58.42      23.22
     62.45      23.45
     66.48      24.01
      70.5      24.19
     74.53      24.23
     78.56      23.63
     82.59       23.6
     86.62      24.11
     90.65      24.32
     94.68      24.95
     98.71       25.3
     102.7      25.65
     106.8      25.95
     110.8       26.9
     114.8      27.37
     118.8      27.77
     122.9      28.54
     126.9      27.47
     130.9      27.58
       135      29.54
       139      30.26
       143      27.61
     147.1      28.02
     151.1      28.05
     155.1      28.07
     159.1      28.69
     163.2       29.1
     167.2       28.8
     171.2      28.92
     175.3      28.18
     179.3       28.4
     183.3      30.44
     187.3      29.31
     191.4      28.78
     195.4      29.61
     199.4       28.9
     203.5      29.08
     207.5      29.67
     211.5      29.58
     215.5      29.22
     219.6      29.16
     223.6      28.55
     227.6      29.59
     231.7      30.77
     235.7      30.47
     239.7      30.79
     243.7      34.01
     247.8      31.37
     251.8      31.35
     255.8      35.52
     259.9      35.52
     263.9      32.01
     267.9      28.16
     271.9      35.29
       276      35.52
       280      35.52
       284      35.52
     288.1      35.52
     292.1      35.52
     296.1      35.52
     300.1      35.52
     304.2      35.52
     308.2      35.52
     312.2      35.52
     316.3      35.52
     320.3      35.52
     324.3      35.52
     328.3      35.52
     332.4      35.52
     336.4      35.52
     340.4      35.52
     344.5      35.52
