     2.001  3.448e+10
     6.002   1.39e+11
        10  2.954e+11
        14  4.694e+11
        18  6.449e+11
     22.01  8.217e+11
     26.01  9.905e+11
     30.01  1.154e+12
     34.01   1.31e+12
     38.01  1.462e+12
     42.01  1.609e+12
     46.01  1.748e+12
     50.01   1.88e+12
     54.01  2.004e+12
     58.02  2.121e+12
     62.02  2.238e+12
     66.02  2.347e+12
     70.02  2.453e+12
     74.02  2.563e+12
     78.02  2.665e+12
     82.02  2.768e+12
     86.02   2.86e+12
     90.02  2.952e+12
     94.03  3.045e+12
     98.03  3.132e+12
       102  3.213e+12
       106  3.289e+12
       110  3.371e+12
       114  3.449e+12
       118  3.523e+12
       122  3.595e+12
       126  3.667e+12
       130   3.74e+12
       134  3.808e+12
       138  3.874e+12
       142  3.943e+12
       146  4.006e+12
       150  4.063e+12
       154  4.124e+12
       158  4.184e+12
       162  4.245e+12
       166  4.303e+12
       170   4.36e+12
       174  4.415e+12
       178  4.467e+12
     182.1  4.516e+12
     186.1  4.561e+12
     190.1  4.606e+12
     194.1  4.648e+12
     198.1  4.691e+12
     202.1  4.732e+12
     206.1  4.775e+12
     210.1  4.815e+12
     214.1  4.854e+12
     218.1  4.886e+12
     222.1  4.924e+12
     226.1  4.961e+12
     230.1  4.996e+12
     234.1  5.027e+12
     238.1  5.057e+12
     242.1   5.09e+12
     246.1   5.12e+12
     250.1  5.151e+12
     254.1  5.176e+12
     258.1  5.198e+12
     262.1  5.217e+12
     266.1  5.233e+12
     270.1  5.247e+12
     274.1  5.258e+12
     278.1  5.269e+12
     282.1  5.279e+12
     286.1  5.291e+12
     290.1  5.301e+12
     294.1  5.309e+12
     298.1  5.315e+12
     302.1  5.321e+12
     306.1  5.326e+12
     310.1  5.332e+12
     314.1  5.336e+12
     318.1  5.339e+12
     322.1  5.342e+12
     326.1  5.344e+12
     330.1  5.346e+12
     334.1  5.348e+12
     338.1  5.349e+12
     342.1   5.35e+12
     346.1   5.35e+12
     350.1   5.35e+12
