     6.001  5.055e+08
        10  2.367e+08
        14   1.65e+08
        18  1.191e+08
     22.01   9.09e+07
     26.01  6.908e+07
     30.01  5.616e+07
     34.01  4.134e+07
     38.01  3.236e+07
     42.01  2.929e+07
     46.01  2.372e+07
     50.01  1.859e+07
     54.01  1.672e+07
     58.01  1.498e+07
     62.01  1.287e+07
     66.02  1.205e+07
     70.02  1.076e+07
     74.02   9.19e+06
     78.02  8.017e+06
     82.02  7.888e+06
     86.02  7.037e+06
     90.02  5.669e+06
     94.02  5.662e+06
     98.02  6.294e+06
       102  5.823e+06
       106  6.597e+06
       110  7.481e+06
       114  7.155e+06
       118  5.463e+06
       122  4.718e+06
       126   4.66e+06
       130  3.855e+06
       134  3.499e+06
       138  3.301e+06
       142  2.987e+06
       146  2.941e+06
       150  2.783e+06
       154  2.611e+06
       158  2.298e+06
       162  2.775e+06
       166  2.161e+06
       170   2.04e+06
       174  1.843e+06
       178  1.933e+06
       182  2.055e+06
       186  1.896e+06
       190  1.789e+06
       194  1.911e+06
       198  1.771e+06
       202  1.911e+06
       206  1.339e+06
       210  1.342e+06
     214.1  1.403e+06
     218.1  1.264e+06
     222.1   1.06e+06
     226.1  1.027e+06
     230.1  9.751e+05
     234.1  9.065e+05
     238.1  9.471e+05
     242.1   1.08e+06
     246.1  1.007e+06
     250.1  8.166e+05
     254.1  1.003e+06
     258.1  9.267e+05
     262.1  1.034e+06
     266.1  5.675e+05
     270.1  5.034e+05
     274.1  4.893e+05
     278.1  3.778e+05
     282.1  3.619e+05
     286.1  2.691e+05
     290.1  1.563e+05
     294.1  1.878e+05
     298.1  1.755e+05
     302.1  1.672e+05
     306.1  1.785e+05
     310.1  1.303e+05
     314.1  9.668e+04
     318.1  1.544e+05
     322.1  1.081e+05
     326.1  6.071e+04
     330.1  6.205e+04
     334.1  5.032e+04
     338.1  6.899e+04
     342.1  1.746e+04
     346.1       9341
     350.1       4888
