         2  2.683e+10
     6.001  1.031e+11
        10  1.626e+11
        14  2.207e+11
        18  2.746e+11
     22.01  3.249e+11
     26.01    3.7e+11
     30.01  4.124e+11
     34.01  4.477e+11
     38.01  4.787e+11
     42.01  5.096e+11
     46.01   5.37e+11
     50.01  5.604e+11
     54.01  5.831e+11
     58.01   6.05e+11
     62.01   6.25e+11
     66.02   6.45e+11
     70.02   6.64e+11
     74.02  6.811e+11
     78.02  6.968e+11
     82.02   7.13e+11
     86.02  7.283e+11
     90.02  7.411e+11
     94.02  7.545e+11
     98.02    7.7e+11
       102  7.849e+11
       106  8.025e+11
       110  8.232e+11
       114  8.437e+11
       118  8.599e+11
       122  8.744e+11
       126  8.891e+11
       130  9.017e+11
       134  9.135e+11
       138   9.25e+11
       142  9.357e+11
       146  9.465e+11
       150   9.57e+11
       154  9.671e+11
       158  9.762e+11
       162  9.875e+11
       166  9.965e+11
       170  1.005e+12
       174  1.013e+12
       178  1.022e+12
       182  1.031e+12
       186   1.04e+12
       190  1.049e+12
       194  1.058e+12
       198  1.067e+12
       202  1.077e+12
       206  1.084e+12
       210  1.091e+12
     214.1  1.098e+12
     218.1  1.105e+12
     222.1  1.111e+12
     226.1  1.117e+12
     230.1  1.123e+12
     234.1  1.128e+12
     238.1  1.134e+12
     242.1   1.14e+12
     246.1  1.146e+12
     250.1  1.151e+12
     254.1  1.158e+12
     258.1  1.164e+12
     262.1  1.171e+12
     266.1  1.174e+12
     270.1  1.178e+12
     274.1  1.181e+12
     278.1  1.184e+12
     282.1  1.186e+12
     286.1  1.188e+12
     290.1   1.19e+12
     294.1  1.191e+12
     298.1  1.192e+12
     302.1  1.194e+12
     306.1  1.195e+12
     310.1  1.196e+12
     314.1  1.197e+12
     318.1  1.198e+12
     322.1  1.199e+12
     326.1  1.199e+12
     330.1    1.2e+12
     334.1    1.2e+12
     338.1  1.201e+12
     342.1  1.201e+12
     346.1  1.201e+12
     350.1  1.201e+12
