         2   3.33e-17
     6.001  1.411e-17
        10  9.449e-18
        14  6.374e-18
        18  4.884e-18
     22.01  4.098e-18
     26.01  4.079e-18
     30.01  3.709e-18
     34.01  1.808e-18
     38.01  1.345e-18
     42.01  1.119e-18
     46.01  8.969e-19
     50.01  8.227e-19
     54.01  7.274e-19
     58.01  6.819e-19
     62.01   6.94e-19
     66.02  5.701e-19
     70.02  4.609e-19
     74.02  4.254e-19
     78.02  5.337e-19
     82.02  3.805e-19
     86.02  2.807e-19
     90.02  2.688e-19
     94.02  2.553e-19
     98.02  2.806e-19
       102  2.695e-19
       106   2.83e-19
       110  2.655e-19
       114  2.319e-19
       118  1.789e-19
       122  1.907e-19
       126  1.638e-19
       130  1.495e-19
       134  1.373e-19
       138  1.341e-19
       142  1.376e-19
       146  1.103e-19
       150  1.213e-19
       154  1.058e-19
       158  1.037e-19
       162    1.1e-19
       166  9.484e-20
       170  8.871e-20
       174  8.148e-20
       178  9.006e-20
       182  7.906e-20
       186  8.586e-20
       190  8.031e-20
       194  7.796e-20
       198  8.339e-20
       202  6.314e-20
       206  5.608e-20
       210  6.908e-20
     214.1  6.712e-20
     218.1  4.959e-20
     222.1  5.112e-20
     226.1   5.15e-20
     230.1  4.183e-20
     234.1   4.73e-20
     238.1  5.771e-20
     242.1  6.899e-20
     246.1  6.944e-20
     250.1  1.094e-19
     254.1  5.043e-20
     258.1  5.564e-20
     262.1  4.748e-20
     266.1  4.284e-20
     270.1  4.306e-20
     274.1  4.074e-20
     278.1  3.218e-20
     282.1  3.114e-20
     286.1  2.775e-20
     290.1  2.324e-20
     294.1   2.84e-20
     298.1  3.392e-20
     302.1  3.603e-20
     306.1  4.014e-20
     310.1  2.459e-20
     314.1  4.542e-20
     318.1  4.548e-20
     322.1  3.927e-20
     326.1  3.262e-20
     330.1  3.096e-20
     334.1  4.798e-20
     338.1   4.54e-20
     342.1  1.906e-20
     346.1  1.253e-20
     350.1  4.394e-20
