         2      19.21
     6.001      20.14
        10      20.58
        14      21.01
        18      21.29
     22.01      21.48
     26.01      21.49
     30.01      21.59
     34.01      22.37
     38.01      22.69
     42.01      22.89
     46.01      23.13
     50.01      23.23
     54.01      23.36
     58.01      23.43
     62.01      23.41
     66.02      23.63
     70.02      23.86
     74.02      23.94
     78.02       23.7
     82.02      24.07
     86.02       24.4
     90.02      24.44
     94.02       24.5
     98.02       24.4
       102      24.44
       106      24.39
       110      24.46
       114       24.6
       118      24.88
       122      24.82
       126      24.98
       130      25.08
       134      25.17
       138       25.2
       142      25.17
       146      25.41
       150      25.31
       154      25.46
       158      25.48
       162      25.41
       166      25.57
       170      25.65
       174      25.74
       178      25.63
       182      25.77
       186      25.68
       190      25.75
       194      25.79
       198      25.71
       202      26.02
       206      26.14
       210      25.92
     214.1      25.95
     218.1      26.28
     222.1      26.24
     226.1      26.24
     230.1      26.46
     234.1      26.33
     238.1      26.11
     242.1      25.92
     246.1      25.91
     250.1      25.42
     254.1      26.26
     258.1      26.15
     262.1      26.32
     266.1      26.44
     270.1      26.43
     274.1      26.49
     278.1      26.75
     282.1      26.78
     286.1      26.91
     290.1       27.1
     294.1      26.88
     298.1      26.69
     302.1      26.62
     306.1      26.51
     310.1      27.04
     314.1      26.37
     318.1      26.37
     322.1      26.53
     326.1      26.73
     330.1      26.79
     334.1      26.31
     338.1      26.37
     342.1      27.32
     346.1      27.77
     350.1      26.41
