     1     1.0699e+14
     2     1.0923e+14
     3     2.2008e+14
     4     9.9040e+12
     5     1.1580e+14
     6     1.1532e+14
     7     4.1882e+14
     8     3.3397e+14
     9     9.3916e+13
    10     6.7013e+14
    11     4.8726e+14
    12     1.1937e+14
    13     3.1286e+13
    14     3.8816e+13
    15     6.3493e+14
    16     8.8550e+13
    17     2.9149e+14
    18     4.0383e+14
    19     2.4192e+14
    20     9.8376e+13
    21     6.5736e+13
    22     4.8420e+13
    23     3.0017e+13
    24     7.6920e+13
    25     8.2817e+13
    26     7.8024e+14
    27     7.2121e+13
    28     2.3730e+14
    29     5.9020e+14
