     6.002  3.223e+08
        10  2.472e+08
        14  1.799e+08
        18  1.545e+08
     22.01  1.278e+08
     26.01   1.08e+08
     30.01  9.113e+07
     34.01  8.382e+07
     38.01  6.984e+07
     42.01  5.936e+07
     46.01  5.326e+07
     50.01   4.86e+07
     54.01  4.308e+07
     58.02  3.705e+07
     62.02  3.171e+07
     66.02   2.78e+07
     70.02   2.65e+07
     74.02  2.536e+07
     78.02    2.3e+07
     82.02  2.115e+07
     86.02  2.029e+07
     90.02  1.828e+07
     94.03  1.683e+07
     98.03  1.513e+07
       102  1.513e+07
       106  1.441e+07
       110  1.349e+07
       114  1.193e+07
       118  1.087e+07
       122  1.078e+07
       126  9.876e+06
       130  9.694e+06
       134  8.861e+06
       138  8.962e+06
       142   8.02e+06
       146  7.182e+06
       150  7.553e+06
       154  6.877e+06
       158  5.836e+06
       162   5.91e+06
       166   5.89e+06
       170  5.502e+06
       174  5.316e+06
       178  4.414e+06
     182.1  4.479e+06
     186.1   4.14e+06
     190.1  4.036e+06
     194.1  4.271e+06
     198.1  4.146e+06
     202.1  4.244e+06
     206.1  3.932e+06
     210.1   4.06e+06
     214.1  3.964e+06
     218.1  3.752e+06
     222.1  3.881e+06
     226.1  3.594e+06
     230.1  3.081e+06
     234.1  3.192e+06
     238.1  3.363e+06
     242.1  2.868e+06
     246.1  2.639e+06
     250.1   2.47e+06
     254.1   1.74e+06
     258.1  1.309e+06
     262.1  1.102e+06
     266.1  1.131e+06
     270.1  7.571e+05
     274.1  7.652e+05
     278.1  6.592e+05
     282.1  8.539e+05
     286.1   6.93e+05
     290.1  5.602e+05
     294.1  5.191e+05
     298.1  6.397e+05
     302.1  4.364e+05
     306.1  2.916e+05
     310.1  2.668e+05
     314.1  2.104e+05
     318.1  1.396e+05
     322.1  1.031e+05
     326.1  1.545e+05
     330.1  1.182e+05
     334.1  9.553e+04
     338.1  5.112e+04
     342.1  3.068e+04
     346.1  3.028e+04
     350.1  1.225e+04
