     2.001  1.663e+10
     6.002  6.526e+10
        10  1.274e+11
        14  1.908e+11
        18  2.607e+11
     22.01  3.314e+11
     26.01   4.02e+11
     30.01  4.708e+11
     34.01  5.424e+11
     38.01  6.092e+11
     42.01  6.719e+11
     46.01  7.335e+11
     50.01  7.946e+11
     54.01  8.531e+11
     58.02  9.071e+11
     62.02  9.565e+11
     66.02  1.003e+12
     70.02  1.049e+12
     74.02  1.097e+12
     78.02  1.142e+12
     82.02  1.185e+12
     86.02  1.229e+12
     90.02  1.271e+12
     94.03   1.31e+12
     98.03  1.348e+12
       102  1.386e+12
       106  1.425e+12
       110  1.462e+12
       114  1.496e+12
       118  1.529e+12
       122  1.562e+12
       126  1.593e+12
       130  1.625e+12
       134  1.655e+12
       138  1.686e+12
       142  1.714e+12
       146  1.741e+12
       150  1.769e+12
       154  1.796e+12
       158  1.819e+12
       162  1.843e+12
       166  1.868e+12
       170  1.891e+12
       174  1.914e+12
       178  1.934e+12
     182.1  1.955e+12
     186.1  1.974e+12
     190.1  1.993e+12
     194.1  2.014e+12
     198.1  2.035e+12
     202.1  2.056e+12
     206.1  2.077e+12
     210.1  2.098e+12
     214.1  2.119e+12
     218.1   2.14e+12
     222.1  2.162e+12
     226.1  2.182e+12
     230.1    2.2e+12
     234.1  2.219e+12
     238.1  2.239e+12
     242.1  2.256e+12
     246.1  2.273e+12
     250.1  2.288e+12
     254.1  2.299e+12
     258.1  2.308e+12
     262.1  2.315e+12
     266.1  2.323e+12
     270.1  2.328e+12
     274.1  2.333e+12
     278.1  2.338e+12
     282.1  2.344e+12
     286.1  2.349e+12
     290.1  2.353e+12
     294.1  2.357e+12
     298.1  2.361e+12
     302.1  2.365e+12
     306.1  2.367e+12
     310.1  2.369e+12
     314.1  2.371e+12
     318.1  2.372e+12
     322.1  2.373e+12
     326.1  2.374e+12
     330.1  2.375e+12
     334.1  2.376e+12
     338.1  2.376e+12
     342.1  2.376e+12
     346.1  2.377e+12
     350.1  2.377e+12
