     2.001  7.069e-18
     6.002  4.526e-18
        10  3.353e-18
        14  2.956e-18
        18  2.246e-18
     22.01  2.429e-18
     26.01  1.799e-18
     30.01  1.429e-18
     34.01  1.336e-18
     38.01  1.118e-18
     42.01  1.103e-18
     46.01   1.05e-18
     50.01  9.252e-19
     54.01  8.338e-19
     58.02  6.287e-19
     62.02  9.478e-19
     66.02  7.701e-19
     70.02  7.244e-19
     74.02  6.437e-19
     78.02  4.445e-19
     82.02   4.37e-19
     86.02  3.727e-19
     90.02   3.45e-19
     94.03  3.303e-19
     98.03  3.106e-19
       102  2.739e-19
       106  2.499e-19
       110  2.115e-19
       114  1.984e-19
       118  1.942e-19
       122  2.009e-19
       126  1.916e-19
       130  1.472e-19
       134  1.551e-19
       138  1.417e-19
       142  1.396e-19
       146  1.463e-19
       150   1.56e-19
       154  1.204e-19
       158  1.159e-19
       162  1.226e-19
       166  1.617e-19
       170  2.533e-19
       174  1.602e-19
       178   1.65e-19
     182.1  1.083e-19
     186.1  9.159e-20
     190.1  8.235e-20
     194.1  7.095e-20
     198.1  7.095e-20
     202.1  6.953e-20
     206.1  7.072e-20
     210.1  7.088e-20
     214.1  6.735e-20
     218.1  6.617e-20
     222.1  7.923e-20
     226.1  1.181e-19
     230.1  1.359e-19
     234.1  7.073e-20
     238.1  6.199e-20
     242.1  7.737e-20
     246.1  6.808e-20
     250.1  4.551e-20
     254.1  3.265e-20
     258.1  2.681e-20
     262.1  2.736e-20
     266.1  2.395e-20
     270.1  2.375e-20
     274.1  1.997e-20
     278.1  2.787e-20
     282.1  2.988e-20
     286.1  2.648e-20
     290.1  2.379e-20
     294.1  2.832e-20
     298.1  2.974e-20
     302.1  2.341e-20
     306.1  2.617e-20
     310.1  2.385e-20
     314.1  1.582e-20
     318.1  1.344e-20
     322.1  1.812e-20
     326.1  3.374e-20
     330.1  2.304e-20
     334.1  1.139e-20
     338.1  1.318e-20
     342.1  1.051e-20
     346.1  9.931e-21
     350.1  3.818e-21
