     2.001      20.89
     6.002      21.38
        10       21.7
        14      21.84
        18      22.14
     22.01      22.05
     26.01      22.38
     30.01      22.63
     34.01       22.7
     38.01      22.89
     42.01      22.91
     46.01      22.96
     50.01       23.1
     54.01      23.21
     58.02      23.52
     62.02      23.07
     66.02       23.3
     70.02      23.37
     74.02      23.49
     78.02       23.9
     82.02      23.91
     86.02      24.09
     90.02      24.17
     94.03      24.22
     98.03      24.29
       102      24.42
       106      24.52
       110       24.7
       114      24.77
       118       24.8
       122      24.76
       126      24.81
       130       25.1
       134      25.04
       138      25.14
       142      25.15
       146       25.1
       150      25.03
       154      25.31
       158      25.36
       162       25.3
       166      24.99
       170      24.51
       174         25
       178      24.97
     182.1      25.43
     186.1      25.61
     190.1      25.73
     194.1      25.89
     198.1      25.89
     202.1      25.91
     206.1      25.89
     210.1      25.89
     214.1      25.95
     218.1      25.96
     222.1      25.77
     226.1      25.34
     230.1      25.18
     234.1      25.89
     238.1      26.04
     242.1      25.79
     246.1      25.93
     250.1      26.37
     254.1      26.73
     258.1      26.95
     262.1      26.92
     266.1      27.07
     270.1      27.08
     274.1      27.26
     278.1       26.9
     282.1      26.83
     286.1      26.96
     290.1      27.08
     294.1      26.89
     298.1      26.83
     302.1      27.09
     306.1      26.97
     310.1      27.07
     314.1      27.52
     318.1       27.7
     322.1      27.37
     326.1       26.7
     330.1      27.11
     334.1      27.88
     338.1      27.72
     342.1      27.96
     346.1      28.02
     350.1      29.06
