     6.067  3.247e+08
     10.11  1.559e+08
     14.16  9.995e+07
      18.2   6.62e+07
     22.25  4.181e+07
     26.29  3.035e+07
     30.34  2.224e+07
     34.38  1.944e+07
     38.43  1.537e+07
     42.47   1.39e+07
     46.52  9.979e+06
     50.56  8.319e+06
     54.61  7.949e+06
     58.65  6.652e+06
      62.7  5.287e+06
     66.74  3.287e+06
     70.79  3.036e+06
     74.83  2.716e+06
     78.88  2.614e+06
     82.92  2.369e+06
     86.97  2.485e+06
     91.01  2.306e+06
     95.06  1.986e+06
      99.1  1.694e+06
     103.1  1.742e+06
     107.2  1.522e+06
     111.2   1.35e+06
     115.3  1.189e+06
     119.3  8.664e+05
     123.4  6.745e+05
     127.4  7.763e+05
     131.5  5.223e+05
     135.5  6.545e+05
     139.6  6.131e+05
     143.6  4.575e+05
     147.6  4.267e+05
     151.7  3.256e+05
     155.7  3.652e+05
     159.8   3.77e+05
     163.8  3.013e+05
     167.9  4.191e+05
     171.9  3.024e+05
       176  2.151e+05
       180  2.542e+05
       184  2.074e+05
     188.1  1.879e+05
     192.1  2.211e+05
     196.2  2.466e+05
     200.2  1.824e+05
     204.3  1.563e+05
     208.3  1.372e+05
     212.4  1.429e+05
     216.4  1.532e+05
     220.5  1.191e+05
     224.5  1.514e+05
     228.5  1.192e+05
     232.6  7.387e+04
     236.6  1.019e+05
     240.7  1.303e+05
     244.7  8.265e+04
     248.8  1.057e+05
     252.8  6.105e+04
     256.9  7.303e+04
     260.9  2.582e+04
     264.9  1.041e+04
       269  1.525e+04
       273  2.597e+04
     277.1       5325
     281.1       4927
     285.2       9721
     289.2       9077
     293.3       4518
     297.3          0
     301.4       4401
     305.4  1.309e+04
     309.4          0
     313.5       4182
     317.5       4141
     321.6          0
     325.6          0
     329.7          0
     333.7          0
     337.8       3956
     341.8          0
     345.8          0
     349.9          0
