     2.022  1.087e+10
     6.067  6.094e+10
     10.11   1.01e+11
     14.16   1.37e+11
      18.2  1.676e+11
     22.25  1.912e+11
     26.29  2.115e+11
     30.34  2.287e+11
     34.38  2.457e+11
     38.43  2.607e+11
     42.47  2.757e+11
     46.52  2.875e+11
     50.56  2.982e+11
     54.61  3.092e+11
     58.65  3.191e+11
      62.7  3.275e+11
     66.74  3.331e+11
     70.79  3.386e+11
     74.83  3.437e+11
     78.88   3.49e+11
     82.92   3.54e+11
     86.97  3.595e+11
     91.01  3.648e+11
     95.06  3.696e+11
      99.1  3.739e+11
     103.1  3.784e+11
     107.2  3.826e+11
     111.2  3.864e+11
     115.3  3.899e+11
     119.3  3.925e+11
     123.4  3.946e+11
     127.4  3.971e+11
     131.5  3.989e+11
     135.5  4.011e+11
     139.6  4.033e+11
     143.6   4.05e+11
     147.6  4.066e+11
     151.7  4.078e+11
     155.7  4.093e+11
     159.8  4.108e+11
     163.8  4.121e+11
     167.9  4.139e+11
     171.9  4.152e+11
       176  4.161e+11
       180  4.173e+11
       184  4.183e+11
     188.1  4.192e+11
     192.1  4.203e+11
     196.2  4.215e+11
     200.2  4.224e+11
     204.3  4.232e+11
     208.3   4.24e+11
     212.4  4.247e+11
     216.4  4.256e+11
     220.5  4.262e+11
     224.5  4.271e+11
     228.5  4.278e+11
     232.6  4.282e+11
     236.6  4.288e+11
     240.7  4.296e+11
     244.7  4.302e+11
     248.8  4.308e+11
     252.8  4.312e+11
     256.9  4.317e+11
     260.9  4.319e+11
     264.9  4.319e+11
       269   4.32e+11
       273  4.322e+11
     277.1  4.323e+11
     281.1  4.323e+11
     285.2  4.324e+11
     289.2  4.324e+11
     293.3  4.325e+11
     297.3  4.325e+11
     301.4  4.325e+11
     305.4  4.326e+11
     309.4  4.326e+11
     313.5  4.326e+11
     317.5  4.327e+11
     321.6  4.327e+11
     325.6  4.327e+11
     329.7  4.327e+11
     333.7  4.327e+11
     337.8  4.327e+11
     341.8  4.327e+11
     345.8  4.327e+11
     349.9  4.327e+11
