     2.022  1.175e-17
     6.067  3.331e-18
     10.11  2.279e-18
     14.16  1.191e-18
      18.2  8.822e-19
     22.25  6.562e-19
     26.29  4.257e-19
     30.34  3.963e-19
     34.38  6.383e-19
     38.43  3.034e-19
     42.47  1.756e-19
     46.52  1.194e-19
     50.56  1.078e-19
     54.61  9.682e-20
     58.65  8.829e-20
      62.7  6.763e-20
     66.74  4.283e-20
     70.79  4.609e-20
     74.83  4.776e-20
     78.88  4.157e-20
     82.92  3.881e-20
     86.97  4.031e-20
     91.01  3.379e-20
     95.06  2.977e-20
      99.1  2.518e-20
     103.1  2.705e-20
     107.2  2.117e-20
     111.2  2.057e-20
     115.3  1.533e-20
     119.3  1.584e-20
     123.4  1.163e-20
     127.4  1.252e-20
     131.5  9.571e-21
     135.5  1.045e-20
     139.6   9.37e-21
     143.6  6.578e-21
     147.6  4.367e-21
     151.7   5.18e-21
     155.7  5.816e-21
     159.8  6.176e-21
     163.8  4.865e-21
     167.9  5.458e-21
     171.9  3.606e-21
       176  3.512e-21
       180  3.292e-21
       184  2.655e-21
     188.1  3.117e-21
     192.1  3.382e-21
     196.2  3.554e-21
     200.2  2.621e-21
     204.3  2.662e-21
     208.3   2.19e-21
     212.4  2.863e-21
     216.4  1.903e-21
     220.5   2.21e-21
     224.5  2.063e-21
     228.5  1.432e-21
     232.6  1.308e-21
     236.6  1.463e-21
     240.7  1.397e-21
     244.7  1.796e-21
     248.8  9.119e-22
     252.8  1.342e-21
     256.9  6.845e-22
     260.9  5.386e-22
     264.9  1.417e-22
       269  5.225e-22
       273   5.24e-22
     277.1  1.671e-22
     281.1  3.778e-22
     285.2  4.075e-22
     289.2   2.84e-22
     293.3  2.307e-22
     297.3  2.652e-22
     301.4  7.336e-22
     305.4  2.059e-22
     309.4  4.203e-22
     313.5  3.862e-22
     317.5  9.458e-23
     321.6      1e-23
     325.6      1e-23
     329.7      1e-23
     333.7  4.314e-22
     337.8  5.515e-22
     341.8      1e-23
     345.8      1e-23
     349.9      1e-23
