     2.022      20.34
     6.067      21.71
     10.11      22.12
     14.16      22.83
      18.2      23.15
     22.25      23.47
     26.29      23.94
     30.34      24.02
     34.38       23.5
     38.43      24.31
     42.47       24.9
     46.52      25.32
     50.56      25.43
     54.61      25.55
     58.65      25.65
      62.7      25.94
     66.74      26.44
     70.79      26.36
     74.83      26.32
     78.88      26.47
     82.92      26.54
     86.97       26.5
     91.01      26.69
     95.06      26.83
      99.1      27.01
     103.1      26.94
     107.2       27.2
     111.2      27.23
     115.3      27.55
     119.3      27.52
     123.4      27.85
     127.4      27.77
     131.5      28.06
     135.5      27.97
     139.6      28.09
     143.6      28.47
     147.6      28.92
     151.7      28.73
     155.7       28.6
     159.8      28.54
     163.8       28.8
     167.9      28.67
     171.9      29.12
       176      29.15
       180      29.22
       184      29.46
     188.1      29.28
     192.1      29.19
     196.2      29.14
     200.2      29.47
     204.3      29.45
     208.3      29.67
     212.4      29.37
     216.4      29.82
     220.5      29.66
     224.5      29.73
     228.5      30.13
     232.6      30.22
     236.6       30.1
     240.7      30.15
     244.7      29.88
     248.8      30.62
     252.8       30.2
     256.9      30.93
     260.9      31.19
     264.9      32.64
       269      31.22
       273      31.22
     277.1      32.46
     281.1      31.57
     285.2      31.49
     289.2      31.88
     293.3      32.11
     297.3      31.96
     301.4      30.85
     305.4      32.23
     309.4      31.46
     313.5      31.55
     317.5      33.08
     321.6      35.52
     325.6      35.52
     329.7      35.52
     333.7      31.43
     337.8      31.16
     341.8      35.52
     345.8      35.52
     349.9      35.52
