%   log M200      log Mbcg (<50kpc 2D)
14.04702549575071  12.11056107995606
14.060623229461758 12.082984043475747
14.04702549575071  12.003418222813204
14.153541076487253 12.049132797594957
14.314447592067989 12.125355552986067
14.341643059490085 12.027344337168294
14.269121813031163 11.932585130369429
14.513881019830029 12.525994392091114
14.359773371104817 12.207921893970052
14.436827195467423 12.244509163438746
14.46628895184136  12.149554836098744
14.488951841359775 12.253593108631554
14.559206798866857 12.152438284095508
14.579603399433429 12.106480892640342
14.69745042492918  12.057275828178296
14.908215297450425 12.142586864774238
14.61586402266289  12.332942128692837
14.788101983002834 12.372408510146268
14.801699716713882 12.308096779788402
14.690651558073656 12.378717407642943
14.679320113314448 12.375677863213273
14.942209631728046 12.323134069491818
14.960339943342778 12.390446320171128
15.023796033994335 12.393386136324217
15.06685552407932  12.417793548014107
15.175637393767706 12.478809909232815
15.103116147308782 12.632009886107417
15.19830028328612  12.558358385847256
14.110481586402267 11.960439671619355
