14.17  0.650  11.48 
14.30  0.630  11.53 
14.72  0.142  11.75 
13.75  0.955  11.75 
14.44  0.154  11.52 
14.25  0.646  11.34 
14.56  0.689  11.29 
14.26  0.873  10.20 
14.19  0.874  11.37 
13.92  0.317  11.65 
13.94  0.381  11.10 
13.83  0.222  11.40 
14.23  0.729  11.30 
14.24  0.332  10.96 
14.51  0.258  11.67 
14.26  0.315  11.23 
14.41  0.839  11.68 
13.84  1.260  11.79 
14.00  0.332  11.15 
13.69  0.211  11.50 
13.86  0.185  11.52 
14.85  0.500  11.47 
14.04  0.300  11.31 
14.44  0.572  11.24 
14.04  0.327  11.43 
14.04  0.262  11.52 
14.41  0.204  11.74 
13.62  0.294  11.54 
14.18  0.267  11.60 
14.00  0.143  11.27 
14.02  0.771  11.52 
14.42  0.232  11.58 
14.04  0.305  11.18 
14.40  0.445  11.54 
14.22  0.346  11.67 
14.38  0.360  11.57 
14.03  0.309  11.58 
14.09  0.295  11.37 
14.57  0.297  11.53 
13.98  0.192  11.50 
14.37  0.433  10.46 
14.14  0.370  11.63 
14.41  0.590  11.34 
13.77  0.676  11.19 
14.02  0.262  11.57 
14.46  0.067  12.27 
14.44  0.375  11.58 
14.14  0.410  11.61 
14.24  0.470  11.60 
14.35  0.575  11.69 
14.50  0.435  11.67 
14.55  0.545  11.11 
14.33  0.505  11.42 
14.57  0.565  11.14 
15.05  0.475  11.84 
14.67  0.700  11.82 
13.91  0.325  11.15 
14.40  0.435  11.51 
14.44  0.724  11.57 
14.84  0.295  12.15 
15.12  0.297  11.77 
14.23  0.335  11.69 
14.75  0.373  11.99 
14.25  0.343  11.56
14.39  0.771  11.38 
13.86  0.124  11.22 
14.74  0.356  11.57 
13.53  0.343  11.62 
14.29  0.126  10.95 
14.25  0.373  11.69 
13.83  0.221  11.40 
13.98  0.221  11.33 
14.14  0.346  11.58 
14.37  0.438  11.45 
13.93  0.435  11.64 
14.32  0.120  11.58 
14.16  0.218  11.25 
14.96  0.838  11.57 
14.56  1.005  11.43 
14.79  0.890  11.62 
13.86  0.255  11.68 
14.21  0.176  11.67 
14.09  0.330  11.58 
14.42  0.185  11.48 
13.82  0.305  11.39 
14.21  0.360  11.74 
14.53  1.195  11.78 
14.53  0.780  11.60 
14.46  0.775  11.49 
14.22  0.365  11.57 
14.42  0.450  11.64 
14.63  0.870  11.60 
13.90  0.560  11.65 
14.23  0.505  11.57 
14.27  0.380  11.36 
14.52  0.375  11.67 
14.39  0.475  11.52 
14.37  0.200  11.80 
14.23  0.495  11.45 
14.27  0.555  11.26 
14.30  0.415  11.53 
14.30  0.650  11.61 
14.05  0.395  11.72 
14.08  0.420  11.60 
14.20  0.140  11.35 
