     6.068  2.483e+08
     10.11  1.156e+08
     14.16  7.325e+07
     18.21  5.881e+07
     22.25  4.368e+07
      26.3  3.333e+07
     30.34  2.571e+07
     34.39  2.214e+07
     38.43   1.77e+07
     42.48  1.561e+07
     46.52  1.326e+07
     50.57  1.203e+07
     54.62  1.049e+07
     58.66  9.856e+06
     62.71  7.494e+06
     66.75  6.147e+06
      70.8  5.199e+06
     74.84  5.231e+06
     78.89   4.98e+06
     82.94  3.383e+06
     86.98  3.138e+06
     91.03  2.724e+06
     95.07  2.583e+06
     99.12   2.63e+06
     103.2  2.384e+06
     107.2  1.793e+06
     111.3   2.17e+06
     115.3  1.877e+06
     119.3  1.451e+06
     123.4  1.669e+06
     127.4  1.615e+06
     131.5   1.42e+06
     135.5  1.239e+06
     139.6  9.388e+05
     143.6  9.627e+05
     147.7   8.72e+05
     151.7  7.552e+05
     155.8  7.278e+05
     159.8  6.676e+05
     163.8  6.633e+05
     167.9  5.503e+05
     171.9  5.063e+05
       176  5.402e+05
       180  5.797e+05
     184.1    4.7e+05
     188.1  5.259e+05
     192.2  4.252e+05
     196.2  2.666e+05
     200.3   3.68e+05
     204.3  3.801e+05
     208.4  2.724e+05
     212.4  3.403e+05
     216.4  2.601e+05
     220.5  1.641e+05
     224.5  2.552e+05
     228.6   2.06e+05
     232.6   1.88e+05
     236.7  2.497e+05
     240.7  2.182e+05
     244.8  2.562e+05
     248.8  1.351e+05
     252.9  1.811e+05
     256.9  1.666e+05
     260.9  1.583e+05
       265  1.419e+05
       269  1.171e+05
     273.1  8.595e+04
     277.1  6.089e+04
     281.2   4.29e+04
     285.2  5.485e+04
     289.3  3.448e+04
     293.3  2.815e+04
     297.4  1.388e+04
     301.4  5.414e+04
     305.4  4.473e+04
     309.5  3.563e+04
     313.5  1.721e+04
     317.6  2.242e+04
     321.6  1.312e+04
     325.7       8497
     329.7       4170
     333.8          0
     337.8  1.226e+04
     341.9       3872
     345.9          0
     349.9          0
