     2.023  7.804e+09
     6.068  4.611e+10
     10.11  7.584e+10
     14.16  1.022e+11
     18.21  1.294e+11
     22.25  1.541e+11
      26.3  1.764e+11
     30.34  1.962e+11
     34.39  2.156e+11
     38.43  2.329e+11
     42.48  2.497e+11
     46.52  2.654e+11
     50.57  2.809e+11
     54.62  2.954e+11
     58.66  3.101e+11
     62.71  3.221e+11
     66.75  3.325e+11
      70.8  3.419e+11
     74.84  3.518e+11
     78.89  3.618e+11
     82.94  3.689e+11
     86.98  3.759e+11
     91.03  3.822e+11
     95.07  3.884e+11
     99.12  3.951e+11
     103.2  4.013e+11
     107.2  4.062e+11
     111.3  4.123e+11
     115.3  4.178e+11
     119.3  4.222e+11
     123.4  4.275e+11
     127.4  4.327e+11
     131.5  4.374e+11
     135.5  4.417e+11
     139.6   4.45e+11
     143.6  4.486e+11
     147.7  4.518e+11
     151.7  4.547e+11
     155.8  4.576e+11
     159.8  4.603e+11
     163.8  4.631e+11
     167.9  4.654e+11
     171.9  4.677e+11
       176  4.701e+11
       180  4.727e+11
     184.1  4.749e+11
     188.1  4.774e+11
     192.2  4.795e+11
     196.2  4.808e+11
     200.3  4.827e+11
     204.3  4.847e+11
     208.4  4.861e+11
     212.4   4.88e+11
     216.4  4.894e+11
     220.5  4.903e+11
     224.5  4.918e+11
     228.6   4.93e+11
     232.6  4.941e+11
     236.7  4.956e+11
     240.7  4.969e+11
     244.8  4.985e+11
     248.8  4.994e+11
     252.9  5.005e+11
     256.9  5.016e+11
     260.9  5.027e+11
       265  5.036e+11
       269  5.044e+11
     273.1   5.05e+11
     277.1  5.055e+11
     281.2  5.058e+11
     285.2  5.062e+11
     289.3  5.064e+11
     293.3  5.066e+11
     297.4  5.067e+11
     301.4  5.071e+11
     305.4  5.075e+11
     309.5  5.078e+11
     313.5  5.079e+11
     317.6  5.081e+11
     321.6  5.082e+11
     325.7  5.083e+11
     329.7  5.083e+11
     333.8  5.083e+11
     337.8  5.084e+11
     341.9  5.084e+11
     345.9  5.084e+11
     349.9  5.084e+11
