     2.023  5.072e-18
     6.068  2.447e-18
     10.11  1.159e-18
     14.16  8.813e-19
     18.21   6.69e-19
     22.25  4.916e-19
      26.3  3.865e-19
     30.34    3.2e-19
     34.39  2.562e-19
     38.43  2.207e-19
     42.48  1.992e-19
     46.52  1.758e-19
     50.57  1.492e-19
     54.62  1.465e-19
     58.66  1.189e-19
     62.71  9.922e-20
     66.75   8.05e-20
      70.8  7.009e-20
     74.84  6.756e-20
     78.89  6.188e-20
     82.94  4.814e-20
     86.98  4.372e-20
     91.03  3.694e-20
     95.07  3.711e-20
     99.12  3.491e-20
     103.2  2.938e-20
     107.2  2.966e-20
     111.3  2.716e-20
     115.3  2.325e-20
     119.3  2.202e-20
     123.4   2.31e-20
     127.4  2.239e-20
     131.5  1.905e-20
     135.5  1.537e-20
     139.6  1.307e-20
     143.6   1.28e-20
     147.7   1.17e-20
     151.7  1.199e-20
     155.8  9.955e-21
     159.8  9.916e-21
     163.8  8.279e-21
     167.9  7.351e-21
     171.9  7.007e-21
       176   8.45e-21
       180  7.693e-21
     184.1  6.797e-21
     188.1  6.941e-21
     192.2  4.653e-21
     196.2  5.172e-21
     200.3   7.29e-21
     204.3  5.816e-21
     208.4   6.38e-21
     212.4  6.365e-21
     216.4  4.454e-21
     220.5  3.035e-21
     224.5  3.567e-21
     228.6  7.267e-21
     232.6   3.44e-21
     236.7  3.313e-21
     240.7  4.216e-21
     244.8  2.894e-21
     248.8  2.815e-21
     252.9  2.903e-21
     256.9  3.528e-21
     260.9  3.445e-21
       265  3.703e-21
       269  2.675e-21
     273.1  2.738e-21
     277.1  2.282e-21
     281.2  2.025e-21
     285.2  2.358e-21
     289.3  1.439e-21
     293.3  1.419e-21
     297.4  1.958e-21
     301.4  3.329e-21
     305.4  2.914e-21
     309.5  2.187e-21
     313.5  1.424e-21
     317.6  2.358e-21
     321.6   2.02e-21
     325.7  3.875e-22
     329.7  2.796e-22
     333.8  1.171e-21
     337.8  2.911e-21
     341.9   5.79e-22
     345.9      1e-23
     349.9      1e-23
