     2.023      21.25
     6.068      22.04
     10.11      22.86
     14.16      23.15
     18.21      23.45
     22.25      23.79
      26.3      24.05
     30.34      24.25
     34.39      24.49
     38.43      24.66
     42.48      24.77
     46.52       24.9
     50.57      25.08
     54.62       25.1
     58.66      25.33
     62.71      25.52
     66.75      25.75
      70.8       25.9
     74.84      25.94
     78.89      26.04
     82.94      26.31
     86.98      26.41
     91.03       26.6
     95.07      26.59
     99.12      26.66
     103.2      26.85
     107.2      26.84
     111.3      26.93
     115.3       27.1
     119.3      27.16
     123.4      27.11
     127.4      27.14
     131.5      27.32
     135.5      27.55
     139.6      27.73
     143.6      27.75
     147.7      27.85
     151.7      27.82
     155.8      28.02
     159.8      28.03
     163.8      28.22
     167.9      28.35
     171.9       28.4
       176       28.2
       180       28.3
     184.1      28.44
     188.1      28.41
     192.2      28.85
     196.2      28.73
     200.3      28.36
     204.3       28.6
     208.4       28.5
     212.4      28.51
     216.4      28.89
     220.5      29.31
     224.5      29.14
     228.6      28.36
     232.6      29.17
     236.7      29.22
     240.7      28.95
     244.8      29.36
     248.8      29.39
     252.9      29.36
     256.9      29.15
     260.9      29.17
       265      29.09
       269      29.45
     273.1      29.42
     277.1      29.62
     281.2      29.75
     285.2      29.58
     289.3      30.12
     293.3      30.14
     297.4      29.79
     301.4      29.21
     305.4      29.35
     309.5      29.67
     313.5      30.13
     317.6      29.58
     321.6      29.75
     325.7      31.55
     329.7       31.9
     333.8      30.34
     337.8      29.36
     341.9      31.11
     345.9      35.52
     349.9      35.52
