     6.002  5.415e+08
        10  1.789e+08
        14  1.061e+08
     18.01  8.217e+07
     22.01  7.087e+07
     26.01  6.753e+07
     30.01  6.587e+07
     34.01  5.047e+07
     38.01  3.727e+07
     42.01  2.589e+07
     46.02  2.113e+07
     50.02  1.886e+07
     54.02  1.736e+07
     58.02  1.643e+07
     62.02  1.299e+07
     66.02  1.087e+07
     70.02  1.093e+07
     74.03  9.539e+06
     78.03  1.288e+07
     82.03  1.287e+07
     86.03  8.293e+06
     90.03  8.878e+06
     94.03  6.524e+06
     98.03  4.922e+06
       102  3.693e+06
       106   3.36e+06
       110  3.057e+06
       114   2.74e+06
       118  3.721e+06
       122   2.16e+06
       126  2.221e+06
       130  1.978e+06
       134  2.169e+06
       138  2.316e+06
     142.1  1.772e+06
     146.1  1.594e+06
     150.1  1.314e+06
     154.1  1.453e+06
     158.1  1.293e+06
     162.1   1.27e+06
     166.1  1.339e+06
     170.1  1.942e+06
     174.1  2.444e+06
     178.1  1.756e+06
     182.1  8.879e+05
     186.1  7.368e+05
     190.1  8.306e+05
     194.1  6.316e+05
     198.1  6.249e+05
     202.1  5.503e+05
     206.1   9.09e+05
     210.1  1.159e+06
     214.1  8.026e+05
     218.1  7.106e+05
     222.1  7.335e+05
     226.1   4.95e+05
     230.1  3.821e+05
     234.1  4.649e+05
     238.1  4.341e+05
     242.1  3.845e+05
     246.1  3.115e+05
     250.1  3.519e+05
     254.1  2.322e+05
     258.1  2.171e+05
     262.1  2.212e+05
     266.1  3.191e+05
     270.1  3.205e+05
     274.1  4.782e+05
     278.1  4.701e+05
     282.1  1.938e+05
     286.1   1.09e+05
     290.1  1.164e+05
     294.1  2.231e+05
     298.1  3.569e+04
     302.1  3.102e+04
     306.1  3.401e+04
     310.1  2.982e+04
     314.1  3.982e+04
     318.1  2.934e+04
     322.1       4549
     326.1  1.848e+04
     330.1  1.773e+04
     334.1  1.389e+04
     338.1          0
     342.1       8788
     346.1          0
     350.1          0
