     2.001  5.032e+10
     6.002   1.32e+11
        10   1.77e+11
        14  2.144e+11
     18.01  2.516e+11
     22.01  2.908e+11
     26.01   3.35e+11
     30.01  3.847e+11
     34.01  4.278e+11
     38.01  4.635e+11
     42.01  4.908e+11
     46.02  5.153e+11
     50.02   5.39e+11
     54.02  5.625e+11
     58.02  5.865e+11
     62.02  6.068e+11
     66.02  6.248e+11
     70.02  6.441e+11
     74.03  6.618e+11
     78.03  6.871e+11
     82.03  7.136e+11
     86.03  7.316e+11
     90.03  7.516e+11
     94.03  7.671e+11
     98.03  7.792e+11
       102  7.887e+11
       106  7.976e+11
       110  8.061e+11
       114  8.139e+11
       118   8.25e+11
       122  8.316e+11
       126  8.387e+11
       130  8.451e+11
       134  8.524e+11
       138  8.605e+11
     142.1  8.668e+11
     146.1  8.727e+11
     150.1  8.776e+11
     154.1  8.832e+11
     158.1  8.884e+11
     162.1  8.936e+11
     166.1  8.991e+11
     170.1  9.074e+11
     174.1  9.181e+11
     178.1   9.26e+11
     182.1  9.301e+11
     186.1  9.335e+11
     190.1  9.375e+11
     194.1  9.406e+11
     198.1  9.437e+11
     202.1  9.465e+11
     206.1  9.512e+11
     210.1  9.573e+11
     214.1  9.616e+11
     218.1  9.655e+11
     222.1  9.696e+11
     226.1  9.724e+11
     230.1  9.746e+11
     234.1  9.774e+11
     238.1    9.8e+11
     242.1  9.823e+11
     246.1  9.842e+11
     250.1  9.865e+11
     254.1  9.879e+11
     258.1  9.893e+11
     262.1  9.908e+11
     266.1  9.929e+11
     270.1  9.951e+11
     274.1  9.984e+11
     278.1  1.002e+12
     282.1  1.003e+12
     286.1  1.004e+12
     290.1  1.005e+12
     294.1  1.006e+12
     298.1  1.007e+12
     302.1  1.007e+12
     306.1  1.007e+12
     310.1  1.007e+12
     314.1  1.008e+12
     318.1  1.008e+12
     322.1  1.008e+12
     326.1  1.008e+12
     330.1  1.008e+12
     334.1  1.008e+12
     338.1  1.008e+12
     342.1  1.008e+12
     346.1  1.008e+12
     350.1  1.008e+12
