     2.001  8.077e-17
     6.002   2.04e-17
        10  1.305e-17
        14   8.67e-18
     18.01  8.155e-18
     22.01  7.688e-18
     26.01  1.066e-17
     30.01  8.279e-18
     34.01  5.791e-18
     38.01  3.824e-18
     42.01  2.452e-18
     46.02  2.535e-18
     50.02  2.821e-18
     54.02  3.365e-18
     58.02  1.818e-18
     62.02  1.391e-18
     66.02   1.09e-18
     70.02  1.039e-18
     74.03  9.815e-19
     78.03  1.245e-18
     82.03  9.113e-19
     86.03  1.154e-18
     90.03  1.182e-18
     94.03  6.037e-19
     98.03  4.927e-19
       102   3.57e-19
       106  3.685e-19
       110  3.478e-19
       114   3.31e-19
       118  4.042e-19
       122  2.341e-19
       126  2.123e-19
       130  2.734e-19
       134  3.014e-19
       138  2.308e-19
     142.1  1.875e-19
     146.1  1.487e-19
     150.1  1.569e-19
     154.1  1.401e-19
     158.1  1.349e-19
     162.1  1.311e-19
     166.1  1.445e-19
     170.1  2.117e-19
     174.1  2.153e-19
     178.1  1.252e-19
     182.1  7.891e-20
     186.1  7.201e-20
     190.1  7.867e-20
     194.1  5.586e-20
     198.1  6.533e-20
     202.1  7.587e-20
     206.1  8.995e-20
     210.1  9.726e-20
     214.1  6.993e-20
     218.1  5.849e-20
     222.1  6.317e-20
     226.1  4.709e-20
     230.1  4.665e-20
     234.1  5.074e-20
     238.1  5.911e-20
     242.1  4.281e-20
     246.1  4.075e-20
     250.1  3.376e-20
     254.1  3.547e-20
     258.1   7.79e-20
     262.1  1.938e-19
     266.1  2.079e-19
     270.1  1.155e-19
     274.1  1.322e-19
     278.1  6.778e-20
     282.1  4.254e-20
     286.1   2.18e-20
     290.1  5.785e-20
     294.1  2.463e-20
     298.1  1.508e-20
     302.1   1.04e-20
     306.1   1.39e-20
     310.1  2.499e-20
     314.1  2.125e-20
     318.1   1.02e-20
     322.1  7.598e-21
     326.1  1.679e-20
     330.1  7.559e-21
     334.1  8.023e-21
     338.1  1.053e-20
     342.1  1.441e-20
     346.1      1e-23
     350.1      1e-23
