     2.001      18.25
     6.002      19.74
        10      20.23
        14      20.67
     18.01      20.74
     22.01       20.8
     26.01      20.45
     30.01      20.72
     34.01      21.11
     38.01      21.56
     42.01      22.04
     46.02      22.01
     50.02      21.89
     54.02       21.7
     58.02      22.37
     62.02      22.66
     66.02      22.92
     70.02      22.97
     74.03      23.04
     78.03      22.78
     82.03      23.12
     86.03      22.86
     90.03      22.83
     94.03      23.56
     98.03      23.78
       102      24.13
       106       24.1
       110      24.16
       114      24.22
       118         24
       122      24.59
       126       24.7
       130      24.42
       134      24.32
       138      24.61
     142.1      24.83
     146.1      25.09
     150.1      25.03
     154.1      25.15
     158.1      25.19
     162.1      25.22
     166.1      25.12
     170.1       24.7
     174.1      24.68
     178.1      25.27
     182.1      25.77
     186.1      25.87
     190.1      25.78
     194.1      26.15
     198.1      25.98
     202.1      25.82
     206.1      25.63
     210.1      25.55
     214.1       25.9
     218.1       26.1
     222.1      26.01
     226.1      26.33
     230.1      26.34
     234.1      26.25
     238.1      26.09
     242.1      26.44
     246.1      26.49
     250.1       26.7
     254.1      26.64
     258.1      25.79
     262.1       24.8
     266.1      24.72
     270.1      25.36
     274.1      25.21
     278.1      25.94
     282.1      26.44
     286.1      27.17
     290.1      26.11
     294.1      27.04
     298.1      27.57
     302.1      27.97
     306.1      27.66
     310.1      27.02
     314.1       27.2
     318.1      27.99
     322.1      28.31
     326.1      27.45
     330.1      28.32
     334.1      28.26
     338.1      27.96
     342.1      27.62
     346.1      35.52
     350.1      35.52
