     6.002  5.771e+08
        10  2.492e+08
     14.01  1.709e+08
     18.01  1.198e+08
     22.01  1.079e+08
     26.01  1.082e+08
     30.01  7.676e+07
     34.01   6.44e+07
     38.02  6.144e+07
     42.02   4.95e+07
     46.02  4.173e+07
     50.02  3.582e+07
     54.02  3.326e+07
     58.02  2.944e+07
     62.02  2.417e+07
     66.03  2.063e+07
     70.03   1.95e+07
     74.03  1.937e+07
     78.03  1.723e+07
     82.03  1.392e+07
     86.03  1.253e+07
     90.04  1.068e+07
     94.04  9.208e+06
     98.04  8.953e+06
       102   9.46e+06
       106  7.965e+06
       110   6.87e+06
       114  6.719e+06
       118  5.758e+06
       122  4.786e+06
       126  4.687e+06
     130.1  5.306e+06
     134.1  5.519e+06
     138.1  5.473e+06
     142.1  4.352e+06
     146.1  3.436e+06
     150.1  3.212e+06
     154.1  2.906e+06
     158.1  2.696e+06
     162.1  2.427e+06
     166.1   2.54e+06
     170.1  2.771e+06
     174.1  3.123e+06
     178.1  2.776e+06
     182.1  2.426e+06
     186.1  1.684e+06
     190.1  1.583e+06
     194.1  1.712e+06
     198.1  1.635e+06
     202.1  1.509e+06
     206.1  1.459e+06
     210.1  1.189e+06
     214.1  1.138e+06
     218.1  1.156e+06
     222.1  9.928e+05
     226.1  8.627e+05
     230.1  1.131e+06
     234.1  9.876e+05
     238.1  7.317e+05
     242.1  7.683e+05
     246.1  5.959e+05
     250.1  5.129e+05
     254.1  5.091e+05
     258.1  3.035e+05
     262.1  2.806e+05
     266.1  2.539e+05
     270.1   2.04e+05
     274.1  1.487e+05
     278.1  9.786e+04
     282.1  7.704e+04
     286.1  7.174e+04
     290.1  1.233e+05
     294.1  5.289e+04
     298.1  6.344e+04
     302.1  6.253e+04
     306.1   6.19e+04
     310.1  6.724e+04
     314.1   4.08e+04
     318.1  4.735e+04
     322.1  3.745e+04
     326.1  3.657e+04
     330.1  5.387e+04
     334.1  1.718e+04
     338.1  3.978e+04
     342.1   1.92e+04
     346.1  1.464e+05
     350.1   2.41e+04
