     2.001  3.634e+10
     6.002  1.234e+11
        10  1.861e+11
     14.01  2.463e+11
     18.01  3.006e+11
     22.01  3.603e+11
     26.01   4.31e+11
     30.01   4.89e+11
     34.01   5.44e+11
     38.02  6.028e+11
     42.02   6.55e+11
     46.02  7.033e+11
     50.02  7.484e+11
     54.02  7.935e+11
     58.02  8.365e+11
     62.02  8.742e+11
     66.03  9.084e+11
     70.03  9.428e+11
     74.03  9.788e+11
     78.03  1.013e+12
     82.03  1.041e+12
     86.03  1.068e+12
     90.04  1.093e+12
     94.04  1.114e+12
     98.04  1.136e+12
       102  1.161e+12
       106  1.182e+12
       110  1.201e+12
       114   1.22e+12
       118  1.237e+12
       122  1.252e+12
       126  1.267e+12
     130.1  1.284e+12
     134.1  1.303e+12
     138.1  1.322e+12
     142.1  1.337e+12
     146.1   1.35e+12
     150.1  1.362e+12
     154.1  1.373e+12
     158.1  1.384e+12
     162.1  1.394e+12
     166.1  1.405e+12
     170.1  1.416e+12
     174.1   1.43e+12
     178.1  1.443e+12
     182.1  1.454e+12
     186.1  1.461e+12
     190.1  1.469e+12
     194.1  1.477e+12
     198.1  1.486e+12
     202.1  1.493e+12
     206.1  1.501e+12
     210.1  1.507e+12
     214.1  1.513e+12
     218.1   1.52e+12
     222.1  1.525e+12
     226.1   1.53e+12
     230.1  1.537e+12
     234.1  1.542e+12
     238.1  1.547e+12
     242.1  1.551e+12
     246.1  1.555e+12
     250.1  1.558e+12
     254.1  1.562e+12
     258.1  1.564e+12
     262.1  1.565e+12
     266.1  1.567e+12
     270.1  1.568e+12
     274.1  1.569e+12
     278.1   1.57e+12
     282.1  1.571e+12
     286.1  1.571e+12
     290.1  1.572e+12
     294.1  1.573e+12
     298.1  1.573e+12
     302.1  1.573e+12
     306.1  1.574e+12
     310.1  1.574e+12
     314.1  1.575e+12
     318.1  1.575e+12
     322.1  1.575e+12
     326.1  1.576e+12
     330.1  1.576e+12
     334.1  1.576e+12
     338.1  1.577e+12
     342.1  1.577e+12
     346.1  1.578e+12
     350.1  1.578e+12
