     2.001  5.595e-16
     6.002  1.517e-17
        10  9.963e-18
     14.01  7.952e-18
     18.01  8.782e-18
     22.01  5.574e-18
     26.01  5.381e-18
     30.01  3.374e-18
     34.01  2.879e-18
     38.02   2.52e-18
     42.02  2.067e-18
     46.02  1.855e-18
     50.02  1.574e-18
     54.02  1.449e-18
     58.02  1.162e-18
     62.02  9.865e-19
     66.03  8.616e-19
     70.03  7.836e-19
     74.03  7.768e-19
     78.03  6.669e-19
     82.03  5.733e-19
     86.03  5.542e-19
     90.04  4.319e-19
     94.04  4.118e-19
     98.04  4.679e-19
       102  4.203e-19
       106  4.626e-19
       110  2.919e-19
       114  2.729e-19
       118   2.11e-19
       122  1.981e-19
       126  2.012e-19
     130.1  2.091e-19
     134.1  2.018e-19
     138.1  1.925e-19
     142.1  1.637e-19
     146.1  1.331e-19
     150.1   1.28e-19
     154.1  1.195e-19
     158.1  1.265e-19
     162.1  1.012e-19
     166.1  1.029e-19
     170.1  1.086e-19
     174.1  1.033e-19
     178.1  1.003e-19
     182.1   7.98e-20
     186.1  6.469e-20
     190.1  6.059e-20
     194.1  6.896e-20
     198.1   6.46e-20
     202.1   5.28e-20
     206.1   5.22e-20
     210.1   4.63e-20
     214.1  4.433e-20
     218.1  4.296e-20
     222.1  4.067e-20
     226.1  4.047e-20
     230.1  4.426e-20
     234.1  3.475e-20
     238.1  3.605e-20
     242.1  2.234e-20
     246.1  2.884e-20
     250.1  2.798e-20
     254.1  2.604e-20
     258.1  2.057e-20
     262.1   1.72e-20
     266.1  1.426e-20
     270.1  1.667e-20
     274.1  1.107e-20
     278.1   8.76e-21
     282.1  8.715e-21
     286.1  1.299e-20
     290.1  1.201e-20
     294.1  6.199e-21
     298.1  1.196e-20
     302.1  7.484e-21
     306.1  1.198e-20
     310.1  1.012e-20
     314.1  1.098e-20
     318.1  2.763e-20
     322.1  2.504e-20
     326.1   4.82e-20
     330.1    1.7e-20
     334.1  1.441e-20
     338.1  2.185e-20
     342.1  5.655e-20
     346.1  1.587e-19
     350.1  8.646e-22
