     2.001      16.15
     6.002      20.06
        10      20.52
     14.01      20.76
     18.01      20.66
     22.01      21.15
     26.01      21.19
     30.01       21.7
     34.01      21.87
     38.02      22.01
     42.02      22.23
     46.02      22.35
     50.02      22.52
     54.02      22.61
     58.02      22.85
     62.02      23.03
     66.03      23.18
     70.03      23.28
     74.03      23.29
     78.03      23.46
     82.03      23.62
     86.03      23.66
     90.04      23.93
     94.04      23.98
     98.04      23.84
       102      23.96
       106      23.85
       110      24.35
       114      24.43
       118      24.71
       122      24.77
       126      24.76
     130.1      24.72
     134.1      24.75
     138.1       24.8
     142.1      24.98
     146.1      25.21
     150.1      25.25
     154.1      25.32
     158.1      25.26
     162.1       25.5
     166.1      25.49
     170.1      25.43
     174.1      25.48
     178.1      25.51
     182.1      25.76
     186.1      25.99
     190.1      26.06
     194.1      25.92
     198.1      25.99
     202.1      26.21
     206.1      26.22
     210.1      26.35
     214.1       26.4
     218.1      26.43
     222.1      26.49
     226.1       26.5
     230.1       26.4
     234.1      26.66
     238.1      26.62
     242.1      27.14
     246.1      26.87
     250.1       26.9
     254.1      26.98
     258.1      27.23
     262.1      27.43
     266.1      27.63
     270.1      27.46
     274.1      27.91
     278.1      28.16
     282.1      28.17
     286.1      27.73
     290.1      27.82
     294.1      28.54
     298.1      27.82
     302.1      28.33
     306.1      27.82
     310.1         28
     314.1      27.91
     318.1      26.91
     322.1      27.02
     326.1      26.31
     330.1      27.44
     334.1      27.62
     338.1      27.17
     342.1      26.14
     346.1      25.01
     350.1      30.67
