     2.001      13.06
     6.002      20.44
        10      20.68
        14      20.76
        18      21.22
     22.01      21.25
     26.01       21.4
     30.01      21.61
     34.01      21.65
     38.01      21.89
     42.01      22.04
     46.01      22.17
     50.01      22.34
     54.01      22.45
     58.02       22.6
     62.02      22.64
     66.02      22.88
     70.02         23
     74.02      23.03
     78.02      23.26
     82.02      23.37
     86.02      23.42
     90.02      23.49
     94.03      23.57
     98.03      23.72
       102      23.76
       106      23.74
       110       23.6
       114      23.89
       118         24
       122      24.11
       126       24.2
       130      24.22
       134      24.27
       138      24.31
       142      24.33
       146      24.44
       150      24.55
       154      24.73
       158      24.61
       162      24.78
       166      24.79
       170      24.56
       174      24.73
       178      24.87
     182.1      24.89
     186.1       24.9
     190.1      24.79
     194.1      24.25
     198.1      25.14
     202.1      25.38
     206.1      25.39
     210.1      25.52
     214.1      25.27
     218.1      25.14
     222.1      25.39
     226.1      25.17
     230.1       25.4
     234.1      25.89
     238.1      25.79
     242.1      25.73
     246.1      25.88
     250.1      25.86
     254.1      25.93
     258.1      26.07
     262.1       26.1
     266.1      26.08
     270.1      26.13
     274.1      26.27
     278.1      26.19
     282.1      25.82
     286.1      26.02
     290.1      26.16
     294.1      26.27
     298.1      26.04
     302.1      26.16
     306.1      26.35
     310.1      26.29
     314.1      26.48
     318.1       26.4
     322.1      26.25
     326.1      26.67
     330.1         26
     334.1      26.17
     338.1      26.11
     342.1      25.65
     346.1      26.96
     350.1      27.57
